0.0 0.0 0.7071067689595344 0.0 -0.00013149755733910944 0.0 0.0 0.0 0.0 0.0 0.0 -0.7071067689595344 0.0 0.0 0.0 0.0 0.0 0.0 0.00013149755733910944 0.0 0.0
0.0 0.0 0.7071067687317062 0.0 -0.00013271701275647103 0.0 0.0 0.0 0.0 0.0 0.0 -0.7071067687317062 0.0 0.0 0.0 0.0 0.0 0.0 0.00013271701275647103 0.0 0.0
0.0 0.0 -0.7071020788027691 0.0 0.0025787890186102255 0.0 0.0 0.0 0.0 0.0 0.0 0.7071020788027691 0.0 0.0 0.0 0.0 0.0 0.0 -0.0025787890186102255 0.0 0.0
0.0 0.0 -0.7070977052738712 0.0 0.00358262423730914 0.0 0.0 0.0 0.0 0.0 0.0 0.7070977052738712 0.0 0.0 0.0 0.0 0.0 0.0 -0.00358262423730914 0.0 0.0
0.0 0.0 -0.7070539854462463 0.0 0.008640698153463019 0.0 0.0 0.0 0.0 0.0 0.0 0.7070539854462463 0.0 0.0 0.0 0.0 0.0 0.0 -0.008640698153463019 0.0 0.0
0.0 0.0 -0.7070308364729433 0.0 0.010363217471904437 0.0 0.0 0.0 0.0 0.0 0.0 0.7070308364729433 0.0 0.0 0.0 0.0 0.0 0.0 -0.010363217471904437 0.0 0.0
0.0 0.0 0.7061008274504096 0.0 -0.0377043959485736 0.0 0.0 0.0 0.0 0.0 0.0 -0.7061008274504096 0.0 0.0 0.0 0.0 0.0 0.0 0.0377043959485736 0.0 0.0
0.0 0.0 0.7061270380638236 0.0 -0.037210295822681996 0.0 0.0 0.0 0.0 0.0 0.0 -0.7061270380638236 0.0 0.0 0.0 0.0 0.0 0.0 0.037210295822681996 0.0 0.0
0.0 0.0 0.7064914907706549 0.0 -0.029491922091611673 0.0 0.0 0.0 0.0 0.0 0.0 -0.7064914907706549 0.0 0.0 0.0 0.0 0.0 0.0 0.029491922091611673 0.0 0.0
0.0 0.0 -0.7071013386281809 0.0 0.0027743305921522775 0.0 0.0 0.0 0.0 0.0 0.0 0.7071013386281809 0.0 0.0 0.0 0.0 0.0 0.0 -0.0027743305921522775 0.0 0.0
0.0 0.0 0.7061189725285636 0.0 -0.03736303835618347 0.0 0.0 0.0 0.0 0.0 0.0 -0.7061189725285636 0.0 0.0 0.0 0.0 0.0 0.0 0.03736303835618347 0.0 0.0
0.0 0.0 -0.7067985931083248 0.0 0.02087459652526829 0.0 0.0 0.0 0.0 0.0 0.0 0.7067985931083248 0.0 0.0 0.0 0.0 0.0 0.0 -0.02087459652526829 0.0 0.0
0.0 0.0 0.7036313088060819 0.0 -0.07002129153221999 0.0 0.0 0.0 0.0 0.0 0.0 -0.7036313088060819 0.0 0.0 0.0 0.0 0.0 0.0 0.07002129153221999 0.0 0.0
0.0 0.0 -0.6888596210649086 0.0 0.15960082226075906 0.0 0.0 0.0 0.0 0.0 0.0 0.6888596210649086 0.0 0.0 0.0 0.0 0.0 0.0 -0.15960082226075906 0.0 0.0
0.0 0.0 0.6885615468188171 0.0 -0.1608819326166797 0.0 0.0 0.0 0.0 0.0 0.0 -0.6885615468188171 0.0 0.0 0.0 0.0 0.0 0.0 0.1608819326166797 0.0 0.0
0.0 0.0 0.6886151987491835 0.0 -0.16065213366657352 0.0 0.0 0.0 0.0 0.0 0.0 -0.6886151987491835 0.0 0.0 0.0 0.0 0.0 0.0 0.16065213366657352 0.0 0.0
0.0 0.0 0.6885424715498355 0.0 -0.16096355137745916 0.0 0.0 0.0 0.0 0.0 0.0 -0.6885424715498355 0.0 0.0 0.0 0.0 0.0 0.0 0.16096355137745916 0.0 0.0
0.0 0.0 0.6885386971604536 0.0 -0.16097969596376188 0.0 0.0 0.0 0.0 0.0 0.0 -0.6885386971604536 0.0 0.0 0.0 0.0 0.0 0.0 0.16097969596376188 0.0 0.0
0.0 0.0 0.7029894618824876 0.0 -0.07619590856581886 0.0 0.0 0.0 0.0 0.0 0.0 -0.7029894618824876 0.0 0.0 0.0 0.0 0.0 0.0 0.07619590856581886 0.0 0.0
0.0 0.0 0.6692686448008871 0.0 -0.22820929228754896 0.0 0.0 0.0 0.0 0.0 0.0 -0.6692686448008871 0.0 0.0 0.0 0.0 0.0 0.0 0.22820929228754896 0.0 0.0
0.0 0.0 0.6982289432694646 0.0 -0.11169755046914308 0.0 0.0 0.0 0.0 0.0 0.0 -0.6982289432694646 0.0 0.0 0.0 0.0 0.0 0.0 0.11169755046914308 0.0 0.0
0.0 0.0 0.6887444836708253 0.0 -0.1600969587875055 0.0 0.0 0.0 0.0 0.0 0.0 -0.6887444836708253 0.0 0.0 0.0 0.0 0.0 0.0 0.1600969587875055 0.0 0.0
0.0 0.0 0.6887822132045602 0.0 -0.1599345577823244 0.0 0.0 0.0 0.0 0.0 0.0 -0.6887822132045602 0.0 0.0 0.0 0.0 0.0 0.0 0.1599345577823244 0.0 0.0
0.0 0.0 -0.6692747930473945 0.0 0.22819126054993288 0.0 0.0 0.0 0.0 0.0 0.0 0.6692747930473945 0.0 0.0 0.0 0.0 0.0 0.0 -0.22819126054993288 0.0 0.0
0.0 0.0 -0.688732630756799 0.0 0.16014794201243687 0.0 0.0 0.0 0.0 0.0 0.0 0.688732630756799 0.0 0.0 0.0 0.0 0.0 0.0 -0.16014794201243687 0.0 0.0
0.0 0.0 -0.6982281355304327 0.0 0.11170259958342782 0.0 0.0 0.0 0.0 0.0 0.0 0.6982281355304327 0.0 0.0 0.0 0.0 0.0 0.0 -0.11170259958342782 0.0 0.0
0.0 0.0 0.6885088187890617 0.0 -0.1611074375989235 0.0 0.0 0.0 0.0 0.0 0.0 -0.6885088187890617 0.0 0.0 0.0 0.0 0.0 0.0 0.1611074375989235 0.0 0.0
0.0 0.0 0.70526152166473 0.0 -0.0510508183984298 0.0 0.0 0.0 0.0 0.0 0.0 -0.70526152166473 0.0 0.0 0.0 0.0 0.0 0.0 0.0510508183984298 0.0 0.0
0.0 0.0 -0.702951496235218 0.0 0.07654537177823573 0.0 0.0 0.0 0.0 0.0 0.0 0.702951496235218 0.0 0.0 0.0 0.0 0.0 0.0 -0.07654537177823573 0.0 0.0
0.0 0.0 0.6885775802619228 0.0 -0.1608132953478514 0.0 0.0 0.0 0.0 0.0 0.0 -0.6885775802619228 0.0 0.0 0.0 0.0 0.0 0.0 0.1608132953478514 0.0 0.0
0.0 0.0 0.6983607118640882 0.0 -0.11087071806696275 0.0 0.0 0.0 0.0 0.0 0.0 -0.6983607118640882 0.0 0.0 0.0 0.0 0.0 0.0 0.11087071806696275 0.0 0.0
0.0 0.0 0.7071067795124469 0.0 -4.865733041616822e-05 0.0 0.0 0.0 0.0 0.0 0.0 -0.7071067795124469 0.0 0.0 0.0 0.0 0.0 0.0 4.865733041616822e-05 0.0 0.0
0.0 0.0 0.7071067694892905 0.0 -0.00012861733665648953 0.0 0.0 0.0 0.0 0.0 0.0 -0.7071067694892905 0.0 0.0 0.0 0.0 0.0 0.0 0.00012861733665648953 0.0 0.0
0.0 0.0 0.7071067637742283 0.0 -0.00015692271209414007 0.0 0.0 0.0 0.0 0.0 0.0 -0.7071067637742283 0.0 0.0 0.0 0.0 0.0 0.0 0.00015692271209414007 0.0 0.0
0.0 0.0 0.7071067641242991 0.0 -0.00015533725518309522 0.0 0.0 0.0 0.0 0.0 0.0 -0.7071067641242991 0.0 0.0 0.0 0.0 0.0 0.0 0.00015533725518309522 0.0 0.0
0.0 0.0 0.7071067695055094 0.0 -0.0001285281384216131 0.0 0.0 0.0 0.0 0.0 0.0 -0.7071067695055094 0.0 0.0 0.0 0.0 0.0 0.0 0.0001285281384216131 0.0 0.0
0.0 0.0 -0.7071067695204385 0.0 0.00012844597920155413 0.0 0.0 0.0 0.0 0.0 0.0 0.7071067695204385 0.0 0.0 0.0 0.0 0.0 0.0 -0.00012844597920155413 0.0 0.0
0.0 0.0 0.707106763699965 0.0 -0.00015725699335789175 0.0 0.0 0.0 0.0 0.0 0.0 -0.707106763699965 0.0 0.0 0.0 0.0 0.0 0.0 0.00015725699335789175 0.0 0.0
0.0 0.0 0.7071067639714206 0.0 -0.00015603161739105475 0.0 0.0 0.0 0.0 0.0 0.0 -0.7071067639714206 0.0 0.0 0.0 0.0 0.0 0.0 0.00015603161739105475 0.0 0.0
0.0 0.0 -0.7018444376903881 0.0 0.08610682483440571 0.0 0.0 0.0 0.0 0.0 0.0 0.7018444376903881 0.0 0.0 0.0 0.0 0.0 0.0 -0.08610682483440571 0.0 0.0
0.0 0.0 -0.7066590612010245 0.0 0.025158919342584723 0.0 0.0 0.0 0.0 0.0 0.0 0.7066590612010245 0.0 0.0 0.0 0.0 0.0 0.0 -0.025158919342584723 0.0 0.0
0.0 0.0 -0.7031141478249191 0.0 0.07503662524686079 0.0 0.0 0.0 0.0 0.0 0.0 0.7031141478249191 0.0 0.0 0.0 0.0 0.0 0.0 -0.07503662524686079 0.0 0.0
0.0 0.0 -0.7038851450228237 0.0 0.06742182596309938 0.0 0.0 0.0 0.0 0.0 0.0 0.7038851450228237 0.0 0.0 0.0 0.0 0.0 0.0 -0.06742182596309938 0.0 0.0
0.0 0.0 -0.6924977082004273 0.0 0.14299274155409353 0.0 0.0 0.0 0.0 0.0 0.0 0.6924977082004273 0.0 0.0 0.0 0.0 0.0 0.0 -0.14299274155409353 0.0 0.0
0.0 0.0 0.7070775935498146 0.0 -0.006424694529946843 0.0 0.0 0.0 0.0 0.0 0.0 -0.7070775935498146 0.0 0.0 0.0 0.0 0.0 0.0 0.006424694529946843 0.0 0.0
0.0 0.0 0.7063500927381149 0.0 -0.03270392161280419 0.0 0.0 0.0 0.0 0.0 0.0 -0.7063500927381149 0.0 0.0 0.0 0.0 0.0 0.0 0.03270392161280419 0.0 0.0
0.0 0.0 0.7044579283441327 0.0 -0.06114758534147338 0.0 0.0 0.0 0.0 0.0 0.0 -0.7044579283441327 0.0 0.0 0.0 0.0 0.0 0.0 0.06114758534147338 0.0 0.0
0.0 0.0 -0.7067866687997602 0.0 0.02127451073322903 0.0 0.0 0.0 0.0 0.0 0.0 0.7067866687997602 0.0 0.0 0.0 0.0 0.0 0.0 -0.02127451073322903 0.0 0.0
0.0 0.0 0.7039570045969675 0.0 -0.06666735092130957 0.0 0.0 0.0 0.0 0.0 0.0 -0.7039570045969675 0.0 0.0 0.0 0.0 0.0 0.0 0.06666735092130957 0.0 0.0
0.0 0.0 -0.7039966764229579 0.0 0.0662471100156764 0.0 0.0 0.0 0.0 0.0 0.0 0.7039966764229579 0.0 0.0 0.0 0.0 0.0 0.0 -0.0662471100156764 0.0 0.0
0.0 0.0 0.6959097757787526 0.0 -0.12533787925270742 0.0 0.0 0.0 0.0 0.0 0.0 -0.6959097757787526 0.0 0.0 0.0 0.0 0.0 0.0 0.12533787925270742 0.0 0.0
0.0 0.0 0.7070449773073914 0.0 -0.009348800157802362 0.0 0.0 0.0 0.0 0.0 0.0 -0.7070449773073914 0.0 0.0 0.0 0.0 0.0 0.0 0.009348800157802362 0.0 0.0
0.0 0.0 -0.683725128236437 0.0 0.18033288390659027 0.0 0.0 0.0 0.0 0.0 0.0 0.683725128236437 0.0 0.0 0.0 0.0 0.0 0.0 -0.18033288390659027 0.0 0.0
0.0 0.0 -0.7062527092634068 0.0 0.03474349806939056 0.0 0.0 0.0 0.0 0.0 0.0 0.7062527092634068 0.0 0.0 0.0 0.0 0.0 0.0 -0.03474349806939056 0.0 0.0
0.0 0.0 -0.6926664030482719 0.0 0.14217332410888112 0.0 0.0 0.0 0.0 0.0 0.0 0.6926664030482719 0.0 0.0 0.0 0.0 0.0 0.0 -0.14217332410888112 0.0 0.0
0.0 0.0 0.6928344442402086 0.0 -0.1413521590721602 0.0 0.0 0.0 0.0 0.0 0.0 -0.6928344442402086 0.0 0.0 0.0 0.0 0.0 0.0 0.1413521590721602 0.0 0.0
0.0 0.0 -0.6588026596629853 0.0 0.2568638853964816 0.0 0.0 0.0 0.0 0.0 0.0 0.6588026596629853 0.0 0.0 0.0 0.0 0.0 0.0 -0.2568638853964816 0.0 0.0
0.0 0.0 0.7040440835790243 0.0 -0.06574137492760401 0.0 0.0 0.0 0.0 0.0 0.0 -0.7040440835790243 0.0 0.0 0.0 0.0 0.0 0.0 0.06574137492760401 0.0 0.0
0.0 0.0 0.7002496395847606 0.0 -0.09823666454747415 0.0 0.0 0.0 0.0 0.0 0.0 -0.7002496395847606 0.0 0.0 0.0 0.0 0.0 0.0 0.09823666454747415 0.0 0.0
0.0 0.0 0.6925691306012336 0.0 -0.14264641368871345 0.0 0.0 0.0 0.0 0.0 0.0 -0.6925691306012336 0.0 0.0 0.0 0.0 0.0 0.0 0.14264641368871345 0.0 0.0
0.0 0.0 0.7060860022515468 0.0 -0.03798101399947814 0.0 0.0 0.0 0.0 0.0 0.0 -0.7060860022515468 0.0 0.0 0.0 0.0 0.0 0.0 0.03798101399947814 0.0 0.0
0.0 0.0 0.7059514841303837 0.0 -0.04040423312115483 0.0 0.0 0.0 0.0 0.0 0.0 -0.7059514841303837 0.0 0.0 0.0 0.0 0.0 0.0 0.04040423312115483 0.0 0.0
0.0 0.0 0.6773145004061296 0.0 -0.20308881687477295 0.0 0.0 0.0 0.0 0.0 0.0 -0.6773145004061296 0.0 0.0 0.0 0.0 0.0 0.0 0.20308881687477295 0.0 0.0
0.0 0.0 0.7031410673862265 0.0 -0.07478395118578592 0.0 0.0 0.0 0.0 0.0 0.0 -0.7031410673862265 0.0 0.0 0.0 0.0 0.0 0.0 0.07478395118578592 0.0 0.0
0.0 0.0 0.7058015884709137 0.0 -0.04294319168314086 0.0 0.0 0.0 0.0 0.0 0.0 -0.7058015884709137 0.0 0.0 0.0 0.0 0.0 0.0 0.04294319168314086 0.0 0.0
0.0 0.0 0.6958750720239314 0.0 -0.12553041119859476 0.0 0.0 0.0 0.0 0.0 0.0 -0.6958750720239314 0.0 0.0 0.0 0.0 0.0 0.0 0.12553041119859476 0.0 0.0
0.0 0.0 0.6925723378230646 0.0 -0.14263084127317902 0.0 0.0 0.0 0.0 0.0 0.0 -0.6925723378230646 0.0 0.0 0.0 0.0 0.0 0.0 0.14263084127317902 0.0 0.0
0.0 0.0 0.7040755014667672 0.0 -0.06540403836400488 0.0 0.0 0.0 0.0 0.0 0.0 -0.7040755014667672 0.0 0.0 0.0 0.0 0.0 0.0 0.06540403836400488 0.0 0.0
0.0 0.0 0.7053236672276091 0.0 -0.0501849025962689 0.0 0.0 0.0 0.0 0.0 0.0 -0.7053236672276091 0.0 0.0 0.0 0.0 0.0 0.0 0.0501849025962689 0.0 0.0
0.0 0.0 0.7017405508257119 0.0 -0.08694940670773163 0.0 0.0 0.0 0.0 0.0 0.0 -0.7017405508257119 0.0 0.0 0.0 0.0 0.0 0.0 0.08694940670773163 0.0 0.0
0.0 0.0 0.6984802139241884 0.0 -0.11011535204693355 0.0 0.0 0.0 0.0 0.0 0.0 -0.6984802139241884 0.0 0.0 0.0 0.0 0.0 0.0 0.11011535204693355 0.0 0.0
0.0 0.0 0.7016954254668056 0.0 -0.08731282768848209 0.0 0.0 0.0 0.0 0.0 0.0 -0.7016954254668056 0.0 0.0 0.0 0.0 0.0 0.0 0.08731282768848209 0.0 0.0
0.0 0.0 0.7002526920411558 0.0 -0.09821490359978013 0.0 0.0 0.0 0.0 0.0 0.0 -0.7002526920411558 0.0 0.0 0.0 0.0 0.0 0.0 0.09821490359978013 0.0 0.0
0.0 0.0 0.6927556432615006 0.0 -0.1417378521402965 0.0 0.0 0.0 0.0 0.0 0.0 -0.6927556432615006 0.0 0.0 0.0 0.0 0.0 0.0 0.1417378521402965 0.0 0.0
0.0 0.0 0.7057278371069707 0.0 -0.044138644432255125 0.0 0.0 0.0 0.0 0.0 0.0 -0.7057278371069707 0.0 0.0 0.0 0.0 0.0 0.0 0.044138644432255125 0.0 0.0
0.0 0.0 0.6957230897702746 0.0 -0.1263700216052143 0.0 0.0 0.0 0.0 0.0 0.0 -0.6957230897702746 0.0 0.0 0.0 0.0 0.0 0.0 0.1263700216052143 0.0 0.0
0.0 0.0 0.700220774638054 0.0 -0.09844220012415203 0.0 0.0 0.0 0.0 0.0 0.0 -0.700220774638054 0.0 0.0 0.0 0.0 0.0 0.0 0.09844220012415203 0.0 0.0
0.0 0.0 0.7036563382848227 0.0 -0.06976931697813242 0.0 0.0 0.0 0.0 0.0 0.0 -0.7036563382848227 0.0 0.0 0.0 0.0 0.0 0.0 0.06976931697813242 0.0 0.0
0.0 0.0 0.7039340195636526 0.0 -0.06690961142436187 0.0 0.0 0.0 0.0 0.0 0.0 -0.7039340195636526 0.0 0.0 0.0 0.0 0.0 0.0 0.06690961142436187 0.0 0.0
0.0 0.0 0.68376949120956 0.0 -0.18016459943901145 0.0 0.0 0.0 0.0 0.0 0.0 -0.68376949120956 0.0 0.0 0.0 0.0 0.0 0.0 0.18016459943901145 0.0 0.0
0.0 0.0 0.6774049805411929 0.0 -0.2027868150003496 0.0 0.0 0.0 0.0 0.0 0.0 -0.6774049805411929 0.0 0.0 0.0 0.0 0.0 0.0 0.2027868150003496 0.0 0.0
0.0 0.0 0.7039342808931557 0.0 -0.06690686200559533 0.0 0.0 0.0 0.0 0.0 0.0 -0.7039342808931557 0.0 0.0 0.0 0.0 0.0 0.0 0.06690686200559533 0.0 0.0
0.0 0.0 0.7039948541511535 0.0 -0.06626647213105631 0.0 0.0 0.0 0.0 0.0 0.0 -0.7039948541511535 0.0 0.0 0.0 0.0 0.0 0.0 0.06626647213105631 0.0 0.0
0.0 0.0 0.7002242419012628 0.0 -0.0984175342802379 0.0 0.0 0.0 0.0 0.0 0.0 -0.7002242419012628 0.0 0.0 0.0 0.0 0.0 0.0 0.0984175342802379 0.0 0.0
0.0 0.0 0.6926444479624002 0.0 -0.14228024707197373 0.0 0.0 0.0 0.0 0.0 0.0 -0.6926444479624002 0.0 0.0 0.0 0.0 0.0 0.0 0.14228024707197373 0.0 0.0
0.0 0.0 -0.6928190772613104 0.0 0.1414274590833984 0.0 0.0 0.0 0.0 0.0 0.0 0.6928190772613104 0.0 0.0 0.0 0.0 0.0 0.0 -0.1414274590833984 0.0 0.0
0.0 0.0 -0.7063967415955849 0.0 0.03168033243418372 0.0 0.0 0.0 0.0 0.0 0.0 0.7063967415955849 0.0 0.0 0.0 0.0 0.0 0.0 -0.03168033243418372 0.0 0.0
0.0 0.0 -0.7067355201354718 0.0 0.022910796119826184 0.0 0.0 0.0 0.0 0.0 0.0 0.7067355201354718 0.0 0.0 0.0 0.0 0.0 0.0 -0.022910796119826184 0.0 0.0
0.0 0.0 -0.7070984234028902 0.0 0.003437967589590777 0.0 0.0 0.0 0.0 0.0 0.0 0.7070984234028902 0.0 0.0 0.0 0.0 0.0 0.0 -0.003437967589590777 0.0 0.0
0.0 0.0 0.7071055966050638 0.0 -0.0012943144118543152 0.0 0.0 0.0 0.0 0.0 0.0 -0.7071055966050638 0.0 0.0 0.0 0.0 0.0 0.0 0.0012943144118543152 0.0 0.0
0.0 0.0 -0.7070551895622876 0.0 0.008541598974291933 0.0 0.0 0.0 0.0 0.0 0.0 0.7070551895622876 0.0 0.0 0.0 0.0 0.0 0.0 -0.008541598974291933 0.0 0.0
0.0 0.0 -0.6957188887972147 0.0 0.12639314764166956 0.0 0.0 0.0 0.0 0.0 0.0 0.6957188887972147 0.0 0.0 0.0 0.0 0.0 0.0 -0.12639314764166956 0.0 0.0
0.0 0.0 -0.7044598444279138 0.0 0.06112550685760891 0.0 0.0 0.0 0.0 0.0 0.0 0.7044598444279138 0.0 0.0 0.0 0.0 0.0 0.0 -0.06112550685760891 0.0 0.0
0.0 0.0 0.6957825671676806 0.0 -0.12604213273962028 0.0 0.0 0.0 0.0 0.0 0.0 -0.6957825671676806 0.0 0.0 0.0 0.0 0.0 0.0 0.12604213273962028 0.0 0.0
0.0 0.0 -0.6927103865662435 0.0 0.1419588684910013 0.0 0.0 0.0 0.0 0.0 0.0 0.6927103865662435 0.0 0.0 0.0 0.0 0.0 0.0 -0.1419588684910013 0.0 0.0
0.0 0.0 0.7001281526233897 0.0 -0.0990987886109591 0.0 0.0 0.0 0.0 0.0 0.0 -0.7001281526233897 0.0 0.0 0.0 0.0 0.0 0.0 0.0990987886109591 0.0 0.0
0.0 0.0 0.7030997330144205 0.0 -0.07517157331764887 0.0 0.0 0.0 0.0 0.0 0.0 -0.7030997330144205 0.0 0.0 0.0 0.0 0.0 0.0 0.07517157331764887 0.0 0.0
0.0 0.0 0.6957773498862379 0.0 -0.1260709299770718 0.0 0.0 0.0 0.0 0.0 0.0 -0.6957773498862379 0.0 0.0 0.0 0.0 0.0 0.0 0.1260709299770718 0.0 0.0
0.0 0.0 0.6836538076789331 0.0 -0.18060307651337587 0.0 0.0 0.0 0.0 0.0 0.0 -0.6836538076789331 0.0 0.0 0.0 0.0 0.0 0.0 0.18060307651337587 0.0 0.0
0.0 0.0 0.7003205818383726 0.0 -0.09772964060899388 0.0 0.0 0.0 0.0 0.0 0.0 -0.7003205818383726 0.0 0.0 0.0 0.0 0.0 0.0 0.09772964060899388 0.0 0.0
