0.0 0.0 0.0 0.0 0.0 0.0 0.0 -0.9999998432601914 0.0 0.0003959037714622644 0.0 0.0 0.0 0.0 0.0 0.0 0.0003959037714622644 0.0 0.0 0.0 0.0
0.0 0.0 0.0 0.0 0.0 0.0 0.0 -0.9999998562390765 0.0 0.00037915816387768344 0.0 0.0 0.0 0.0 0.0 0.0 0.00037915816387768344 0.0 0.0 0.0 0.0
0.0 0.0 0.0 0.0 0.0 0.0 0.0 -0.9999998555682166 0.0 0.0003800418041443381 0.0 0.0 0.0 0.0 0.0 0.0 0.0003800418041443381 0.0 0.0 0.0 0.0
0.0 0.0 0.0 0.0 0.0 0.0 0.0 -0.9999998693690316 0.0 0.0003614290522689979 0.0 0.0 0.0 0.0 0.0 0.0 0.0003614290522689979 0.0 0.0 0.0 0.0
0.0 0.0 0.0 0.0 0.0 0.0 0.0 -0.9999998448057198 0.0 0.00039394703722284873 0.0 0.0 0.0 0.0 0.0 0.0 0.00039394703722284873 0.0 0.0 0.0 0.0
0.0 0.0 0.0 0.0 0.0 0.0 0.0 -0.9999998634095658 0.0 0.0003695814184994879 0.0 0.0 0.0 0.0 0.0 0.0 0.0003695814184994879 0.0 0.0 0.0 0.0
0.0 0.0 0.0 0.0 0.0 0.0 0.0 -0.9999998586058254 0.0 0.00037602415416183133 0.0 0.0 0.0 0.0 0.0 0.0 0.00037602415416183133 0.0 0.0 0.0 0.0
0.0 0.0 0.0 0.0 0.0 0.0 0.0 -0.9999998437862776 0.0 0.0003952388014845814 0.0 0.0 0.0 0.0 0.0 0.0 0.0003952388014845814 0.0 0.0 0.0 0.0
0.0 0.0 0.0 0.0 0.0 0.0 0.0 -0.9999998560283411 0.0 0.00037943596102424734 0.0 0.0 0.0 0.0 0.0 0.0 0.00037943596102424734 0.0 0.0 0.0 0.0
0.0 0.0 0.0 0.0 0.0 0.0 0.0 -0.9999998771335595 0.0 0.0003505230847018434 0.0 0.0 0.0 0.0 0.0 0.0 0.0003505230847018434 0.0 0.0 0.0 0.0
0.0 0.0 0.0 0.0 0.0 0.0 0.0 -0.9999998576661585 0.0 0.0003772715616759681 0.0 0.0 0.0 0.0 0.0 0.0 0.0003772715616759681 0.0 0.0 0.0 0.0
0.0 0.0 0.0 0.0 0.0 0.0 0.0 -0.9999998675746762 0.0 0.0003639028922993956 0.0 0.0 0.0 0.0 0.0 0.0 0.0003639028922993956 0.0 0.0 0.0 0.0
0.0 0.0 0.0 0.0 0.0 0.0 0.0 -0.9999998490487891 0.0 0.00038852438710291803 0.0 0.0 0.0 0.0 0.0 0.0 0.00038852438710291803 0.0 0.0 0.0 0.0
0.0 0.0 0.0 0.0 0.0 0.0 0.0 -0.9999998488603445 0.0 0.00038876682488858016 0.0 0.0 0.0 0.0 0.0 0.0 0.00038876682488858016 0.0 0.0 0.0 0.0
0.0 0.0 0.0 0.0 0.0 0.0 0.0 -0.9999998541485826 0.0 0.0003819049709064837 0.0 0.0 0.0 0.0 0.0 0.0 0.0003819049709064837 0.0 0.0 0.0 0.0
0.0 0.0 0.0 0.0 0.0 0.0 0.0 -0.9999998539684558 0.0 0.00038214072473200254 0.0 0.0 0.0 0.0 0.0 0.0 0.00038214072473200254 0.0 0.0 0.0 0.0
0.0 0.0 0.0 0.0 0.0 0.0 0.0 -0.9999998543860559 0.0 0.00038159393794425227 0.0 0.0 0.0 0.0 0.0 0.0 0.00038159393794425227 0.0 0.0 0.0 0.0
0.0 0.0 0.0 0.0 0.0 0.0 0.0 -0.9999998578712823 0.0 0.00037699961212180375 0.0 0.0 0.0 0.0 0.0 0.0 0.00037699961212180375 0.0 0.0 0.0 0.0
0.0 0.0 0.0 0.0 0.0 0.0 0.0 -0.9999998590002521 0.0 0.0003754993181170868 0.0 0.0 0.0 0.0 0.0 0.0 0.0003754993181170868 0.0 0.0 0.0 0.0
0.0 0.0 0.0 0.0 0.0 0.0 0.0 -0.999999874732483 0.0 0.0003539315034235579 0.0 0.0 0.0 0.0 0.0 0.0 0.0003539315034235579 0.0 0.0 0.0 0.0
0.0 0.0 0.0 0.0 0.0 0.0 0.0 -0.9999998642006719 0.0 0.0003685095913803175 0.0 0.0 0.0 0.0 0.0 0.0 0.0003685095913803175 0.0 0.0 0.0 0.0
0.0 0.0 0.0 0.0 0.0 0.0 0.0 -0.9999998601795335 0.0 0.0003739257369966188 0.0 0.0 0.0 0.0 0.0 0.0 0.0003739257369966188 0.0 0.0 0.0 0.0
0.0 0.0 0.0 0.0 0.0 0.0 0.0 0.9999998747177162 0.0 -0.00035395236393083793 0.0 0.0 0.0 0.0 0.0 0.0 -0.00035395236393083793 0.0 0.0 0.0 0.0
0.0 0.0 0.0 0.0 0.0 0.0 0.0 0.999999841438452 0.0 -0.0003981978597170311 0.0 0.0 0.0 0.0 0.0 0.0 -0.0003981978597170311 0.0 0.0 0.0 0.0
0.0 0.0 0.0 0.0 0.0 0.0 0.0 0.9999998576478616 0.0 -0.000377295810073719 0.0 0.0 0.0 0.0 0.0 0.0 -0.000377295810073719 0.0 0.0 0.0 0.0
0.0 0.0 0.0 0.0 0.0 0.0 0.0 -0.9999998742407449 0.0 0.000354625502702519 0.0 0.0 0.0 0.0 0.0 0.0 0.000354625502702519 0.0 0.0 0.0 0.0
0.0 0.0 0.0 0.0 0.0 0.0 0.0 -0.9999998487710884 0.0 0.00038888160165253264 0.0 0.0 0.0 0.0 0.0 0.0 0.00038888160165253264 0.0 0.0 0.0 0.0
0.0 0.0 0.0 0.0 0.0 0.0 0.0 -0.9999998430918172 0.0 0.00039611635975026106 0.0 0.0 0.0 0.0 0.0 0.0 0.00039611635975026106 0.0 0.0 0.0 0.0
0.0 0.0 0.0 0.0 0.0 0.0 0.0 -0.9999998546816308 0.0 0.0003812064514702317 0.0 0.0 0.0 0.0 0.0 0.0 0.0003812064514702317 0.0 0.0 0.0 0.0
0.0 0.0 0.0 0.0 0.0 0.0 0.0 -0.9999998555565346 0.0 0.0003800571733904105 0.0 0.0 0.0 0.0 0.0 0.0 0.0003800571733904105 0.0 0.0 0.0 0.0
0.0 0.0 0.0 0.0 0.0 0.0 0.0 -0.9982115370055551 0.0 0.04227131053686086 0.0 0.0 0.0 0.0 0.0 0.0 0.04227131053686086 0.0 0.0 0.0 0.0
0.0 0.0 0.0 0.0 0.0 0.0 0.0 0.9982319602166392 0.0 -0.04202947538362908 0.0 0.0 0.0 0.0 0.0 0.0 -0.04202947538362908 0.0 0.0 0.0 0.0
0.0 0.0 0.0 0.0 0.0 0.0 0.0 -0.9991421247370307 0.0 0.029283225368560168 0.0 0.0 0.0 0.0 0.0 0.0 0.029283225368560168 0.0 0.0 0.0 0.0
0.0 0.0 0.0 0.0 0.0 0.0 0.0 0.9996071387629455 0.0 -0.01981878066579173 0.0 0.0 0.0 0.0 0.0 0.0 -0.01981878066579173 0.0 0.0 0.0 0.0
0.0 0.0 0.0 0.0 0.0 0.0 0.0 0.9991345033595082 0.0 -0.029412957999400257 0.0 0.0 0.0 0.0 0.0 0.0 -0.029412957999400257 0.0 0.0 0.0 0.0
0.0 0.0 0.0 0.0 0.0 0.0 0.0 -0.999791357362203 0.0 0.014443713924118026 0.0 0.0 0.0 0.0 0.0 0.0 0.014443713924118026 0.0 0.0 0.0 0.0
0.0 0.0 0.0 0.0 0.0 0.0 0.0 -0.9997893111054524 0.0 0.014514361840688597 0.0 0.0 0.0 0.0 0.0 0.0 0.014514361840688597 0.0 0.0 0.0 0.0
0.0 0.0 0.0 0.0 0.0 0.0 0.0 -0.998898406196413 0.0 0.03318112489251736 0.0 0.0 0.0 0.0 0.0 0.0 0.03318112489251736 0.0 0.0 0.0 0.0
0.0 0.0 0.0 0.0 0.0 0.0 0.0 0.9994931272106914 0.0 -0.022510982415176854 0.0 0.0 0.0 0.0 0.0 0.0 -0.022510982415176854 0.0 0.0 0.0 0.0
0.0 0.0 0.0 0.0 0.0 0.0 0.0 -0.9991263583846962 0.0 0.029550972749940976 0.0 0.0 0.0 0.0 0.0 0.0 0.029550972749940976 0.0 0.0 0.0 0.0
0.0 0.0 0.0 0.0 0.0 0.0 0.0 -0.998228407799374 0.0 0.0420716404619934 0.0 0.0 0.0 0.0 0.0 0.0 0.0420716404619934 0.0 0.0 0.0 0.0
0.0 0.0 0.0 0.0 0.0 0.0 0.0 0.9999894228583777 0.0 -0.00325224317732624 0.0 0.0 0.0 0.0 0.0 0.0 -0.00325224317732624 0.0 0.0 0.0 0.0
0.0 0.0 0.0 0.0 0.0 0.0 0.0 0.9997896124173633 0.0 -0.01450398052843352 0.0 0.0 0.0 0.0 0.0 0.0 -0.01450398052843352 0.0 0.0 0.0 0.0
0.0 0.0 0.0 0.0 0.0 0.0 0.0 -0.999609641643668 0.0 0.019755560394705003 0.0 0.0 0.0 0.0 0.0 0.0 0.019755560394705003 0.0 0.0 0.0 0.0
0.0 0.0 0.0 0.0 0.0 0.0 0.0 -0.9996139712205301 0.0 0.019645718881239685 0.0 0.0 0.0 0.0 0.0 0.0 0.019645718881239685 0.0 0.0 0.0 0.0
0.0 0.0 0.0 0.0 0.0 0.0 0.0 -0.9991384585811675 0.0 0.02934570312710764 0.0 0.0 0.0 0.0 0.0 0.0 0.02934570312710764 0.0 0.0 0.0 0.0
0.0 0.0 0.0 0.0 0.0 0.0 0.0 -0.9977970081245287 0.0 0.04691018321078829 0.0 0.0 0.0 0.0 0.0 0.0 0.04691018321078829 0.0 0.0 0.0 0.0
0.0 0.0 0.0 0.0 0.0 0.0 0.0 -0.9999999971171047 0.0 5.369259842884548e-05 0.0 0.0 0.0 0.0 0.0 0.0 5.369259842884548e-05 0.0 0.0 0.0 0.0
0.0 0.0 0.0 0.0 0.0 0.0 0.0 -0.9999999922104567 0.0 8.825839013431444e-05 0.0 0.0 0.0 0.0 0.0 0.0 8.825839013431444e-05 0.0 0.0 0.0 0.0
0.0 0.0 0.0 0.0 0.0 0.0 0.0 -0.9999999926065607 0.0 8.598511063716345e-05 0.0 0.0 0.0 0.0 0.0 0.0 8.598511063716345e-05 0.0 0.0 0.0 0.0
0.0 0.0 0.0 0.0 0.0 0.0 0.0 -0.999999992177625 0.0 8.844419061845588e-05 0.0 0.0 0.0 0.0 0.0 0.0 8.844419061845588e-05 0.0 0.0 0.0 0.0
0.0 0.0 0.0 0.0 0.0 0.0 0.0 0.9999999916122405 0.0 -9.158471193886783e-05 0.0 0.0 0.0 0.0 0.0 0.0 -9.158471193886783e-05 0.0 0.0 0.0 0.0
0.0 0.0 0.0 0.0 0.0 0.0 0.0 0.9999999919854332 0.0 -8.952411257322619e-05 0.0 0.0 0.0 0.0 0.0 0.0 -8.952411257322619e-05 0.0 0.0 0.0 0.0
0.0 0.0 0.0 0.0 0.0 0.0 0.0 0.9999999916245097 0.0 -9.151770439553639e-05 0.0 0.0 0.0 0.0 0.0 0.0 -9.151770439553639e-05 0.0 0.0 0.0 0.0
0.0 0.0 0.0 0.0 0.0 0.0 0.0 -0.9999999924165144 0.0 8.708321022285687e-05 0.0 0.0 0.0 0.0 0.0 0.0 8.708321022285687e-05 0.0 0.0 0.0 0.0
0.0 0.0 0.0 0.0 0.0 0.0 0.0 -0.9999999912439845 0.0 9.357358336707473e-05 0.0 0.0 0.0 0.0 0.0 0.0 9.357358336707473e-05 0.0 0.0 0.0 0.0
0.0 0.0 0.0 0.0 0.0 0.0 0.0 -0.9999999917307727 0.0 9.093529144416007e-05 0.0 0.0 0.0 0.0 0.0 0.0 9.093529144416007e-05 0.0 0.0 0.0 0.0
0.0 0.0 0.0 0.0 0.0 0.0 0.0 -0.9999999978634433 0.0 4.622290213163248e-05 0.0 0.0 0.0 0.0 0.0 0.0 4.622290213163248e-05 0.0 0.0 0.0 0.0
0.0 0.0 0.0 0.0 0.0 0.0 0.0 0.9999999979164879 0.0 -4.564550437086522e-05 0.0 0.0 0.0 0.0 0.0 0.0 -4.564550437086522e-05 0.0 0.0 0.0 0.0
0.0 0.0 0.0 0.0 0.0 0.0 0.0 -0.9999996699404435 0.0 0.0005745080521582982 0.0 0.0 0.0 0.0 0.0 0.0 0.0005745080521582982 0.0 0.0 0.0 0.0
0.0 0.0 0.0 0.0 0.0 0.0 0.0 -0.9999996690094146 0.0 0.0005753177649327766 0.0 0.0 0.0 0.0 0.0 0.0 0.0005753177649327766 0.0 0.0 0.0 0.0
0.0 0.0 0.0 0.0 0.0 0.0 0.0 -0.9999996605869538 0.0 0.0005825916139888228 0.0 0.0 0.0 0.0 0.0 0.0 0.0005825916139888228 0.0 0.0 0.0 0.0
0.0 0.0 0.0 0.0 0.0 0.0 0.0 -0.9999998663126625 0.0 0.0003656327783827224 0.0 0.0 0.0 0.0 0.0 0.0 0.0003656327783827224 0.0 0.0 0.0 0.0
0.0 0.0 0.0 0.0 0.0 0.0 0.0 -0.9999998671698781 0.0 0.0003644586573478282 0.0 0.0 0.0 0.0 0.0 0.0 0.0003644586573478282 0.0 0.0 0.0 0.0
0.0 0.0 0.0 0.0 0.0 0.0 0.0 -0.9999996617619206 0.0 0.0005815823435008726 0.0 0.0 0.0 0.0 0.0 0.0 0.0005815823435008726 0.0 0.0 0.0 0.0
0.0 0.0 0.0 0.0 0.0 0.0 0.0 -0.9999998663879044 0.0 0.0003655298709149317 0.0 0.0 0.0 0.0 0.0 0.0 0.0003655298709149317 0.0 0.0 0.0 0.0
0.0 0.0 0.0 0.0 0.0 0.0 0.0 -0.9999996604034813 0.0 0.0005827490548225041 0.0 0.0 0.0 0.0 0.0 0.0 0.0005827490548225041 0.0 0.0 0.0 0.0
0.0 0.0 0.0 0.0 0.0 0.0 0.0 -0.9999996655035618 0.0 0.0005783566221271126 0.0 0.0 0.0 0.0 0.0 0.0 0.0005783566221271126 0.0 0.0 0.0 0.0
0.0 0.0 0.0 0.0 0.0 0.0 0.0 -0.9999996670493154 0.0 0.0005770187424547441 0.0 0.0 0.0 0.0 0.0 0.0 0.0005770187424547441 0.0 0.0 0.0 0.0
0.0 0.0 0.0 0.0 0.0 0.0 0.0 -0.9999996708500005 0.0 0.0005737159099860382 0.0 0.0 0.0 0.0 0.0 0.0 0.0005737159099860382 0.0 0.0 0.0 0.0
0.0 0.0 0.0 0.0 0.0 0.0 0.0 0.9999996639034922 0.0 -0.0005797382610799805 0.0 0.0 0.0 0.0 0.0 0.0 -0.0005797382610799805 0.0 0.0 0.0 0.0
0.0 0.0 0.0 0.0 0.0 0.0 0.0 0.9999996612205768 0.0 -0.0005820475632132043 0.0 0.0 0.0 0.0 0.0 0.0 -0.0005820475632132043 0.0 0.0 0.0 0.0
0.0 0.0 0.0 0.0 0.0 0.0 0.0 0.9999998664247163 0.0 -0.0003654795135195716 0.0 0.0 0.0 0.0 0.0 0.0 -0.0003654795135195716 0.0 0.0 0.0 0.0
0.0 0.0 0.0 0.0 0.0 0.0 0.0 0.9999996643203585 0.0 -0.0005793786199255667 0.0 0.0 0.0 0.0 0.0 0.0 -0.0005793786199255667 0.0 0.0 0.0 0.0
0.0 0.0 0.0 0.0 0.0 0.0 0.0 -0.9999996739542064 0.0 0.000571004150981396 0.0 0.0 0.0 0.0 0.0 0.0 0.000571004150981396 0.0 0.0 0.0 0.0
0.0 0.0 0.0 0.0 0.0 0.0 0.0 -0.998574831084269 0.0 0.037737956522735296 0.0 0.0 0.0 0.0 0.0 0.0 0.037737956522735296 0.0 0.0 0.0 0.0
0.0 0.0 0.0 0.0 0.0 0.0 0.0 -0.9999693019208625 0.0 0.005540542207363842 0.0 0.0 0.0 0.0 0.0 0.0 0.005540542207363842 0.0 0.0 0.0 0.0
0.0 0.0 0.0 0.0 0.0 0.0 0.0 -0.9993387696728264 0.0 0.025710148082045848 0.0 0.0 0.0 0.0 0.0 0.0 0.025710148082045848 0.0 0.0 0.0 0.0
0.0 0.0 0.0 0.0 0.0 0.0 0.0 -0.9988858273265795 0.0 0.033369926326669824 0.0 0.0 0.0 0.0 0.0 0.0 0.033369926326669824 0.0 0.0 0.0 0.0
0.0 0.0 0.0 0.0 0.0 0.0 0.0 0.9999693523265116 0.0 -0.005535991677048667 0.0 0.0 0.0 0.0 0.0 0.0 -0.005535991677048667 0.0 0.0 0.0 0.0
0.0 0.0 0.0 0.0 0.0 0.0 0.0 -0.9985773508032834 0.0 0.037704604909058324 0.0 0.0 0.0 0.0 0.0 0.0 0.037704604909058324 0.0 0.0 0.0 0.0
0.0 0.0 0.0 0.0 0.0 0.0 0.0 -0.9986027226573803 0.0 0.03736711322317639 0.0 0.0 0.0 0.0 0.0 0.0 0.03736711322317639 0.0 0.0 0.0 0.0
0.0 0.0 0.0 0.0 0.0 0.0 0.0 -0.9993166114357277 0.0 0.02613723501649328 0.0 0.0 0.0 0.0 0.0 0.0 0.02613723501649328 0.0 0.0 0.0 0.0
0.0 0.0 0.0 0.0 0.0 0.0 0.0 0.9972055492322759 0.0 -0.052825621531388645 0.0 0.0 0.0 0.0 0.0 0.0 -0.052825621531388645 0.0 0.0 0.0 0.0
0.0 0.0 0.0 0.0 0.0 0.0 0.0 0.9998931300589933 0.0 -0.010337515679052476 0.0 0.0 0.0 0.0 0.0 0.0 -0.010337515679052476 0.0 0.0 0.0 0.0
0.0 0.0 0.0 0.0 0.0 0.0 0.0 0.9993213247547273 0.0 -0.02604697574054172 0.0 0.0 0.0 0.0 0.0 0.0 -0.02604697574054172 0.0 0.0 0.0 0.0
0.0 0.0 0.0 0.0 0.0 0.0 0.0 -0.9988809976384211 0.0 0.03344213328177809 0.0 0.0 0.0 0.0 0.0 0.0 0.03344213328177809 0.0 0.0 0.0 0.0
0.0 0.0 0.0 0.0 0.0 0.0 0.0 -0.9997063698281916 0.0 0.01713438246536491 0.0 0.0 0.0 0.0 0.0 0.0 0.01713438246536491 0.0 0.0 0.0 0.0
0.0 0.0 0.0 0.0 0.0 0.0 0.0 0.9993203909483372 0.0 -0.026064882839391602 0.0 0.0 0.0 0.0 0.0 0.0 -0.026064882839391602 0.0 0.0 0.0 0.0
0.0 0.0 0.0 0.0 0.0 0.0 0.0 0.9994788712235153 0.0 -0.022825270839220792 0.0 0.0 0.0 0.0 0.0 0.0 -0.022825270839220792 0.0 0.0 0.0 0.0
0.0 0.0 0.0 0.0 0.0 0.0 0.0 0.9972374225450839 0.0 -0.05252391396134551 0.0 0.0 0.0 0.0 0.0 0.0 -0.05252391396134551 0.0 0.0 0.0 0.0
0.0 0.0 0.0 0.0 0.0 0.0 0.0 -0.9988798881461823 0.0 0.033458698847012906 0.0 0.0 0.0 0.0 0.0 0.0 0.033458698847012906 0.0 0.0 0.0 0.0
0.0 0.0 0.0 0.0 0.0 0.0 0.0 -0.9993228610610857 0.0 0.02601748797142038 0.0 0.0 0.0 0.0 0.0 0.0 0.02601748797142038 0.0 0.0 0.0 0.0
0.0 0.0 0.0 0.0 0.0 0.0 0.0 0.997304946274515 0.0 -0.05187891737684355 0.0 0.0 0.0 0.0 0.0 0.0 -0.05187891737684355 0.0 0.0 0.0 0.0
0.0 0.0 0.0 0.0 0.0 0.0 0.0 0.9982054169704347 0.0 -0.042343509129974775 0.0 0.0 0.0 0.0 0.0 0.0 -0.042343509129974775 0.0 0.0 0.0 0.0
0.0 0.0 0.0 0.0 0.0 0.0 0.0 -0.9973000988965876 0.0 0.051925488639282556 0.0 0.0 0.0 0.0 0.0 0.0 0.051925488639282556 0.0 0.0 0.0 0.0
0.0 0.0 0.0 0.0 0.0 0.0 0.0 -0.9972249193878306 0.0 0.05264247406769037 0.0 0.0 0.0 0.0 0.0 0.0 0.05264247406769037 0.0 0.0 0.0 0.0
0.0 0.0 0.0 0.0 0.0 0.0 0.0 -0.9972645164080348 0.0 0.05226607079859893 0.0 0.0 0.0 0.0 0.0 0.0 0.05226607079859893 0.0 0.0 0.0 0.0
0.0 0.0 0.0 0.0 0.0 0.0 0.0 -0.9986034462787841 0.0 0.03735744290054939 0.0 0.0 0.0 0.0 0.0 0.0 0.03735744290054939 0.0 0.0 0.0 0.0
0.0 0.0 0.0 0.0 0.0 0.0 0.0 -0.9972242592128059 0.0 0.05264872665825077 0.0 0.0 0.0 0.0 0.0 0.0 0.05264872665825077 0.0 0.0 0.0 0.0
