0.0 0.0 0.0 0.0 0.0 0.0 0.0 -0.08718082382139845 -0.5579679472374341 -0.1876419935912311 0.005687143068123918 0.0 0.0 0.0 0.0 -0.08279487373046586 -0.663837274841157 0.44352288036376236 0.0 0.0 0.039773715787584346
0.0 0.0 0.0 0.0 0.0 0.0 0.0 -0.1809118105311951 -0.6188118017388743 -0.22421052529186103 0.00936288247296207 0.0 0.0 0.0 0.0 -0.20050610356018206 -0.6392023695594976 0.290223940897302 0.0 0.0 0.031185652692136696
0.0 0.0 0.0 0.0 0.0 0.0 0.0 -0.14362940957327575 -0.4309454284571254 -0.29433148142275495 0.05199560224909553 0.0 0.0 0.0 0.0 -0.2300336118100637 -0.7400528992537304 0.3167323130538331 0.0 0.0 0.058386234671458155
0.0 0.0 0.0 0.0 0.0 0.0 0.0 -0.2671911571573028 -0.5117415142257445 -0.13642846841280937 0.0439870300631271 0.0 0.0 0.0 0.0 -0.25317686094704367 -0.6300774367069573 0.4292518866450329 0.0 0.0 0.02878612501041968
0.0 0.0 0.0 0.0 0.0 0.0 0.0 -0.18702689960925226 -0.47925004435748 -0.26783790351301706 0.029155986940540578 0.0 0.0 0.0 0.0 -0.23010832171538104 -0.6713789254938693 0.39185887706748473 0.0 0.0 0.0741635949547818
0.0 0.0 0.0 0.0 0.0 0.0 0.0 -0.23502682470312833 -0.5015624989353918 -0.29937821349369637 0.02249981017802241 0.0 0.0 0.0 0.0 -0.28767197422383045 -0.601852298730164 0.3962259105034245 0.0 0.0 0.03297830747687855
0.0 0.0 0.0 0.0 0.0 0.0 0.0 0.3483219740731567 -0.0916962668789243 0.6863643725264981 -0.017887873537166244 0.0 0.0 0.0 0.0 -0.6064714904339036 0.13398797827351674 -0.023742197252697543 0.0 0.0 0.11190813269616481
0.0 0.0 0.0 0.0 0.0 0.0 0.0 0.4419965439355486 -0.15987321124547835 0.6107718102501671 -0.04504231738665344 0.0 0.0 0.0 0.0 -0.6166886004349991 0.13072466891619283 -0.015730009782794343 0.0 0.0 0.07979595695127807
0.0 0.0 0.0 0.0 0.0 0.0 0.0 0.46870721007426863 0.028753372915197136 0.641185137914709 -0.006890506800814912 0.0 0.0 0.0 0.0 -0.5626843897512653 0.11165029933887632 -0.05371365297324339 0.0 0.0 0.19067319233645336
0.0 0.0 0.0 0.0 0.0 0.0 0.0 -0.13166107668198263 -0.47114777324768636 -0.07299476824741884 0.018833064355036063 0.0 0.0 0.0 0.0 -0.24622634105690508 -0.7628948667873058 0.3239507911144419 0.0 0.0 0.08615168182819855
0.0 0.0 0.0 0.0 0.0 0.0 0.0 -0.1564110428516856 -0.6210936023504423 -0.18498517863977518 0.002328458069577019 0.0 0.0 0.0 0.0 -0.13694838510862054 -0.5744911541026521 0.453906413657145 0.0 0.0 -0.026970466716026705
0.0 0.0 0.0 0.0 0.0 0.0 0.0 -0.1265092432283543 -0.045514015519429546 -0.49898972905136685 0.03919101416071741 0.0 0.0 0.0 0.0 0.7402039763833743 -0.3540591213912726 0.06727334274234552 0.0 0.0 -0.23154202586471478
0.0 0.0 0.0 0.0 0.0 0.0 0.0 0.3926383907151896 -0.521893399841927 0.2938610095164324 0.06322174627044534 0.0 0.0 0.0 0.0 0.12045966852571005 0.5810569247000813 0.15719270255607978 0.0 0.0 -0.32598138597532667
0.0 0.0 0.0 0.0 0.0 0.0 0.0 0.4342034398244597 -0.15920819755206295 0.6546286014213937 -0.06506382226278724 0.0 0.0 0.0 0.0 -0.5651420933140187 0.15814290164622855 -0.06443291318878662 0.0 0.0 0.06929540123286153
0.0 0.0 0.0 0.0 0.0 0.0 0.0 -0.38892009186431287 0.4110252700968638 -0.444357406386617 -0.5079848768414483 0.0 0.0 0.0 0.0 -0.37608949291572963 -0.26481715505327214 -0.002732308216952792 0.0 0.0 0.11277567102651163
0.0 0.0 0.0 0.0 0.0 0.0 0.0 0.09676491498345938 0.42607584110051516 0.7129148617876031 -0.017738173963955203 0.0 0.0 0.0 0.0 -0.5071870125668774 0.032036613826080876 -0.07197002600350969 0.0 0.0 0.192585022524127
0.0 0.0 0.0 0.0 0.0 0.0 0.0 -0.01461844331059211 0.07957203368797022 -0.2771670234511796 0.012017877612562579 0.0 0.0 0.0 0.0 0.38959975204783986 0.681584847227244 0.0663237540875596 0.0 0.0 -0.5438234025646996
0.0 0.0 0.0 0.0 0.0 0.0 0.0 0.02746385525534458 0.17296086375223513 0.4050475689093184 -0.505379954727086 0.0 0.0 0.0 0.0 -0.4214100970909402 0.4479407313504118 -0.13244505069101709 0.0 0.0 0.3925287051411786
0.0 0.0 0.0 0.0 0.0 0.0 0.0 0.12628783852782058 0.3667091197878953 0.24742137208855614 -0.38778289518334824 0.0 0.0 0.0 0.0 -0.43928563189038883 0.5077253367970506 -0.1438945103683519 0.0 0.0 0.40806908730781183
0.0 0.0 0.0 0.0 0.0 0.0 0.0 0.07683332107242533 0.2383589172417185 0.33162689791525424 -0.4702644763945567 0.0 0.0 0.0 0.0 -0.385786473370163 0.40113331454444007 -0.022089404139064486 0.0 0.0 0.5439940342658008
0.0 0.0 0.0 0.0 0.0 0.0 0.0 0.16716368184964436 0.3028770823764221 0.24502714339328202 -0.5145739063890031 0.0 0.0 0.0 0.0 -0.39360213998192256 0.37282364518341726 -0.10511755184076535 0.0 0.0 0.500527077783521
0.0 0.0 0.0 0.0 0.0 0.0 0.0 0.13096519244623883 0.2970627891018801 0.2011269164225662 -0.6251583047871676 0.0 0.0 0.0 0.0 -0.24354468141180036 0.43989218659880014 -0.17133686432908818 0.0 0.0 0.42561885107657416
0.0 0.0 0.0 0.0 0.0 0.0 0.0 0.1364303972870709 0.3266115803243872 0.2950080962651775 -0.5039243046406314 0.0 0.0 0.0 0.0 -0.28593495521537965 0.4383271970381081 -0.16851469237915684 0.0 0.0 0.4810981280358539
0.0 0.0 0.0 0.0 0.0 0.0 0.0 0.06085127614715693 0.30716695305595404 0.44332137539400657 -0.4609982050997359 0.0 0.0 0.0 0.0 -0.1498228545165844 0.3203453200273 -0.23039882696866743 0.0 0.0 0.5610176172703876
0.0 0.0 0.0 0.0 0.0 0.0 0.0 0.08290456480881148 0.29654872794814763 0.44236408207968847 -0.5560220961026846 0.0 0.0 0.0 0.0 -0.27634501384180643 0.4085968875373312 -0.19066071726598155 0.0 0.0 0.3473753594150968
0.0 0.0 0.0 0.0 0.0 0.0 0.0 0.38777166436680605 -0.12666820979113202 0.6249996258223675 0.0018463019655069923 0.0 0.0 0.0 0.0 -0.5750277909997288 0.3108787616674578 0.0719753755000603 0.0 0.0 0.10235887981589645
0.0 0.0 0.0 0.0 0.0 0.0 0.0 0.3277158358613852 -0.18474617098135332 0.7646562833085426 0.004444863266644165 0.0 0.0 0.0 0.0 -0.495479928685725 0.07737797466621466 0.11378357596639735 0.0 0.0 0.09652865878665888
0.0 0.0 0.0 0.0 0.0 0.0 0.0 0.27199127539210916 0.6278481647751346 -0.33403034521296865 0.02744097768201843 0.0 0.0 0.0 0.0 0.23339715243581366 0.5211198674197107 0.007978018159508906 0.0 0.0 -0.3056048978033446
0.0 0.0 0.0 0.0 0.0 0.0 0.0 0.18329684222392914 -0.20370067589686522 0.5971183996599999 -0.03194748972714483 0.0 0.0 0.0 0.0 -0.20929388822699685 -0.5751408833481799 -0.10672174678374086 0.0 0.0 0.42586004552345447
0.0 0.0 0.0 0.0 0.0 0.0 0.0 -0.3397856790079052 -0.2614630105997333 0.8222399528142488 -0.17862742466953127 0.0 0.0 0.0 0.0 -0.19021044635672044 0.24259031973730283 -0.08454536130656787 0.0 0.0 0.07757895545369099
0.0 0.0 0.0 0.0 0.0 0.0 0.0 0.15181754895306443 0.4097691503673411 0.2459676869266415 -0.39341009190608445 0.0 0.0 0.0 0.0 -0.4063928129928847 0.46476638631837375 -0.22732821323471078 0.0 0.0 0.401158376424224
0.0 0.0 0.0 0.0 0.0 0.0 0.0 0.39622733436324364 -0.2582201946967586 0.5519860718230939 0.005469871272450891 0.0 0.0 0.0 0.0 -0.6206186224127832 0.29392445402994194 0.006834468624535982 0.0 0.0 0.001385081954070074
0.0 0.0 0.0 0.0 0.0 0.0 0.0 0.14749984003622757 -0.4530801315681279 0.7959161625253978 -0.0058047334870222666 0.0 0.0 0.0 0.0 0.3732578158105987 0.006878031160879836 -0.004539489859415872 0.0 0.0 -0.007526454872771887
0.0 0.0 0.0 0.0 0.0 0.0 0.0 0.531340816318726 -0.13078054685631077 0.6872738265223873 -0.003986745624199259 0.0 0.0 0.0 0.0 -0.446623036053235 0.16036885345507537 -0.02406358534382152 0.0 0.0 0.04942486300247585
0.0 0.0 0.0 0.0 0.0 0.0 0.0 0.4010944968960697 -0.1659072261307277 0.6667430522503777 -0.013360514726937745 0.0 0.0 0.0 0.0 -0.5935669347481886 0.11868221197746744 -0.017017812466366494 0.0 0.0 0.013282183254737238
0.0 0.0 0.0 0.0 0.0 0.0 0.0 -0.293967288684739 -0.6150404188722809 -0.1692798918464681 0.02709875421958085 0.0 0.0 0.0 0.0 -0.2606079370186796 -0.5838001438168609 0.3117210650783415 0.0 0.0 0.0030602126809165272
0.0 0.0 0.0 0.0 0.0 0.0 0.0 -0.0580016909338795 -0.5710947511974639 -0.2940504372995025 0.01186550412466133 0.0 0.0 0.0 0.0 -0.10466976685838031 -0.6914686059436739 0.30768687079186136 0.0 0.0 0.011150586612084365
0.0 0.0 0.0 0.0 0.0 0.0 0.0 -0.08083040032003874 -0.516576542774082 -0.14341694554498588 0.005263712401291647 0.0 0.0 0.0 0.0 -0.182889516202619 -0.7471192521232717 0.3363468940707098 0.0 0.0 0.035411999673900164
0.0 0.0 0.0 0.0 0.0 0.0 0.0 -0.2177616013947267 -0.5828467235987015 -0.2607460020071125 0.01231719875897022 0.0 0.0 0.0 0.0 -0.19483244037406283 -0.6484375877200556 0.29187401895110493 0.0 0.0 0.03328607623788212
0.0 0.0 0.0 0.0 0.0 0.0 0.0 -0.22660646348695573 -0.6905671170662853 -0.26941144084718743 0.13421845435184807 0.0 0.0 0.0 0.0 -0.14840743138991055 -0.4730408725045741 0.36788688093801875 0.0 0.0 0.00602160001943585
0.0 0.0 0.0 0.0 0.0 0.0 0.0 -0.11384587553225115 -0.5831737079747178 -0.29735447217170996 0.007140482422009302 0.0 0.0 0.0 0.0 -0.09337294552533669 -0.6476886949409671 0.3594726913151278 0.0 0.0 0.03220413063298617
0.0 0.0 0.0 0.0 0.0 0.0 0.0 -0.15188476041032545 -0.5928029957250346 -0.13345826091367607 0.001617475605315495 0.0 0.0 0.0 0.0 -0.2015843290921881 -0.6699918713358215 0.3437286009417874 0.0 0.0 0.005215715105697878
0.0 0.0 0.0 0.0 0.0 0.0 0.0 -0.2331763234487849 -0.4845131737661402 -0.14343673299343834 0.006143458413048448 0.0 0.0 0.0 0.0 -0.2641778195686126 -0.742156101801758 0.26380912375313204 0.0 0.0 0.009115624381399604
0.0 0.0 0.0 0.0 0.0 0.0 0.0 0.43062568598839573 -0.22893041372790532 0.5749872434669416 -0.01749770623044173 0.0 0.0 0.0 0.0 -0.6147231527631076 0.2260650890762571 -0.018539187983953844 0.0 0.0 0.043614261786479924
0.0 0.0 0.0 0.0 0.0 0.0 0.0 0.08989969296529392 0.5494286860325303 -0.06695488272562916 -0.0018588152441959109 0.0 0.0 0.0 0.0 -0.03761235355551235 -0.7661539303816137 -0.26641229078880824 0.0 0.0 0.16179527122842036
0.0 0.0 0.0 0.0 0.0 0.0 0.0 -0.24713205508293548 -0.6954252677995775 -0.15878820013208997 0.05200737250669627 0.0 0.0 0.0 0.0 -0.20591133480180976 -0.49869090478709766 0.36814969738847175 0.0 0.0 0.027653009884491084
0.0 0.0 0.0 0.0 0.0 0.0 0.0 -0.05621069298055107 -0.590167761753234 -0.1662473620097132 0.007195480511034825 0.0 0.0 0.0 0.0 -0.12386082041662372 -0.6858816339108454 0.3664816503713572 0.0 0.0 0.027721688935694426
0.0 0.0 0.0 0.0 0.0 0.0 0.0 0.025841966118404076 -0.6218423123778507 -0.17329443110593712 0.0703336147177956 0.0 0.0 0.0 0.0 -0.06943601382464545 -0.6304469750401172 0.4173892326435918 0.0 0.0 0.03417651579965873
0.0 0.0 0.0 0.0 0.0 0.0 0.0 -0.15329748718710817 -0.6242965594069881 -0.28743158618593817 0.04580285956026039 0.0 0.0 0.0 0.0 -0.1483205201018532 -0.5978727590316745 0.34931123388018215 0.0 0.0 -0.023868742386808143
0.0 0.0 0.0 0.0 0.0 0.0 0.0 -0.1390264972883398 -0.580383208522427 -0.14814815507891743 0.039459068663286224 0.0 0.0 0.0 0.0 -0.22282734090659956 -0.6699721932867023 0.346977623750369 0.0 0.0 0.03760100194854037
0.0 0.0 0.0 0.0 0.0 0.0 0.0 -0.09180312850388106 -0.5822409619256644 -0.1643972834095568 -0.01584011946773332 0.0 0.0 0.0 0.0 -0.10403161212852559 -0.6305397354833804 0.4634156316580064 0.0 0.0 0.04618754881006821
0.0 0.0 0.0 0.0 0.0 0.0 0.0 -0.2598733426128538 -0.6279568783179167 -0.222278620225258 0.04813407827845844 0.0 0.0 0.0 0.0 -0.25282606382683737 -0.5546219575550567 0.3350645140561993 0.0 0.0 0.05115239329088959
0.0 0.0 0.0 0.0 0.0 0.0 0.0 -0.2137653531335459 -0.651700992878659 -0.12252235817624317 0.010849889846137125 0.0 0.0 0.0 0.0 -0.24933600764833955 -0.6013727428125573 0.29602651182452544 0.0 0.0 0.054876453119828035
0.0 0.0 0.0 0.0 0.0 0.0 0.0 -0.0930265737674704 -0.6239038625109915 -0.24314488504200632 0.055500076403607206 0.0 0.0 0.0 0.0 -0.1238446057742169 -0.6725738054544067 0.265448062074085 0.0 0.0 -0.04164912354868589
0.0 0.0 0.0 0.0 0.0 0.0 0.0 -0.24341684284627987 -0.6163472026834252 -0.15410833496366336 0.05143030470879257 0.0 0.0 0.0 0.0 -0.23582959702775302 -0.6542399255574324 0.21632093294349572 0.0 0.0 -0.06347980905880633
0.0 0.0 0.0 0.0 0.0 0.0 0.0 -0.18407753160099316 -0.4448747425006922 -0.25802135863544096 0.12821531699824273 0.0 0.0 0.0 0.0 -0.2732999978289119 -0.6915887312068888 0.36280065606116907 0.0 0.0 -0.023990807313157246
0.0 0.0 0.0 0.0 0.0 0.0 0.0 -0.01405127525374042 -0.4539519085165757 -0.16458074331884673 0.042085376255926364 0.0 0.0 0.0 0.0 -0.18727319863817826 -0.7545384774036002 0.3911141007136006 0.0 0.0 0.08661652188923688
0.0 0.0 0.0 0.0 0.0 0.0 0.0 -0.21261582048793554 -0.6307300930868208 -0.22072003677618302 0.08287679555721815 0.0 0.0 0.0 0.0 -0.20782042759620215 -0.5862667469424763 0.33635180233635065 0.0 0.0 -0.036845638071916494
0.0 0.0 0.0 0.0 0.0 0.0 0.0 -0.22656332308404442 -0.559232506608242 -0.28554560996629835 0.0186123699052488 0.0 0.0 0.0 0.0 -0.27413340803541747 -0.6444077166356357 0.252118620463728 0.0 0.0 0.008433211491632984
0.0 0.0 0.0 0.0 0.0 0.0 0.0 -0.06184038558319837 -0.5752745664963684 -0.28849272929422204 0.0027216407302582705 0.0 0.0 0.0 0.0 -0.0979768913081944 -0.7248162316496992 0.21293640860671176 0.0 0.0 -0.041225267322722955
0.0 0.0 0.0 0.0 0.0 0.0 0.0 -0.3157248570077907 -0.5516781235258682 -0.21211913468070934 0.07905936171053188 0.0 0.0 0.0 0.0 -0.28834592477362947 -0.536930896617125 0.4127829106716286 0.0 0.0 -0.05381692392218498
0.0 0.0 0.0 0.0 0.0 0.0 0.0 -0.23533939684301847 -0.5514664635167887 -0.03433405072856917 0.005199500382594729 0.0 0.0 0.0 0.0 -0.20402848592189504 -0.7461020663534103 0.19628118424739088 0.0 0.0 0.049719475984991254
0.0 0.0 0.0 0.0 0.0 0.0 0.0 -0.18686549514641151 -0.6035095405563686 -0.313427890592575 0.006016600679573354 0.0 0.0 0.0 0.0 -0.17609908373943867 -0.5509648657902873 0.40940003028283967 0.0 0.0 0.02006797626342966
0.0 0.0 0.0 0.0 0.0 0.0 0.0 -0.13154392265142478 -0.4727729039599581 -0.16743613201071483 0.025355970763956882 0.0 0.0 0.0 0.0 -0.16099741255047786 -0.7514052758074315 0.3724738977977748 0.0 0.0 0.03517576209257971
0.0 0.0 0.0 0.0 0.0 0.0 0.0 -0.07200869018293646 -0.6705319540396771 -0.12172536800963718 0.01716955288471037 0.0 0.0 0.0 0.0 -0.12169867913378639 -0.6872060224413455 0.20427272573648647 0.0 0.0 0.036052130646475895
0.0 0.0 0.0 0.0 0.0 0.0 0.0 -0.17173406512177553 -0.5609836666377694 -0.29672900283478876 0.07545279581160295 0.0 0.0 0.0 0.0 -0.24747243458830476 -0.6256665140980436 0.3264055762490689 0.0 0.0 0.05311984725252142
0.0 0.0 0.0 0.0 0.0 0.0 0.0 -0.07884178992225316 -0.6184163217630991 -0.21058976964977152 0.1084701810716921 0.0 0.0 0.0 0.0 -0.06932709015662061 -0.5755471406726751 0.4680137699905202 0.0 0.0 0.011564964728407115
0.0 0.0 0.0 0.0 0.0 0.0 0.0 -0.25172090425692356 -0.6952964234628322 -0.1422377178832886 0.029453778521572344 0.0 0.0 0.0 0.0 -0.1712897875415052 -0.5877062180104223 0.23923506797118724 0.0 0.0 0.011321160308033871
0.0 0.0 0.0 0.0 0.0 0.0 0.0 -0.1380758317489792 -0.4721228062944282 -0.25245765327181935 0.037687983073703364 0.0 0.0 0.0 0.0 -0.1818086623424803 -0.7726357852631636 0.24808424186577394 0.0 0.0 0.036244065248259974
0.0 0.0 0.0 0.0 0.0 0.0 0.0 -0.2232001572987976 -0.5071802961362646 -0.4012029128083415 0.004615171843602616 0.0 0.0 0.0 0.0 -0.1610266790593297 -0.6124607860344292 0.3615638351406368 0.0 0.0 0.014090679738265282
0.0 0.0 0.0 0.0 0.0 0.0 0.0 -0.11492927594060198 -0.6192497893386377 -0.22167243996719585 0.041811417076031275 0.0 0.0 0.0 0.0 -0.17062652269576944 -0.6567327556544071 0.300181269626686 0.0 0.0 0.043749028166753405
0.0 0.0 0.0 0.0 0.0 0.0 0.0 -0.06569447529886946 -0.5350116756217831 -0.24727702597180018 0.07146595327474155 0.0 0.0 0.0 0.0 -0.12862770808962942 -0.7008632221011615 0.3671367801851406 0.0 0.0 0.02548870466554216
0.0 0.0 0.0 0.0 0.0 0.0 0.0 -0.13775890226883372 -0.4477434036382181 -0.1059560208696459 0.03919195659730226 0.0 0.0 0.0 0.0 -0.14724782417728544 -0.6956898368431766 0.45804028768129373 0.0 0.0 -0.22873230111355747
0.0 0.0 0.0 0.0 0.0 0.0 0.0 0.07137675564305254 0.22497955211350962 0.27531276228833834 0.03932729691268106 0.0 0.0 0.0 0.0 0.20040570961969112 -0.44196152192269306 0.04364689926690528 0.0 0.0 -0.7934408102683985
0.0 0.0 0.0 0.0 0.0 0.0 0.0 -0.30318229339702035 0.09608487370721314 0.5752781343581427 0.0726912488859097 0.0 0.0 0.0 0.0 0.23657443965828345 -0.5701097366307359 0.19207240601406084 0.0 0.0 -0.38044034752794703
0.0 0.0 0.0 0.0 0.0 0.0 0.0 0.09882309544109955 -0.14780131982912026 0.4786453222627927 0.12803339294298016 0.0 0.0 0.0 0.0 0.6117452693450882 -0.17297093809489755 0.08080873028801118 0.0 0.0 -0.5587607721998575
0.0 0.0 0.0 0.0 0.0 0.0 0.0 0.5502944018410577 0.4362675204900145 0.4483965493961381 -0.02145478139296173 0.0 0.0 0.0 0.0 -0.3957011666849528 -0.2922901891843737 -0.1989788013780209 0.0 0.0 0.15401758765089285
0.0 0.0 0.0 0.0 0.0 0.0 0.0 -0.07013220855654739 -0.6141494023227891 0.28083971482948294 0.07747493081971729 0.0 0.0 0.0 0.0 0.26197112161753205 -0.10728356733454784 0.021725561852867895 0.0 0.0 -0.672620280841367
0.0 0.0 0.0 0.0 0.0 0.0 0.0 0.1782261362310928 0.01695900202946055 0.5990071838619461 0.13947307674252188 0.0 0.0 0.0 0.0 0.6683805969184803 0.1968144508759565 0.19491766985927866 0.0 0.0 -0.25734032471802204
0.0 0.0 0.0 0.0 0.0 0.0 0.0 0.2534068530310289 0.6750184222299411 0.5840690790756875 0.06338157081984033 0.0 0.0 0.0 0.0 -0.0704590176258657 -0.2811624345930947 0.09496364167411998 0.0 0.0 -0.20480796567533768
0.0 0.0 0.0 0.0 0.0 0.0 0.0 0.33164416890677306 0.5634419272310917 0.5500402573731245 -0.07573761784444194 0.0 0.0 0.0 0.0 -0.22172309292890321 -0.4471041206383668 -0.07591083991097629 0.0 0.0 0.09715548432615063
0.0 0.0 0.0 0.0 0.0 0.0 0.0 0.12528514482877498 0.03360066845941963 -0.5190711451371274 -0.6302969600366087 0.0 0.0 0.0 0.0 -0.006883957781221667 0.03846718914292221 -0.28699393847756727 0.0 0.0 0.4822581070140731
0.0 0.0 0.0 0.0 0.0 0.0 0.0 -0.16614562982761621 -0.5690074708235804 -0.2064480573902241 0.06015211785233832 0.0 0.0 0.0 0.0 -0.20962579359204825 -0.6688282553060839 0.3331255981246981 0.0 0.0 -0.011839661861899843
0.0 0.0 0.0 0.0 0.0 0.0 0.0 -0.2941312580411633 0.28531171615768985 -0.39074082597967646 -0.7214436093879528 0.0 0.0 0.0 0.0 -0.24872168394843178 -0.22025496448058243 -0.025371460918086584 0.0 0.0 0.2188751163989988
0.0 0.0 0.0 0.0 0.0 0.0 0.0 0.06747290434593094 0.18876857529573593 0.22452331617307744 -0.5119114217701816 0.0 0.0 0.0 0.0 -0.31834671229530376 0.42054028238491786 -0.02830416512132185 0.0 0.0 0.6069183839817245
0.0 0.0 0.0 0.0 0.0 0.0 0.0 0.07945490718187778 0.1941512058039109 0.4184353247645144 -0.45569779238038194 0.0 0.0 0.0 0.0 -0.42615871546691775 0.43957215662611415 -0.053898829464345585 0.0 0.0 0.4421579045448531
0.0 0.0 0.0 0.0 0.0 0.0 0.0 0.09489513803807675 0.35466191139497083 0.4074215483450446 -0.4177859765861976 0.0 0.0 0.0 0.0 -0.32262841641505563 0.3840846051639039 -0.25532512225587645 0.0 0.0 0.4559291655916158
0.0 0.0 0.0 0.0 0.0 0.0 0.0 0.13863197331707944 0.20824566083605098 0.32969311023131775 -0.5052922488030737 0.0 0.0 0.0 0.0 -0.33573852970122037 0.4044776716800652 -0.2070813981733309 0.0 0.0 0.5041744384631339
0.0 0.0 0.0 0.0 0.0 0.0 0.0 0.07476266954725795 0.19538562663528294 0.31877423337331035 -0.3676968651032732 0.0 0.0 0.0 0.0 -0.3950005824340901 0.3802710879638446 -0.029754816902841267 0.0 0.0 0.6464519271249725
0.0 0.0 0.0 0.0 0.0 0.0 0.0 0.0755162178769596 0.3584228435528895 0.589984122951402 -0.30512414160098494 0.0 0.0 0.0 0.0 -0.4128515201669872 0.3023352696715704 -0.07711633188469395 0.0 0.0 0.39604095406867207
0.0 0.0 0.0 0.0 0.0 0.0 0.0 0.060674664128880354 0.2369373749557624 0.2367305748806922 -0.41712164499861076 0.0 0.0 0.0 0.0 -0.33723365095743124 0.4301617377463645 -0.08604085042470265 0.0 0.0 0.6355932266563052
0.0 0.0 0.0 0.0 0.0 0.0 0.0 0.0819842982815313 0.26278734207503995 0.38101950993538547 -0.48522590457445924 0.0 0.0 0.0 0.0 -0.36646918776310355 0.43994945382991585 -0.1213969691384272 0.0 0.0 0.4483401952066432
0.0 0.0 0.0 0.0 0.0 0.0 0.0 0.1452156637115126 0.3066739176192305 0.21404197956166052 -0.35084038669165896 0.0 0.0 0.0 0.0 -0.4172841084632385 0.5050904939449133 -0.19465189020680163 0.0 0.0 0.4988274057283885
0.0 0.0 0.0 0.0 0.0 0.0 0.0 0.08854267894942117 0.22387053276257152 0.3343114761315892 -0.4655822843707869 0.0 0.0 0.0 0.0 -0.30746772119152543 0.3533915676122463 -0.10792228439672313 0.0 0.0 0.6184188975672573
0.0 0.0 0.0 0.0 0.0 0.0 0.0 0.05854689421404211 0.2483695011774841 0.30717663728141836 -0.5607335753809819 0.0 0.0 0.0 0.0 -0.44115254850926805 0.40982124407467674 -0.013171811882012843 0.0 0.0 0.4041815226260166
0.0 0.0 0.0 0.0 0.0 0.0 0.0 0.08165262022685568 0.2342784548617371 0.2851026402008348 -0.35152888810459 0.0 0.0 0.0 0.0 -0.5346132809530395 0.49130271309165746 -0.08295383121932899 0.0 0.0 0.44667586279044436
0.0 0.0 0.0 0.0 0.0 0.0 0.0 0.14875622834387264 0.30470408747973576 0.2850032374751613 -0.547831277916208 0.0 0.0 0.0 0.0 -0.3235417203753837 0.3340799465444354 -0.1645573891248818 0.0 0.0 0.5102090349506022
0.0 0.0 0.0 0.0 0.0 0.0 0.0 0.04353744309640206 0.18549660308135923 0.4533769891128267 -0.43851200867287987 0.0 0.0 0.0 0.0 -0.2941058588999209 0.3283558093911846 -0.10830597887902092 0.0 0.0 0.5998383502456517
0.0 0.0 0.0 0.0 0.0 0.0 0.0 0.08772861627415762 0.2822612911928845 0.1604547780702855 -0.5024647629592026 0.0 0.0 0.0 0.0 -0.49728217676919156 0.3673038471287995 -0.06780324941390421 0.0 0.0 0.49761101221788606
0.0 0.0 0.0 0.0 0.0 0.0 0.0 0.09594642322905106 0.3378356366933556 0.35571784605133394 -0.5296414283575678 0.0 0.0 0.0 0.0 -0.29490446910586304 0.40984927930489784 -0.19365975294120968 0.0 0.0 0.4209001785018585
