0.0 0.0 0.7039149785976029 0.0 -0.015493480651415413 0.0 0.0 0.0 0.0 0.0 0.0 0.7039149785976029 0.0 -0.09234343466906951 0.0 0.0 0.0 0.0 -0.015493480651415413 0.0 0.0
0.0 0.0 -0.5904496631297148 0.0 0.08931285189797251 0.0 0.0 0.0 0.0 0.0 0.0 -0.5904496631297148 0.0 0.5355229403038811 0.0 0.0 0.0 0.0 0.08931285189797251 0.0 0.0
0.0 0.0 -0.5358004239918721 0.0 0.10845313920809244 0.0 0.0 0.0 0.0 0.0 0.0 -0.5358004239918721 0.0 0.6342804147158263 0.0 0.0 0.0 0.0 0.10845313920809244 0.0 0.0
0.0 0.0 -0.6329375295305893 0.0 0.07401166167751398 0.0 0.0 0.0 0.0 0.0 0.0 -0.6329375295305893 0.0 0.43338748862293536 0.0 0.0 0.0 0.0 0.07401166167751398 0.0 0.0
0.0 0.0 0.4641628426789217 0.0 -0.12357610554255022 0.0 0.0 0.0 0.0 0.0 0.0 0.4641628426789217 0.0 -0.7338689278272503 0.0 0.0 0.0 0.0 -0.12357610554255022 0.0 0.0
0.0 0.0 0.6208184519497877 0.0 -0.0793347778325502 0.0 0.0 0.0 0.0 0.0 0.0 0.6208184519497877 0.0 -0.4653825152386562 0.0 0.0 0.0 0.0 -0.0793347778325502 0.0 0.0
0.0 0.0 -0.6734778235367747 0.0 0.05042477225289233 0.0 0.0 0.0 0.0 0.0 0.0 -0.6734778235367747 0.0 0.29625989788499224 0.0 0.0 0.0 0.0 0.05042477225289233 0.0 0.0
0.0 0.0 -0.2154791086492867 0.0 0.1572343823838065 0.0 0.0 0.0 0.0 0.0 0.0 -0.2154791086492867 0.0 0.9261167342534005 0.0 0.0 0.0 0.0 0.1572343823838065 0.0 0.0
0.0 0.0 0.29577786826503805 0.0 -0.14897026436142408 0.0 0.0 0.0 0.0 0.0 0.0 0.29577786826503805 0.0 -0.8835420906563277 0.0 0.0 0.0 0.0 -0.14897026436142408 0.0 0.0
0.0 0.0 -0.2676288784807627 0.0 0.15106362678813173 0.0 0.0 0.0 0.0 0.0 0.0 -0.2676288784807627 0.0 0.9006159715047753 0.0 0.0 0.0 0.0 0.15106362678813173 0.0 0.0
0.0 0.0 0.46457296027803635 0.0 -0.12500516205141762 0.0 0.0 0.0 0.0 0.0 0.0 0.46457296027803635 0.0 -0.732865163640626 0.0 0.0 0.0 0.0 -0.12500516205141762 0.0 0.0
0.0 0.0 0.4643807493008198 0.0 -0.12444274551134099 0.0 0.0 0.0 0.0 0.0 0.0 0.4643807493008198 0.0 -0.7333001060526431 0.0 0.0 0.0 0.0 -0.12444274551134099 0.0 0.0
0.0 0.0 0.43577834885441374 0.0 -0.12802396870312888 0.0 0.0 0.0 0.0 0.0 0.0 0.43577834885441374 0.0 -0.7664295063568745 0.0 0.0 0.0 0.0 -0.12802396870312888 0.0 0.0
0.0 0.0 0.5114776045540167 0.0 -0.11210320241306906 0.0 0.0 0.0 0.0 0.0 0.0 0.5114776045540167 0.0 -0.672046921053016 0.0 0.0 0.0 0.0 -0.11210320241306906 0.0 0.0
0.0 0.0 0.43668469862284554 0.0 -0.12811583842555607 0.0 0.0 0.0 0.0 0.0 0.0 0.43668469862284554 0.0 -0.7653663252759313 0.0 0.0 0.0 0.0 -0.12811583842555607 0.0 0.0
0.0 0.0 0.5131685925004636 0.0 -0.1136743927478119 0.0 0.0 0.0 0.0 0.0 0.0 0.5131685925004636 0.0 -0.6689336710085826 0.0 0.0 0.0 0.0 -0.1136743927478119 0.0 0.0
0.0 0.0 0.43815141967832055 0.0 -0.1300193166657838 0.0 0.0 0.0 0.0 0.0 0.0 0.43815141967832055 0.0 -0.7630443115935468 0.0 0.0 0.0 0.0 -0.1300193166657838 0.0 0.0
0.0 0.0 0.4618117144836303 0.0 -0.1233304303975574 0.0 0.0 0.0 0.0 0.0 0.0 0.4618117144836303 0.0 -0.736911860813277 0.0 0.0 0.0 0.0 -0.1233304303975574 0.0 0.0
0.0 0.0 0.572844692288173 0.0 -0.0954447115662169 0.0 0.0 0.0 0.0 0.0 0.0 0.572844692288173 0.0 -0.5705072577124851 0.0 0.0 0.0 0.0 -0.0954447115662169 0.0 0.0
0.0 0.0 0.46398294066710655 0.0 -0.12352174146317131 0.0 0.0 0.0 0.0 0.0 0.0 0.46398294066710655 0.0 -0.7341147187678637 0.0 0.0 0.0 0.0 -0.12352174146317131 0.0 0.0
0.0 0.0 0.3516951516872761 0.0 -0.1409698969451449 0.0 0.0 0.0 0.0 0.0 0.0 0.3516951516872761 0.0 -0.8443198545988825 0.0 0.0 0.0 0.0 -0.1409698969451449 0.0 0.0
0.0 0.0 0.4381469901472368 0.0 -0.1303333062519668 0.0 0.0 0.0 0.0 0.0 0.0 0.4381469901472368 0.0 -0.7629422577185617 0.0 0.0 0.0 0.0 -0.1303333062519668 0.0 0.0
0.0 0.0 0.4647528943608222 0.0 -0.12527057336976463 0.0 0.0 0.0 0.0 0.0 0.0 0.4647528943608222 0.0 -0.7325462860882566 0.0 0.0 0.0 0.0 -0.12527057336976463 0.0 0.0
0.0 0.0 0.4626690490625318 0.0 -0.12384607034895848 0.0 0.0 0.0 0.0 0.0 0.0 0.4626690490625318 0.0 -0.7356622892315379 0.0 0.0 0.0 0.0 -0.12384607034895848 0.0 0.0
0.0 0.0 0.35259069254988507 0.0 -0.1421131405624054 0.0 0.0 0.0 0.0 0.0 0.0 0.35259069254988507 0.0 -0.8431887793450319 0.0 0.0 0.0 0.0 -0.1421131405624054 0.0 0.0
0.0 0.0 -0.690347299827813 0.0 0.0356374681574087 0.0 0.0 0.0 0.0 0.0 0.0 -0.690347299827813 0.0 0.21047839073775443 0.0 0.0 0.0 0.0 0.0356374681574087 0.0 0.0
0.0 0.0 -0.352035092761733 0.0 0.14073243279548367 0.0 0.0 0.0 0.0 0.0 0.0 -0.352035092761733 0.0 0.8441157217155746 0.0 0.0 0.0 0.0 0.14073243279548367 0.0 0.0
0.0 0.0 -0.4379832438340357 0.0 0.12948907858812633 0.0 0.0 0.0 0.0 0.0 0.0 -0.4379832438340357 0.0 0.76341765325019 0.0 0.0 0.0 0.0 0.12948907858812633 0.0 0.0
0.0 0.0 -0.4640554453318411 0.0 0.12359112079177746 0.0 0.0 0.0 0.0 0.0 0.0 -0.4640554453318411 0.0 0.7339996982551136 0.0 0.0 0.0 0.0 0.12359112079177746 0.0 0.0
0.0 0.0 -0.5348282362207764 0.0 0.10708417589839321 0.0 0.0 0.0 0.0 0.0 0.0 -0.5348282362207764 0.0 0.6363831189042264 0.0 0.0 0.0 0.0 0.10708417589839321 0.0 0.0
0.0 0.0 -0.4370880597606625 0.0 0.12927212235371452 0.0 0.0 0.0 0.0 0.0 0.0 -0.4370880597606625 0.0 0.7645165091701105 0.0 0.0 0.0 0.0 0.12927212235371452 0.0 0.0
0.0 0.0 -0.46224667759389765 0.0 0.12372285917750772 0.0 0.0 0.0 0.0 0.0 0.0 -0.46224667759389765 0.0 0.7362345593224293 0.0 0.0 0.0 0.0 0.12372285917750772 0.0 0.0
0.0 0.0 -0.5120411077256612 0.0 0.11339408151842661 0.0 0.0 0.0 0.0 0.0 0.0 -0.5120411077256612 0.0 0.6707543309970802 0.0 0.0 0.0 0.0 0.11339408151842661 0.0 0.0
0.0 0.0 -0.4361036753283299 0.0 0.12856408204420738 0.0 0.0 0.0 0.0 0.0 0.0 -0.4361036753283299 0.0 0.7658783991904367 0.0 0.0 0.0 0.0 0.12856408204420738 0.0 0.0
0.0 0.0 -0.46305055808664325 0.0 0.123302241706037 0.0 0.0 0.0 0.0 0.0 0.0 -0.46305055808664325 0.0 0.7353648588910326 0.0 0.0 0.0 0.0 0.123302241706037 0.0 0.0
0.0 0.0 -0.4641901130850842 0.0 0.12407235074084927 0.0 0.0 0.0 0.0 0.0 0.0 -0.4641901130850842 0.0 0.7336669417326863 0.0 0.0 0.0 0.0 0.12407235074084927 0.0 0.0
0.0 0.0 0.3810943052288744 0.0 -0.13720916448903295 0.0 0.0 0.0 0.0 0.0 0.0 0.3810943052288744 0.0 -0.8196838118474015 0.0 0.0 0.0 0.0 -0.13720916448903295 0.0 0.0
0.0 0.0 0.5747167876162843 0.0 -0.09576146626292387 0.0 0.0 0.0 0.0 0.0 0.0 0.5747167876162843 0.0 -0.5666221944315166 0.0 0.0 0.0 0.0 -0.09576146626292387 0.0 0.0
0.0 0.0 0.4638823912369882 0.0 -0.12350268634631836 0.0 0.0 0.0 0.0 0.0 0.0 0.4638823912369882 0.0 -0.7342482053985514 0.0 0.0 0.0 0.0 -0.12350268634631836 0.0 0.0
0.0 0.0 0.5344360622851181 0.0 -0.10779019562366714 0.0 0.0 0.0 0.0 0.0 0.0 0.5344360622851181 0.0 -0.6368035318001763 0.0 0.0 0.0 0.0 -0.10779019562366714 0.0 0.0
0.0 0.0 0.6516220528335595 0.0 -0.06354057461327058 0.0 0.0 0.0 0.0 0.0 0.0 0.6516220528335595 0.0 -0.37775996515987037 0.0 0.0 0.0 0.0 -0.06354057461327058 0.0 0.0
0.0 0.0 0.46262034735709034 0.0 -0.12277833119889558 0.0 0.0 0.0 0.0 0.0 0.0 0.46262034735709034 0.0 -0.7360813753916334 0.0 0.0 0.0 0.0 -0.12277833119889558 0.0 0.0
0.0 0.0 0.5350780973015572 0.0 -0.10688749359689512 0.0 0.0 0.0 0.0 0.0 0.0 0.5350780973015572 0.0 -0.6360290771666324 0.0 0.0 0.0 0.0 -0.10688749359689512 0.0 0.0
0.0 0.0 0.5134608696165338 0.0 -0.11282460856424556 0.0 0.0 0.0 0.0 0.0 0.0 0.5134608696165338 0.0 -0.6687728210311146 0.0 0.0 0.0 0.0 -0.11282460856424556 0.0 0.0
0.0 0.0 0.5128973269552068 0.0 -0.11247991118058856 0.0 0.0 0.0 0.0 0.0 0.0 0.5128973269552068 0.0 -0.6697530911955698 0.0 0.0 0.0 0.0 -0.11247991118058856 0.0 0.0
0.0 0.0 0.5752322429386335 0.0 -0.09691476597911049 0.0 0.0 0.0 0.0 0.0 0.0 0.5752322429386335 0.0 -0.5651820853831147 0.0 0.0 0.0 0.0 -0.09691476597911049 0.0 0.0
0.0 0.0 -0.6790918227014461 0.0 0.04650900473739939 0.0 0.0 0.0 0.0 0.0 0.0 -0.6790918227014461 0.0 0.27081805264185865 0.0 0.0 0.0 0.0 0.04650900473739939 0.0 0.0
0.0 0.0 0.6693078592274867 0.0 -0.22808092103598762 0.0 0.0 0.0 0.0 0.0 0.0 0.6693078592274867 0.0 -0.0034879895912715447 0.0 0.0 0.0 0.0 -0.22808092103598762 0.0 0.0
0.0 0.0 0.7044719589022342 0.0 -0.06097496870411298 0.0 0.0 0.0 0.0 0.0 0.0 0.7044719589022342 0.0 -0.0016200691227596024 0.0 0.0 0.0 0.0 -0.06097496870411298 0.0 0.0
0.0 0.0 -0.6956882311554858 0.0 0.12656105427591371 0.0 0.0 0.0 0.0 0.0 0.0 -0.6956882311554858 0.0 0.0006075727455780829 0.0 0.0 0.0 0.0 0.12656105427591371 0.0 0.0
0.0 0.0 -0.698534476255033 0.0 0.10976294251227428 0.0 0.0 0.0 0.0 0.0 0.0 -0.698534476255033 0.0 0.0018340851419086411 0.0 0.0 0.0 0.0 0.10976294251227428 0.0 0.0
0.0 0.0 -0.7070238927513548 0.0 0.010826552723282746 0.0 0.0 0.0 0.0 0.0 0.0 -0.7070238927513548 0.0 4.08619838513347e-05 0.0 0.0 0.0 0.0 0.010826552723282746 0.0 0.0
0.0 0.0 0.5125688583450884 0.0 -0.11193533009049128 0.0 0.0 0.0 0.0 0.0 0.0 0.5125688583450884 0.0 -0.6704381363442052 0.0 0.0 0.0 0.0 -0.11193533009049128 0.0 0.0
0.0 0.0 0.6933510882862143 0.0 -0.03273566103446453 0.0 0.0 0.0 0.0 0.0 0.0 0.6933510882862143 0.0 -0.19074928502596764 0.0 0.0 0.0 0.0 -0.03273566103446453 0.0 0.0
0.0 0.0 0.32363276277956793 0.0 -0.14472899567216263 0.0 0.0 0.0 0.0 0.0 0.0 0.32363276277956793 0.0 -0.8652344799733666 0.0 0.0 0.0 0.0 -0.14472899567216263 0.0 0.0
0.0 0.0 -0.24034997817065168 0.0 0.15360666544493304 0.0 0.0 0.0 0.0 0.0 0.0 -0.24034997817065168 0.0 0.9150266447751733 0.0 0.0 0.0 0.0 0.15360666544493304 0.0 0.0
0.0 0.0 -0.21404236172791372 0.0 0.15471148258971806 0.0 0.0 0.0 0.0 0.0 0.0 -0.21404236172791372 0.0 0.9276316343687598 0.0 0.0 0.0 0.0 0.15471148258971806 0.0 0.0
0.0 0.0 -0.7017217700001296 0.0 0.02009153051159236 0.0 0.0 0.0 0.0 0.0 0.0 -0.7017217700001296 0.0 0.11985731441665895 0.0 0.0 0.0 0.0 0.02009153051159236 0.0 0.0
0.0 0.0 -0.2947724253106414 0.0 0.14786337999488908 0.0 0.0 0.0 0.0 0.0 0.0 -0.2947724253106414 0.0 0.8845853696879339 0.0 0.0 0.0 0.0 0.14786337999488908 0.0 0.0
0.0 0.0 -0.380608722216494 0.0 0.13737056158674302 0.0 0.0 0.0 0.0 0.0 0.0 -0.380608722216494 0.0 0.8200808855010224 0.0 0.0 0.0 0.0 0.13737056158674302 0.0 0.0
0.0 0.0 0.4892800890876622 0.0 -0.11887595312857391 0.0 0.0 0.0 0.0 0.0 0.0 0.4892800890876622 0.0 -0.7021018475835857 0.0 0.0 0.0 0.0 -0.11887595312857391 0.0 0.0
0.0 0.0 0.6520004083608668 0.0 -0.06313865303895913 0.0 0.0 0.0 0.0 0.0 0.0 0.6520004083608668 0.0 -0.3765872488273835 0.0 0.0 0.0 0.0 -0.06313865303895913 0.0 0.0
0.0 0.0 0.4897061138719715 0.0 -0.11902591722298429 0.0 0.0 0.0 0.0 0.0 0.0 0.4897061138719715 0.0 -0.7014567029626831 0.0 0.0 0.0 0.0 -0.11902591722298429 0.0 0.0
0.0 0.0 0.5334431511894822 0.0 -0.1068129886095006 0.0 0.0 0.0 0.0 0.0 0.0 0.5334431511894822 0.0 -0.6387947869438856 0.0 0.0 0.0 0.0 -0.1068129886095006 0.0 0.0
0.0 0.0 0.49039911354555127 0.0 -0.11993420395099101 0.0 0.0 0.0 0.0 0.0 0.0 0.49039911354555127 0.0 -0.7001778290639882 0.0 0.0 0.0 0.0 -0.11993420395099101 0.0 0.0
0.0 0.0 -0.6521094663768229 0.0 0.06309607237310347 0.0 0.0 0.0 0.0 0.0 0.0 -0.6521094663768229 0.0 0.3762236821701243 0.0 0.0 0.0 0.0 0.06309607237310347 0.0 0.0
0.0 0.0 -0.7057255437462057 0.0 0.0441740233551968 0.0 0.0 0.0 0.0 0.0 0.0 -0.7057255437462057 0.0 0.00047447810693633746 0.0 0.0 0.0 0.0 0.0441740233551968 0.0 0.0
0.0 0.0 -0.7039820200293916 0.0 0.015398312469276651 0.0 0.0 0.0 0.0 0.0 0.0 -0.7039820200293916 0.0 0.0913477689758861 0.0 0.0 0.0 0.0 0.015398312469276651 0.0 0.0
0.0 0.0 -0.7031335776704151 0.0 0.07485043989775594 0.0 0.0 0.0 0.0 0.0 0.0 -0.7031335776704151 0.0 0.001080369857892869 0.0 0.0 0.0 0.0 0.07485043989775594 0.0 0.0
0.0 0.0 -0.7002178464552292 0.0 0.09846237584238744 0.0 0.0 0.0 0.0 0.0 0.0 -0.7002178464552292 0.0 0.0005060614060814183 0.0 0.0 0.0 0.0 0.09846237584238744 0.0 0.0
0.0 0.0 -0.7031271625701023 0.0 0.0749096927778637 0.0 0.0 0.0 0.0 0.0 0.0 -0.7031271625701023 0.0 0.0012092841213104685 0.0 0.0 0.0 0.0 0.0749096927778637 0.0 0.0
0.0 0.0 -0.7040996787771661 0.0 0.0651309064455917 0.0 0.0 0.0 0.0 0.0 0.0 -0.7040996787771661 0.0 0.001792970422037301 0.0 0.0 0.0 0.0 0.0651309064455917 0.0 0.0
0.0 0.0 -0.7051065065093093 0.0 0.05314857538867926 0.0 0.0 0.0 0.0 0.0 0.0 -0.7051065065093093 0.0 0.00029466045270989456 0.0 0.0 0.0 0.0 0.05314857538867926 0.0 0.0
0.0 0.0 -0.7004343376770643 0.0 0.09691098286049918 0.0 0.0 0.0 0.0 0.0 0.0 -0.7004343376770643 0.0 -2.7943840410951556e-06 0.0 0.0 0.0 0.0 0.09691098286049918 0.0 0.0
0.0 0.0 0.6828759432421425 0.0 -0.04280283155915379 0.0 0.0 0.0 0.0 0.0 0.0 0.6828759432421425 0.0 -0.25238210614729745 0.0 0.0 0.0 0.0 -0.04280283155915379 0.0 0.0
0.0 0.0 -0.7063197905203533 0.0 0.007877082088450373 0.0 0.0 0.0 0.0 0.0 0.0 -0.7063197905203533 0.0 0.04583241422957912 0.0 0.0 0.0 0.0 0.007877082088450373 0.0 0.0
0.0 0.0 -0.7062646573948235 0.0 0.03449730972943483 0.0 0.0 0.0 0.0 0.0 0.0 -0.7062646573948235 0.0 0.0005819560189339159 0.0 0.0 0.0 0.0 0.03449730972943483 0.0 0.0
0.0 0.0 -0.7040837673158757 0.0 0.06530128636401124 0.0 0.0 0.0 0.0 0.0 0.0 -0.7040837673158757 0.0 0.0018924066630340121 0.0 0.0 0.0 0.0 0.06530128636401124 0.0 0.0
0.0 0.0 -0.7031567365943218 0.0 0.07462831257729323 0.0 0.0 0.0 0.0 0.0 0.0 -0.7031567365943218 0.0 0.0015612455856935435 0.0 0.0 0.0 0.0 0.07462831257729323 0.0 0.0
0.0 0.0 -0.7053578060867802 0.0 0.04970079368432616 0.0 0.0 0.0 0.0 0.0 0.0 -0.7053578060867802 0.0 0.0006268964700911061 0.0 0.0 0.0 0.0 0.04970079368432616 0.0 0.0
0.0 0.0 -0.6990638363157256 0.0 0.024504830193035173 0.0 0.0 0.0 0.0 0.0 0.0 -0.6990638363157256 0.0 0.14635071610860664 0.0 0.0 0.0 0.0 0.024504830193035173 0.0 0.0
0.0 0.0 -0.7017134377924271 0.0 0.08716757708390813 0.0 0.0 0.0 0.0 0.0 0.0 -0.7017134377924271 0.0 0.0003597967603855277 0.0 0.0 0.0 0.0 0.08716757708390813 0.0 0.0
0.0 0.0 -0.704053859002238 0.0 0.06563645214155155 0.0 0.0 0.0 0.0 0.0 0.0 -0.704053859002238 0.0 0.00019886843132500584 0.0 0.0 0.0 0.0 0.06563645214155155 0.0 0.0
0.0 0.0 -0.4099751362998259 0.0 0.13432904063418258 0.0 0.0 0.0 0.0 0.0 0.0 -0.4099751362998259 0.0 0.7923081426544086 0.0 0.0 0.0 0.0 0.13432904063418258 0.0 0.0
0.0 0.0 -0.4875494818126403 0.0 0.11823930819497357 0.0 0.0 0.0 0.0 0.0 0.0 -0.4875494818126403 0.0 0.7047197581759718 0.0 0.0 0.0 0.0 0.11823930819497357 0.0 0.0
0.0 0.0 -0.48906042346660267 0.0 0.11944490083567517 0.0 0.0 0.0 0.0 0.0 0.0 -0.48906042346660267 0.0 0.7022148073958893 0.0 0.0 0.0 0.0 0.11944490083567517 0.0 0.0
0.0 0.0 -0.4102169809251726 0.0 0.13404010863450883 0.0 0.0 0.0 0.0 0.0 0.0 -0.4102169809251726 0.0 0.7921556385431914 0.0 0.0 0.0 0.0 0.13404010863450883 0.0 0.0
0.0 0.0 -0.4875703497952877 0.0 0.11755987496591441 0.0 0.0 0.0 0.0 0.0 0.0 -0.4875703497952877 0.0 0.704918193549435 0.0 0.0 0.0 0.0 0.11755987496591441 0.0 0.0
0.0 0.0 0.48856855720461506 0.0 -0.11795823414751448 0.0 0.0 0.0 0.0 0.0 0.0 0.48856855720461506 0.0 -0.7034011940675122 0.0 0.0 0.0 0.0 -0.11795823414751448 0.0 0.0
0.0 0.0 0.6060431433369298 0.0 -0.08413213480837523 0.0 0.0 0.0 0.0 0.0 0.0 0.6060431433369298 0.0 -0.5012653834185617 0.0 0.0 0.0 0.0 -0.08413213480837523 0.0 0.0
0.0 0.0 0.40937778898778004 0.0 -0.13312963443560788 0.0 0.0 0.0 0.0 0.0 0.0 0.40937778898778004 0.0 -0.7933301031960378 0.0 0.0 0.0 0.0 -0.13312963443560788 0.0 0.0
0.0 0.0 0.48852874877048663 0.0 -0.11770253852516951 0.0 0.0 0.0 0.0 0.0 0.0 0.48852874877048663 0.0 -0.7035421437973333 0.0 0.0 0.0 0.0 -0.11770253852516951 0.0 0.0
0.0 0.0 0.4877024793563163 0.0 -0.11826456229679407 0.0 0.0 0.0 0.0 0.0 0.0 0.4877024793563163 0.0 -0.7044995172950079 0.0 0.0 0.0 0.0 -0.11826456229679407 0.0 0.0
0.0 0.0 0.40884646254024726 0.0 -0.13283264364287137 0.0 0.0 0.0 0.0 0.0 0.0 0.40884646254024726 0.0 -0.7939774037731454 0.0 0.0 0.0 0.0 -0.13283264364287137 0.0 0.0
0.0 0.0 0.6199641280824331 0.0 -0.07803409218881305 0.0 0.0 0.0 0.0 0.0 0.0 0.6199641280824331 0.0 -0.4680922138793946 0.0 0.0 0.0 0.0 -0.07803409218881305 0.0 0.0
0.0 0.0 0.6060249677090337 0.0 -0.08402300412711747 0.0 0.0 0.0 0.0 0.0 0.0 0.6060249677090337 0.0 -0.5013459350403057 0.0 0.0 0.0 0.0 -0.08402300412711747 0.0 0.0
0.0 0.0 0.6058433866407011 0.0 -0.08447148195814211 0.0 0.0 0.0 0.0 0.0 0.0 0.6058433866407011 0.0 -0.5016340490826379 0.0 0.0 0.0 0.0 -0.08447148195814211 0.0 0.0
0.0 0.0 0.4887715154849634 0.0 -0.11884816294437779 0.0 0.0 0.0 0.0 0.0 0.0 0.4887715154849634 0.0 -0.7028193506375289 0.0 0.0 0.0 0.0 -0.11884816294437779 0.0 0.0
0.0 0.0 0.5906123369127959 0.0 -0.09004100666615888 0.0 0.0 0.0 0.0 0.0 0.0 0.5906123369127959 0.0 -0.5349199652376995 0.0 0.0 0.0 0.0 -0.09004100666615888 0.0 0.0
0.0 0.0 -0.4624590268835071 0.0 0.12301783928026959 0.0 0.0 0.0 0.0 0.0 0.0 -0.4624590268835071 0.0 0.7362041288566283 0.0 0.0 0.0 0.0 0.12301783928026959 0.0 0.0
