0.0 0.0 0.41914248259254977 -0.5138659573919931 0.12343074747825945 0.10512900911229309 0.0 0.0 0.006211924604971305 -0.1369949262121048 -0.026637326025622673 -0.41914248259254977 -0.006211924604971305 0.0 -0.12024289661695917 0.5138659573919931 0.1369949262121048 0.12024289661695917 -0.12343074747825945 0.026637326025622673 -0.10512900911229309
0.0 0.0 0.37293261694119684 -0.44103026191191924 0.11561678909113708 0.15305945720562708 0.0 0.0 0.08895271472447143 -0.24999870880370564 -0.20803216568465485 -0.37293261694119684 -0.08895271472447143 0.0 -0.1262133515902656 0.44103026191191924 0.24999870880370564 0.1262133515902656 -0.11561678909113708 0.20803216568465485 -0.15305945720562708
0.0 0.0 0.06536466115896308 0.31749951450290537 0.3923139504417242 -0.22724771056138482 0.0 0.0 0.05290334985936664 -0.22595132080617222 0.29784472364290876 -0.06536466115896308 -0.05290334985936664 0.0 0.21634583077354155 -0.31749951450290537 0.22595132080617222 -0.21634583077354155 -0.3923139504417242 -0.29784472364290876 0.22724771056138482
0.0 0.0 0.026226880288506397 0.2214866903273421 0.3868334712079295 -0.13440627081011614 0.0 0.0 0.13558921042397615 -0.10310322905326955 0.3771579943015872 -0.026226880288506397 -0.13558921042397615 0.0 0.3335981927230869 -0.2214866903273421 0.10310322905326955 -0.3335981927230869 -0.3868334712079295 -0.3771579943015872 0.13440627081011614
0.0 0.0 0.09292622870795655 0.2668464263472518 0.20499339883053275 -0.2629558299392014 0.0 0.0 0.007733694134979197 -0.1944151140742432 0.3375184755695325 -0.09292622870795655 -0.007733694134979197 0.0 0.39650204380867154 -0.2668464263472518 0.1944151140742432 -0.39650204380867154 -0.20499339883053275 -0.3375184755695325 0.2629558299392014
0.0 0.0 -0.006340533601595181 0.23825217776885807 0.35831179312311584 -0.1536509975019295 0.0 0.0 0.1780044772315262 -0.1498683515450936 0.3315847906839905 0.006340533601595181 -0.1780044772315262 0.0 0.3565180741215578 -0.23825217776885807 0.1498683515450936 -0.3565180741215578 -0.35831179312311584 -0.3315847906839905 0.1536509975019295
0.0 0.0 0.10779900023578194 0.2994088655672401 0.15222070304690888 -0.29953942484936685 0.0 0.0 0.08284759933916128 -0.23118502134039876 0.3117745127019671 -0.10779900023578194 -0.08284759933916128 0.0 0.3582249456888054 -0.2994088655672401 0.23118502134039876 -0.3582249456888054 -0.15222070304690888 -0.3117745127019671 0.29953942484936685
0.0 0.0 -0.3061232409833467 0.4634329411454632 -0.15124704147906776 -0.1548418158853621 0.0 0.0 0.22177169888479956 -0.10958781730528028 0.13238880639949435 0.3061232409833467 -0.22177169888479956 0.0 0.2568031205036301 -0.4634329411454632 0.10958781730528028 -0.2568031205036301 0.15124704147906776 -0.13238880639949435 0.1548418158853621
0.0 0.0 0.5236457855881589 -0.3639132014924482 -0.017397139829841406 0.0873781708209784 0.0 0.0 0.02830242430006887 -0.28423310781839256 -0.004372292981515814 -0.5236457855881589 -0.02830242430006887 0.0 -0.061774299330048146 0.3639132014924482 0.28423310781839256 0.061774299330048146 0.017397139829841406 0.004372292981515814 -0.0873781708209784
0.0 0.0 0.46977718702383403 -0.3204229674209209 0.03134269469603852 0.0638202665651227 0.0 0.0 0.3315498853026598 -0.22458186801246524 -0.10582136323015258 -0.46977718702383403 -0.3315498853026598 0.0 0.004756339541036087 0.3204229674209209 0.22458186801246524 -0.004756339541036087 -0.03134269469603852 0.10582136323015258 -0.0638202665651227
0.0 0.0 0.06642653151801035 0.27992473433267634 0.38687457962186295 -0.15632626876500214 0.0 0.0 0.013673330162905402 -0.10201998626149963 0.41112990215194173 -0.06642653151801035 -0.013673330162905402 0.0 0.2519860757218163 -0.27992473433267634 0.10201998626149963 -0.2519860757218163 -0.38687457962186295 -0.41112990215194173 0.15632626876500214
0.0 0.0 0.06100620898075309 0.30878019868493806 0.26687340092012946 -0.24465510104979837 0.0 0.0 0.14247740292824923 -0.2805975836186192 0.28637492761664857 -0.06100620898075309 -0.14247740292824923 0.0 0.2980102134697673 -0.30878019868493806 0.2805975836186192 -0.2980102134697673 -0.26687340092012946 -0.28637492761664857 0.24465510104979837
0.0 0.0 0.07320455998216155 0.2399024360719057 0.34617820024786955 -0.2730293986772784 0.0 0.0 -0.029948810371050242 -0.1485308285731945 0.2790454860846025 -0.07320455998216155 0.029948810371050242 0.0 0.37666801445328507 -0.2399024360719057 0.1485308285731945 -0.37666801445328507 -0.34617820024786955 -0.2790454860846025 0.2730293986772784
0.0 0.0 0.06522414525008327 0.2433823234358701 0.25613942604070883 -0.2524439742848799 0.0 0.0 0.011239366158422845 -0.20951743612663262 0.3583290771408583 -0.06522414525008327 -0.011239366158422845 0.0 0.36708566149170796 -0.2433823234358701 0.20951743612663262 -0.36708566149170796 -0.25613942604070883 -0.3583290771408583 0.2524439742848799
0.0 0.0 0.05204054136218468 0.2776213509039435 0.3172285261884959 -0.27743105013871 0.0 0.0 0.08875306135241613 -0.29188509902743803 0.2290439678831174 -0.05204054136218468 -0.08875306135241613 0.0 0.31157837859980286 -0.2776213509039435 0.29188509902743803 -0.31157837859980286 -0.3172285261884959 -0.2290439678831174 0.27743105013871
0.0 0.0 -0.1781040614676907 -0.3834191878068773 -0.07092140874600275 0.3481279985641816 0.0 0.0 -0.2280635154958667 0.11090688560281607 0.3426346341834283 0.1781040614676907 0.2280635154958667 0.0 -0.11547260796806255 0.3834191878068773 -0.11090688560281607 0.11547260796806255 0.07092140874600275 -0.3426346341834283 -0.3481279985641816
0.0 0.0 -0.10421804182265201 0.37994882226625515 -0.3583761681134762 -0.37010574273274505 0.0 0.0 0.17305839534923437 -0.05077094452224788 -0.054915053257902566 0.10421804182265201 -0.17305839534923437 0.0 0.20933989934752256 -0.37994882226625515 0.05077094452224788 -0.20933989934752256 0.3583761681134762 0.054915053257902566 0.37010574273274505
0.0 0.0 0.11180916347618207 0.07937733018383285 -0.557175620315906 -0.22183511917283372 0.0 0.0 0.2897812318659921 0.04548901274217634 0.004302007171130806 -0.11180916347618207 -0.2897812318659921 0.0 0.18836543885509635 -0.07937733018383285 -0.04548901274217634 -0.18836543885509635 0.557175620315906 -0.004302007171130806 0.22183511917283372
0.0 0.0 0.44362671552391697 -0.47552452632487335 0.1529472476238292 0.06674958769628114 0.0 0.0 0.0007777901044838399 -0.18857574491591886 -0.056646586224409844 -0.44362671552391697 -0.0007777901044838399 0.0 -0.10224060770906113 0.47552452632487335 0.18857574491591886 0.10224060770906113 -0.1529472476238292 0.056646586224409844 -0.06674958769628114
0.0 0.0 0.5400703609896672 -0.3798804304309734 -0.08418081751532946 0.05033513488043958 0.0 0.0 0.05104206145326909 -0.21486280903091926 -0.061067633093835574 -0.5400703609896672 -0.05104206145326909 0.0 -0.04352302105033526 0.3798804304309734 0.21486280903091926 0.04352302105033526 0.08418081751532946 0.061067633093835574 -0.05033513488043958
0.0 0.0 0.5166541250284881 -0.31441298691912134 -0.06316394787221725 0.04692111216536892 0.0 0.0 -0.03158415880406356 -0.3444512662658384 -0.04716092807282126 -0.5166541250284881 0.03158415880406356 0.0 -0.07844314255443238 0.31441298691912134 0.3444512662658384 0.07844314255443238 0.06316394787221725 0.04716092807282126 -0.04692111216536892
0.0 0.0 0.44802517108215495 -0.43758587278232147 0.12215495234127058 0.05867796925009617 0.0 0.0 0.09658751141976597 -0.2631283416616773 -0.06301963196647366 -0.44802517108215495 -0.09658751141976597 0.0 -0.08300583112196944 0.43758587278232147 0.2631283416616773 0.08300583112196944 -0.12215495234127058 0.06301963196647366 -0.05867796925009617
0.0 0.0 0.4817491694692053 -0.2568483943405267 -0.11658500787654658 0.08994869598776607 0.0 0.0 0.09086426913101876 -0.36948471344085315 -0.08532089680537464 -0.4817491694692053 -0.09086426913101876 0.0 -0.16795500518321388 0.2568483943405267 0.36948471344085315 0.16795500518321388 0.11658500787654658 0.08532089680537464 -0.08994869598776607
0.0 0.0 0.5134991434371317 -0.3578946627760195 0.020704858844678993 0.060959930131716945 0.0 0.0 0.07315955498771654 -0.30096777023168386 -0.07363676960948158 -0.5134991434371317 -0.07315955498771654 0.0 -0.05223928350941711 0.3578946627760195 0.30096777023168386 0.05223928350941711 -0.020704858844678993 0.07363676960948158 -0.060959930131716945
0.0 0.0 0.43816392515687175 -0.38756006126783277 0.020007534262193073 0.09801023361223286 0.0 0.0 0.11597347386740597 -0.3363048668998721 -0.09679753554826774 -0.43816392515687175 -0.11597347386740597 0.0 -0.10900776693239321 0.38756006126783277 0.3363048668998721 0.10900776693239321 -0.020007534262193073 0.09679753554826774 -0.09801023361223286
0.0 0.0 0.43158235369580195 -0.3509068082807756 -0.028543156445813053 0.1356620108354622 0.0 0.0 0.06384260783750076 -0.3630888517004775 -0.14395331642212128 -0.43158235369580195 -0.06384260783750076 0.0 -0.12145056938190113 0.3509068082807756 0.3630888517004775 0.12145056938190113 0.028543156445813053 0.14395331642212128 -0.1356620108354622
0.0 0.0 -0.19231929655989963 -0.004259930236395437 0.5499731454703766 -0.1443084876733622 0.0 0.0 0.2732793536877827 0.07554472691079843 0.0871410139540192 0.19231929655989963 -0.2732793536877827 0.0 0.22741498099940455 0.004259930236395437 -0.07554472691079843 -0.22741498099940455 -0.5499731454703766 -0.0871410139540192 0.1443084876733622
0.0 0.0 0.32439188965652554 0.5156408410158062 0.10430357487845461 -0.29185881861866525 0.0 0.0 -0.013659318824689936 -0.10166063774719324 0.044632741103393415 -0.32439188965652554 0.013659318824689936 0.0 0.14251342192000468 -0.5156408410158062 0.10166063774719324 -0.14251342192000468 -0.10430357487845461 -0.044632741103393415 0.29185881861866525
0.0 0.0 0.4903062729683048 -0.4261914314593493 -0.04086693994849441 0.04822708578878346 0.0 0.0 0.09515243224545042 -0.24555838642031314 -0.0404424003877358 -0.4903062729683048 -0.09515243224545042 0.0 -0.05455428123835516 0.4261914314593493 0.24555838642031314 0.05455428123835516 0.04086693994849441 0.0404424003877358 -0.04822708578878346
0.0 0.0 0.39329161287912884 -0.48081551547656737 0.10001358215017904 0.10285002395512366 0.0 0.0 0.12435775284863514 -0.21946119813203 -0.09251528288577737 -0.39329161287912884 -0.12435775284863514 0.0 -0.14618535332690577 0.48081551547656737 0.21946119813203 0.14618535332690577 -0.10001358215017904 0.09251528288577737 -0.10285002395512366
0.0 0.0 0.5157533807380663 -0.41535598161798115 0.036027356242744224 0.09469644760154272 0.0 0.0 0.10191499405917939 -0.12309979869408673 -0.10678004802737712 -0.5157533807380663 -0.10191499405917939 0.0 -0.11945821903866193 0.41535598161798115 0.12309979869408673 0.11945821903866193 -0.036027356242744224 0.10678004802737712 -0.09469644760154272
0.0 0.0 0.451209208494628 -0.4830533528662905 0.09615391258444786 0.12380306616707527 0.0 0.0 0.03168164107464378 -0.09978266588335963 -0.0914168602267954 -0.451209208494628 -0.03168164107464378 0.0 -0.1384903795608969 0.4830533528662905 0.09978266588335963 0.1384903795608969 -0.09615391258444786 0.0914168602267954 -0.12380306616707527
0.0 0.0 0.44372768368045656 -0.4768316851658773 0.08615555229545065 0.13429484042914383 0.0 0.0 0.08257548556576604 -0.13658650193548658 -0.07634836191169574 -0.44372768368045656 -0.08257548556576604 0.0 -0.1377524871144943 0.4768316851658773 0.13658650193548658 0.1377524871144943 -0.08615555229545065 0.07634836191169574 -0.13429484042914383
0.0 0.0 0.4439276425876512 0.4744078873349219 0.11862998291016658 -0.12647622206985445 0.0 0.0 -0.08829334581610068 -0.07735421249648766 0.15979262491189788 -0.4439276425876512 0.08829334581610068 0.0 0.09210333818092181 -0.4744078873349219 0.07735421249648766 -0.09210333818092181 -0.11862998291016658 -0.15979262491189788 0.12647622206985445
0.0 0.0 0.4840762812415659 -0.27580913619469927 -0.16819593676942796 0.13136459103972062 0.0 0.0 0.06624644222608829 -0.3509419535887443 -0.05378537034656309 -0.4840762812415659 -0.06624644222608829 0.0 -0.11666719095991011 0.27580913619469927 0.3509419535887443 0.11666719095991011 0.16819593676942796 0.05378537034656309 -0.13136459103972062
0.0 0.0 0.43112695595361666 -0.3067716628353664 -0.11863541249649134 0.14168436335930926 0.0 0.0 -0.013180195951879397 -0.42369380166189796 0.014385630303781753 -0.43112695595361666 0.013180195951879397 0.0 -0.07729665789261793 0.3067716628353664 0.42369380166189796 0.07729665789261793 0.11863541249649134 -0.014385630303781753 -0.14168436335930926
0.0 0.0 0.45772041476536096 -0.3051503501336589 -0.21340776971069164 0.07759502995037516 0.0 0.0 0.06411494596445154 -0.3514540065308171 -0.0809503376520524 -0.45772041476536096 -0.06411494596445154 0.0 -0.10783236390745829 0.3051503501336589 0.3514540065308171 0.10783236390745829 0.21340776971069164 0.0809503376520524 -0.07759502995037516
0.0 0.0 0.4088278979309109 -0.21136020198576694 -0.19570536069426853 0.10785353819973055 0.0 0.0 0.02685386155320869 -0.4473807904817785 -0.11994232061700305 -0.4088278979309109 -0.02685386155320869 0.0 -0.15164688963457895 0.21136020198576694 0.4473807904817785 0.15164688963457895 0.19570536069426853 0.11994232061700305 -0.10785353819973055
0.0 0.0 0.47744817518232985 -0.3077060072482388 -0.08503679444681343 0.08740936668285346 0.0 0.0 0.14937624107005085 -0.3464043739295439 -0.10895618729599336 -0.47744817518232985 -0.14937624107005085 0.0 -0.09114766536179786 0.3077060072482388 0.3464043739295439 0.09114766536179786 0.08503679444681343 0.10895618729599336 -0.08740936668285346
0.0 0.0 0.44792846036125145 -0.23451785656772267 -0.13125929225879424 0.12869829818354805 0.0 0.0 0.13102424646167254 -0.39897679409799225 -0.10266314235329589 -0.44792846036125145 -0.13102424646167254 0.0 -0.15388196581225771 0.23451785656772267 0.39897679409799225 0.15388196581225771 0.13125929225879424 0.10266314235329589 -0.12869829818354805
0.0 0.0 0.005101841209934903 0.5045053583133406 0.4021022589240406 -0.015658916643752917 0.0 0.0 0.22663922094994024 -0.17879896584602495 0.006623615192314842 -0.005101841209934903 -0.22663922094994024 0.0 0.011773164761633573 -0.5045053583133406 0.17879896584602495 -0.011773164761633573 -0.4021022589240406 -0.006623615192314842 0.015658916643752917
0.0 0.0 0.06937415545324122 -0.01357469929651296 -0.5687568479417673 -0.2201807065065692 0.0 0.0 0.22084131065949816 0.08343688859766119 -0.15275004559917932 -0.06937415545324122 -0.22084131065949816 0.0 0.20969950689631428 0.01357469929651296 -0.08343688859766119 -0.20969950689631428 0.5687568479417673 0.15275004559917932 0.2201807065065692
0.0 0.0 -0.046753484563132205 0.1972654097628047 0.5251110756502507 -0.10792639457135801 0.0 0.0 0.16318344025772494 -0.36606473311032023 0.06531727564520232 0.046753484563132205 -0.16318344025772494 0.0 0.08131513313888122 -0.1972654097628047 0.36606473311032023 -0.08131513313888122 -0.5251110756502507 -0.06531727564520232 0.10792639457135801
0.0 0.0 0.48487250078332406 -0.30507457888633577 -0.1578443412971427 0.07867614478738447 0.0 0.0 -0.006655462976797432 -0.36334495647388376 -0.040843020036615996 -0.48487250078332406 0.006655462976797432 0.0 -0.08361448795011839 0.30507457888633577 0.36334495647388376 0.08361448795011839 0.1578443412971427 0.040843020036615996 -0.07867614478738447
0.0 0.0 0.5280303859620663 -0.37249905750264667 -0.027857670528699016 0.07366110705447576 0.0 0.0 0.028013459582441162 -0.26773610612062626 -0.0347101329567794 -0.5280303859620663 -0.028013459582441162 0.0 -0.05053894926020167 0.37249905750264667 0.26773610612062626 0.05053894926020167 0.027857670528699016 0.0347101329567794 -0.07366110705447576
0.0 0.0 0.4516247416537896 -0.37829447356899704 -0.09082466610492333 0.10578811839579537 0.0 0.0 0.02900040856618359 -0.3488747115149468 -0.03762768110074065 -0.4516247416537896 -0.02900040856618359 0.0 -0.09755873927971608 0.37829447356899704 0.3488747115149468 0.09755873927971608 0.09082466610492333 0.03762768110074065 -0.10578811839579537
0.0 0.0 0.5552329392002862 -0.23507607280106424 -0.18912766655502575 0.12077897992796847 0.0 0.0 -0.03606477262880857 -0.2818557238470807 0.01676134734457522 -0.5552329392002862 0.03606477262880857 0.0 -0.0712357165999992 0.23507607280106424 0.2818557238470807 0.0712357165999992 0.18912766655502575 -0.01676134734457522 -0.12077897992796847
0.0 0.0 0.5488905442406967 -0.2640006563093297 -0.1735320906007507 0.1269371069604181 0.0 0.0 -0.05502932548163259 -0.27238753529894666 0.0710081650130606 -0.5488905442406967 0.05502932548163259 0.0 -0.023044582268437717 0.2640006563093297 0.27238753529894666 0.023044582268437717 0.1735320906007507 -0.0710081650130606 -0.1269371069604181
0.0 0.0 0.5148872568831914 -0.2974671514413891 -0.10515284072791369 0.08090237736492438 0.0 0.0 0.0033644524127293563 -0.34287366537716857 -0.05179867087433087 -0.5148872568831914 -0.0033644524127293563 0.0 -0.09244089832234506 0.2974671514413891 0.34287366537716857 0.09244089832234506 0.10515284072791369 0.05179867087433087 -0.08090237736492438
0.0 0.0 0.4692929778680504 -0.33810964984676306 -0.0775224655171555 0.051514472732741484 0.0 0.0 -0.07506994057926179 -0.377085845924569 -0.05232987923113471 -0.4692929778680504 0.07506994057926179 0.0 -0.07883428573837048 0.33810964984676306 0.377085845924569 0.07883428573837048 0.0775224655171555 0.05232987923113471 -0.051514472732741484
0.0 0.0 0.5220619023158802 -0.20386396063781193 -0.20554486242794123 0.07202651990554397 0.0 0.0 -0.055541785095659116 -0.35353739822337304 -0.04319207790266276 -0.5220619023158802 0.055541785095659116 0.0 -0.09227788595026482 0.20386396063781193 0.35353739822337304 0.09227788595026482 0.20554486242794123 0.04319207790266276 -0.07202651990554397
0.0 0.0 0.4357558048947637 -0.21538128239609408 -0.22871444521170575 0.16211082940801927 0.0 0.0 0.10516618944845756 -0.3943027487256891 0.013107067090967364 -0.4357558048947637 -0.10516618944845756 0.0 -0.1357614929595519 0.21538128239609408 0.3943027487256891 0.1357614929595519 0.22871444521170575 -0.013107067090967364 -0.16211082940801927
0.0 0.0 0.471157952275531 -0.35109042497631754 -0.09069066438858779 0.11988753209304388 0.0 0.0 -0.07805653898667846 -0.35004011630306137 0.04559658547689324 -0.471157952275531 0.07805653898667846 0.0 -0.03805161799032834 0.35109042497631754 0.35004011630306137 0.03805161799032834 0.09069066438858779 -0.04559658547689324 -0.11988753209304388
0.0 0.0 0.5520659653467658 -0.28028249632231006 -0.11868265576544537 0.04079420767696202 0.0 0.0 0.007186616382096669 -0.30818453713799365 -0.04321339775463571 -0.5520659653467658 -0.007186616382096669 0.0 -0.06339083427487233 0.28028249632231006 0.30818453713799365 0.06339083427487233 0.11868265576544537 0.04321339775463571 -0.04079420767696202
0.0 0.0 0.4283758147112811 -0.3371707436905269 -0.047693369867079234 0.09899452021435524 0.0 0.0 0.04097204719835875 -0.4129318797184392 -0.07957656712986486 -0.4283758147112811 -0.04097204719835875 0.0 -0.11050611943359931 0.3371707436905269 0.4129318797184392 0.11050611943359931 0.047693369867079234 0.07957656712986486 -0.09899452021435524
0.0 0.0 0.4562154953311705 -0.356057571004221 -0.17122018934634192 0.1579399312362642 0.0 0.0 -0.0015399617133823715 -0.3207911768090872 0.018175731575432695 -0.4562154953311705 0.0015399617133823715 0.0 -0.08711684689344483 0.356057571004221 0.3207911768090872 0.08711684689344483 0.17122018934634192 -0.018175731575432695 -0.1579399312362642
0.0 0.0 0.467544733643366 -0.3396943194137224 -0.13385373421286 0.15136514016234767 0.0 0.0 0.035303253064220046 -0.34923235575228695 0.030655613947722895 -0.467544733643366 -0.035303253064220046 0.0 -0.032126919142481836 0.3396943194137224 0.34923235575228695 0.032126919142481836 0.13385373421286 -0.030655613947722895 -0.15136514016234767
0.0 0.0 0.5140737514623414 -0.2794897912641998 -0.13612382650119087 0.1107535205831339 0.0 0.0 -0.026607423709716107 -0.3176860148077623 -0.04605094885184533 -0.5140737514623414 0.026607423709716107 0.0 -0.1518701658739545 0.2794897912641998 0.3176860148077623 0.1518701658739545 0.13612382650119087 0.04605094885184533 -0.1107535205831339
0.0 0.0 0.5455650454742436 -0.28175687020992746 -0.09555612794325177 0.06650128030675005 0.0 0.0 0.014715821261848715 -0.3112873846428312 -0.06768937575130489 -0.5455650454742436 -0.014715821261848715 0.0 -0.08786472872240961 0.28175687020992746 0.3112873846428312 0.08786472872240961 0.09555612794325177 0.06768937575130489 -0.06650128030675005
0.0 0.0 -0.17750036770290403 0.4299263028639966 0.32009910336027425 -0.04342034621915417 0.0 0.0 0.3733676872264501 -0.18266868242067136 -0.003675024752357319 0.17750036770290403 -0.3733676872264501 0.0 0.0807678644271562 -0.4299263028639966 0.18266868242067136 -0.0807678644271562 -0.32009910336027425 0.003675024752357319 0.04342034621915417
0.0 0.0 -0.2111912253449614 0.4609999620601135 -0.13355864565882147 -0.20160910731831846 0.0 0.0 0.07494494758567391 0.31122752478625937 0.20812856619731254 0.2111912253449614 -0.07494494758567391 0.0 0.19645951214794763 -0.4609999620601135 -0.31122752478625937 -0.19645951214794763 0.13355864565882147 -0.20812856619731254 0.20160910731831846
0.0 0.0 -0.013822856493189995 0.19400535873420416 0.4127186193923342 -0.14156013289732142 0.0 0.0 0.1504192376477796 -0.16594459854154786 0.36365221586603236 0.013822856493189995 -0.1504192376477796 0.0 0.2989789766151287 -0.19400535873420416 0.16594459854154786 -0.2989789766151287 -0.4127186193923342 -0.36365221586603236 0.14156013289732142
0.0 0.0 -0.004844642740786224 0.15249686435103543 0.3178255497996637 -0.26569081079437623 0.0 0.0 0.09703801998879952 -0.2573609226761458 0.3024682964914396 0.004844642740786224 -0.09703801998879952 0.0 0.3714545147488281 -0.15249686435103543 0.2573609226761458 -0.3714545147488281 -0.3178255497996637 -0.3024682964914396 0.26569081079437623
0.0 0.0 0.06243779535365003 0.2503878902377564 0.3146471056086423 -0.29984751504916035 0.0 0.0 -0.005471992259286271 -0.11524916134938343 0.33702808190606376 -0.06243779535365003 0.005471992259286271 0.0 0.3429225173421921 -0.2503878902377564 0.11524916134938343 -0.3429225173421921 -0.3146471056086423 -0.33702808190606376 0.29984751504916035
0.0 0.0 0.04117261447299642 0.23343375973148392 0.344085918874395 -0.3591350267901737 0.0 0.0 0.07569904747190102 -0.0824122907029589 0.28235790451081894 -0.04117261447299642 -0.07569904747190102 0.0 0.32278830665478486 -0.23343375973148392 0.0824122907029589 -0.32278830665478486 -0.344085918874395 -0.28235790451081894 0.3591350267901737
0.0 0.0 0.0952130528170556 0.35066971456039914 0.3682672348710897 -0.15947938973174622 0.0 0.0 0.06402663397684157 -0.20920470003490976 0.2787437781602312 -0.0952130528170556 -0.06402663397684157 0.0 0.2852134000997062 -0.35066971456039914 0.20920470003490976 -0.2852134000997062 -0.3682672348710897 -0.2787437781602312 0.15947938973174622
0.0 0.0 0.05033642525527523 0.25105011305435315 0.21500997872713576 -0.30667132232156674 0.0 0.0 0.10716367639905278 -0.13035600363532604 0.26152889818952213 -0.05033642525527523 -0.10716367639905278 0.0 0.4441727010182588 -0.25105011305435315 0.13035600363532604 -0.4441727010182588 -0.21500997872713576 -0.26152889818952213 0.30667132232156674
0.0 0.0 0.03958295592228383 0.20775085556565845 0.25375776867905747 -0.213071657195592 0.0 0.0 0.08402687565237998 -0.1522704037842849 0.2875387645273478 -0.03958295592228383 -0.08402687565237998 0.0 0.4822394659717288 -0.20775085556565845 0.1522704037842849 -0.4822394659717288 -0.25375776867905747 -0.2875387645273478 0.213071657195592
0.0 0.0 0.11517937439384031 0.3096431848113339 0.16812887508070296 -0.31396824474262985 0.0 0.0 0.050708049497173835 -0.2181994208723452 0.2582970629256998 -0.11517937439384031 -0.050708049497173835 0.0 0.38355151701249923 -0.3096431848113339 0.2181994208723452 -0.38355151701249923 -0.16812887508070296 -0.2582970629256998 0.31396824474262985
0.0 0.0 0.04399366482181055 0.2296137791446308 0.3067671466440105 -0.22917925015725832 0.0 0.0 0.0667936339226901 -0.29643230356212724 0.3598809339490834 -0.04399366482181055 -0.0667936339226901 0.0 0.2772455088399157 -0.2296137791446308 0.29643230356212724 -0.2772455088399157 -0.3067671466440105 -0.3598809339490834 0.22917925015725832
0.0 0.0 0.09064423256729033 0.2976632363575029 0.30167577679535557 -0.2249341366970453 0.0 0.0 0.0069629554448486395 -0.24719443512269337 0.3497534450544812 -0.09064423256729033 -0.0069629554448486395 0.0 0.2794557869057388 -0.2976632363575029 0.24719443512269337 -0.2794557869057388 -0.30167577679535557 -0.3497534450544812 0.2249341366970453
0.0 0.0 -0.027489132556051465 0.1725914694338418 0.38815330675297227 -0.16816133930859095 0.0 0.0 0.18810093042203338 -0.26069011858150015 0.325213904623682 0.027489132556051465 -0.18810093042203338 0.0 0.2853242453357312 -0.1725914694338418 0.26069011858150015 -0.2853242453357312 -0.38815330675297227 -0.325213904623682 0.16816133930859095
0.0 0.0 0.0389658727618974 0.2046616181103837 0.22203406171532017 -0.25389088329233395 0.0 0.0 0.09332970844977655 -0.19523937562995325 0.3212115617203484 -0.0389658727618974 -0.09332970844977655 0.0 0.4391239710982076 -0.2046616181103837 0.19523937562995325 -0.4391239710982076 -0.22203406171532017 -0.3212115617203484 0.25389088329233395
0.0 0.0 0.006635274871024911 0.2022595866897657 0.31148648924433797 -0.22521807533753951 0.0 0.0 0.11641491602966028 -0.2832203773348819 0.3417797390146528 -0.006635274871024911 -0.11641491602966028 0.0 0.3173647955683372 -0.2022595866897657 0.2832203773348819 -0.3173647955683372 -0.31148648924433797 -0.3417797390146528 0.22521807533753951
0.0 0.0 0.05803284795407274 0.25598163076412234 0.33500068314278847 -0.3114748417187477 0.0 0.0 0.01205983919431463 -0.18575422914865464 0.3340278977245151 -0.05803284795407274 -0.01205983919431463 0.0 0.2750251783265731 -0.25598163076412234 0.18575422914865464 -0.2750251783265731 -0.33500068314278847 -0.3340278977245151 0.3114748417187477
0.0 0.0 0.02336413688867993 0.20995025464477438 0.3749900422943375 -0.16328448688262764 0.0 0.0 0.09804580902966581 -0.15848491363101821 0.3512051803885508 -0.02336413688867993 -0.09804580902966581 0.0 0.36058303476029185 -0.20995025464477438 0.15848491363101821 -0.36058303476029185 -0.3749900422943375 -0.3512051803885508 0.16328448688262764
0.0 0.0 0.04913493928038418 0.2630347414322023 0.2778090176117834 -0.24015909635085128 0.0 0.0 0.07316315829440877 -0.1952250486787225 0.3418152920323306 -0.04913493928038418 -0.07316315829440877 0.0 0.3650217520706898 -0.2630347414322023 0.1952250486787225 -0.3650217520706898 -0.2778090176117834 -0.3418152920323306 0.24015909635085128
0.0 0.0 0.03573429996714423 0.2071983336666978 0.3185749220748143 -0.2752191866440927 0.0 0.0 -0.0008722371464460409 -0.3058095664610679 0.3656196820363244 -0.03573429996714423 0.0008722371464460409 0.0 0.2266237521322578 -0.2071983336666978 0.3058095664610679 -0.2266237521322578 -0.3185749220748143 -0.3656196820363244 0.2752191866440927
0.0 0.0 -0.008336486398064754 0.18137241784818256 0.36200368725867776 -0.2889979145011009 0.0 0.0 0.11195860998459346 -0.14344261317280618 0.33347804618666327 0.008336486398064754 -0.11195860998459346 0.0 0.32886161824021826 -0.18137241784818256 0.14344261317280618 -0.32886161824021826 -0.36200368725867776 -0.33347804618666327 0.2889979145011009
0.0 0.0 -0.009431669729793743 0.1355209621070472 0.3478175485472512 -0.1861844168890045 0.0 0.0 0.1348762751195234 -0.2041700994756617 0.37873389493706155 0.009431669729793743 -0.1348762751195234 0.0 0.3501243007586794 -0.1355209621070472 0.2041700994756617 -0.3501243007586794 -0.3478175485472512 -0.37873389493706155 0.1861844168890045
0.0 0.0 0.03292190854926925 0.2354369270922122 0.3320767784856196 -0.28554446263613725 0.0 0.0 0.08359026891464826 -0.28880394938094883 0.2537388224928325 -0.03292190854926925 -0.08359026891464826 0.0 0.3112820747682015 -0.2354369270922122 0.28880394938094883 -0.3112820747682015 -0.3320767784856196 -0.2537388224928325 0.28554446263613725
0.0 0.0 0.06009005240766517 0.3004696396443162 0.31954130484592824 -0.2423252939639541 0.0 0.0 0.12433656333686294 -0.20496089316259877 0.24647701247442708 -0.06009005240766517 -0.12433656333686294 0.0 0.356454094196648 -0.3004696396443162 0.20496089316259877 -0.356454094196648 -0.31954130484592824 -0.24647701247442708 0.2423252939639541
0.0 0.0 0.023146023731525297 0.2098895452321547 0.44186038329765737 -0.26650549334303597 0.0 0.0 0.08313873591717683 -0.1584756650055211 0.2567208305472682 -0.023146023731525297 -0.08313873591717683 0.0 0.302014392756312 -0.2098895452321547 0.1584756650055211 -0.302014392756312 -0.44186038329765737 -0.2567208305472682 0.26650549334303597
0.0 0.0 0.03253915461108509 0.24964936011900318 0.31477873377895327 -0.21226643756420158 0.0 0.0 0.151882613709845 -0.24339638386403709 0.31477986985711365 -0.03253915461108509 -0.151882613709845 0.0 0.3332824840296965 -0.24964936011900318 0.24339638386403709 -0.3332824840296965 -0.31477873377895327 -0.31477986985711365 0.21226643756420158
0.0 0.0 0.09971323529391704 0.29758957500003613 0.18695988635933056 -0.3807043551897179 0.0 0.0 0.004768858489400693 -0.14687690944393725 0.3424087603675964 -0.09971323529391704 -0.004768858489400693 0.0 0.28769529484341 -0.29758957500003613 0.14687690944393725 -0.28769529484341 -0.18695988635933056 -0.3424087603675964 0.3807043551897179
0.0 0.0 0.04925953437555532 0.26753074347656425 0.3699801429378888 -0.27236248423119397 0.0 0.0 0.09146356804218242 -0.23923820277846053 0.21248484024890824 -0.04925953437555532 -0.09146356804218242 0.0 0.32277524889584314 -0.26753074347656425 0.23923820277846053 -0.32277524889584314 -0.3699801429378888 -0.21248484024890824 0.27236248423119397
0.0 0.0 0.007766492969935487 0.13391410339252105 0.22926509434888195 -0.30397793270280477 0.0 0.0 0.08286169772486379 -0.26563810034603497 0.34599507351213554 -0.007766492969935487 -0.08286169772486379 0.0 0.3740312490186982 -0.13391410339252105 0.26563810034603497 -0.3740312490186982 -0.22926509434888195 -0.34599507351213554 0.30397793270280477
0.0 0.0 0.08806465607479365 0.2797948559508865 0.21405337350158535 -0.3084635449703561 0.0 0.0 -0.003780634685524312 -0.11935953054346637 0.41103023540286177 -0.08806465607479365 0.003780634685524312 0.0 0.2996397912581852 -0.2797948559508865 0.11935953054346637 -0.2996397912581852 -0.21405337350158535 -0.41103023540286177 0.3084635449703561
0.0 0.0 0.08768289813007754 0.27592394703126233 0.1269236665518531 -0.28519526676381074 0.0 0.0 0.07534121732859383 -0.26612251079773824 0.24246275609771395 -0.08768289813007754 -0.07534121732859383 0.0 0.4283060233506017 -0.27592394703126233 0.26612251079773824 -0.4283060233506017 -0.1269236665518531 -0.24246275609771395 0.28519526676381074
0.0 0.0 0.3281328958740916 -0.45694289594502024 -0.2264960955916746 0.09414859635669147 0.0 0.0 -0.17885757999686394 -0.30026468228631154 0.025555981790088035 -0.3281328958740916 0.17885757999686394 0.0 -0.02378090453206506 0.45694289594502024 0.30026468228631154 0.02378090453206506 0.2264960955916746 -0.025555981790088035 -0.09414859635669147
0.0 0.0 0.04226448855751098 -0.19924454013154183 -0.586933849859037 0.14562288597253162 0.0 0.0 -0.2014865003896947 -0.0944924919484924 -0.09418959662947726 -0.04226448855751098 0.2014865003896947 0.0 -0.1855279930853479 0.19924454013154183 0.0944924919484924 0.1855279930853479 0.586933849859037 0.09418959662947726 -0.14562288597253162
0.0 0.0 0.38658949771102624 -0.22293341754284743 -0.3436679647153831 0.06496213414052406 0.0 0.0 0.06836038718671858 -0.41641492698496035 -0.0024253182277443604 -0.38658949771102624 -0.06836038718671858 0.0 -0.02100206270307378 0.22293341754284743 0.41641492698496035 0.02100206270307378 0.3436679647153831 0.0024253182277443604 -0.06496213414052406
0.0 0.0 0.3393395275301605 -0.20064831759261326 -0.20331799423597044 0.20753076988408212 0.0 0.0 0.10173189992843207 -0.4585207200121439 -0.038390764126383065 -0.3393395275301605 -0.10173189992843207 0.0 -0.19523634282666824 0.20064831759261326 0.4585207200121439 0.19523634282666824 0.20331799423597044 0.038390764126383065 -0.20753076988408212
0.0 0.0 0.46845195677832413 -0.2830567218046729 -0.18114500721404447 0.17507396646467918 0.0 0.0 0.09430875907259761 -0.3466294277677434 0.02178556912563194 -0.46845195677832413 -0.09430875907259761 0.0 -0.0862933126317745 0.2830567218046729 0.3466294277677434 0.0862933126317745 0.18114500721404447 -0.02178556912563194 -0.17507396646467918
0.0 0.0 0.4557049727909773 -0.1643129416085694 -0.2793648230517752 0.1255470791124768 0.0 0.0 0.1559571388072987 -0.3513202998432546 -0.10701780970822136 -0.4557049727909773 -0.1559571388072987 0.0 -0.11102282530827089 0.1643129416085694 0.3513202998432546 0.11102282530827089 0.2793648230517752 0.10701780970822136 -0.1255470791124768
0.0 0.0 0.40654801844049226 -0.24151878685822972 -0.28359988198412894 0.13778162977134917 0.0 0.0 0.08860576006418297 -0.40540368313487385 0.05608815609647022 -0.40654801844049226 -0.08860576006418297 0.0 -0.04032003797868257 0.24151878685822972 0.40540368313487385 0.04032003797868257 0.28359988198412894 -0.05608815609647022 -0.13778162977134917
0.0 0.0 0.4865912169960186 -0.1755485504657914 -0.2611059134660774 0.1423549371326284 0.0 0.0 0.010091150477931375 -0.36575833324280177 0.072274844403615 -0.4865912169960186 -0.010091150477931375 0.0 -0.06975546581176571 0.1755485504657914 0.36575833324280177 0.06975546581176571 0.2611059134660774 -0.072274844403615 -0.1423549371326284
0.0 0.0 0.20182192572341315 -0.557982473075443 0.2082317830682463 0.0696570577819494 0.0 0.0 0.03825726467260425 -0.2986226009093776 -0.05387081891975557 -0.20182192572341315 -0.03825726467260425 0.0 -0.0785477412411741 0.557982473075443 0.2986226009093776 0.0785477412411741 -0.2082317830682463 0.05387081891975557 -0.0696570577819494
0.0 0.0 0.03923693208300113 0.27089740781315347 0.4131968318745041 -0.26109470365466897 0.0 0.0 0.10730792080320647 -0.20719553205356284 0.23317666105281262 -0.03923693208300113 -0.10730792080320647 0.0 0.27813064883859334 -0.27089740781315347 0.20719553205356284 -0.27813064883859334 -0.4131968318745041 -0.23317666105281262 0.26109470365466897
0.0 0.0 0.07899132025652081 0.29183141418246084 0.3068608679306825 -0.19351880487606318 0.0 0.0 0.011368275478882568 -0.3132797528685068 0.2663349932016632 -0.07899132025652081 -0.011368275478882568 0.0 0.3282893648355345 -0.29183141418246084 0.3132797528685068 -0.3282893648355345 -0.3068608679306825 -0.2663349932016632 0.19351880487606318
