0.0 0.0 -0.027438178600722105 0.0 0.5310510896944348 0.0 0.0 0.12236436655294804 0.0 0.45797965826931225 0.0 0.027438178600722105 0.0 0.0 0.0 0.0 0.45797965826931225 0.0 -0.5310510896944348 0.0 0.0
0.0 0.0 -0.0014395088332928273 0.0 0.6058949777047001 0.0 0.0 0.0035691368930287504 0.0 0.3645309787075154 0.0 0.0014395088332928273 0.0 0.0 0.0 0.0 0.3645309787075154 0.0 -0.6058949777047001 0.0 0.0
0.0 0.0 -0.0018841310757626148 0.0 0.6684463265955464 0.0 0.0 -0.009431351179121574 0.0 -0.2305026752957057 0.0 0.0018841310757626148 0.0 0.0 0.0 0.0 -0.2305026752957057 0.0 -0.6684463265955464 0.0 0.0
0.0 0.0 -0.055555288355350216 0.0 0.5545240781783358 0.0 0.0 0.323171399331345 0.0 0.37040083690959846 0.0 0.055555288355350216 0.0 0.0 0.0 0.0 0.37040083690959846 0.0 -0.5545240781783358 0.0 0.0
0.0 0.0 0.007215909749969621 0.0 0.5899548573152195 0.0 0.0 -0.0535511600310282 0.0 0.38790119051934463 0.0 -0.007215909749969621 0.0 0.0 0.0 0.0 0.38790119051934463 0.0 -0.5899548573152195 0.0 0.0
0.0 0.0 -0.07439611577486462 0.0 -0.4978392864821893 0.0 0.0 0.35978786115685796 0.0 -0.4264945606623893 0.0 0.07439611577486462 0.0 0.0 0.0 0.0 -0.4264945606623893 0.0 0.4978392864821893 0.0 0.0
0.0 0.0 0.011842858661344883 0.0 0.6191126749896849 0.0 0.0 -0.09967044784872031 0.0 0.3340541023227554 0.0 -0.011842858661344883 0.0 0.0 0.0 0.0 0.3340541023227554 0.0 -0.6191126749896849 0.0 0.0
0.0 0.0 0.01060776740966949 0.0 0.6157201645231678 0.0 0.0 -0.08742677776281113 0.0 0.341986013654289 0.0 -0.01060776740966949 0.0 0.0 0.0 0.0 0.341986013654289 0.0 -0.6157201645231678 0.0 0.0
0.0 0.0 0.02941253199202982 0.0 0.5143384339182278 0.0 0.0 -0.13732218379350322 0.0 0.47451257862722074 0.0 -0.02941253199202982 0.0 0.0 0.0 0.0 0.47451257862722074 0.0 -0.5143384339182278 0.0 0.0
0.0 0.0 0.00045331973385157016 0.0 0.5936547761954508 0.0 0.0 -0.014205277192462644 0.0 0.384022012717358 0.0 -0.00045331973385157016 0.0 0.0 0.0 0.0 0.384022012717358 0.0 -0.5936547761954508 0.0 0.0
0.0 0.0 -0.02402550831863583 0.0 0.5761883794997312 0.0 0.0 0.12509050344625552 0.0 0.39950708285747066 0.0 0.02402550831863583 0.0 0.0 0.0 0.0 0.39950708285747066 0.0 -0.5761883794997312 0.0 0.0
0.0 0.0 -0.04380643046340953 0.0 0.6002393084825368 0.0 0.0 0.34908730001463717 0.0 0.27724140687622006 0.0 0.04380643046340953 0.0 0.0 0.0 0.0 0.27724140687622006 0.0 -0.6002393084825368 0.0 0.0
0.0 0.0 0.002861318778767999 0.0 -0.6648047267174152 0.0 0.0 -0.016683704657295705 0.0 -0.24059782872769928 0.0 -0.002861318778767999 0.0 0.0 0.0 0.0 -0.24059782872769928 0.0 0.6648047267174152 0.0 0.0
0.0 0.0 -0.02588966133548595 0.0 0.5740140031607153 0.0 0.0 0.13421374348752285 0.0 0.4010373862134016 0.0 0.02588966133548595 0.0 0.0 0.0 0.0 0.4010373862134016 0.0 -0.5740140031607153 0.0 0.0
0.0 0.0 -0.015704300933572297 0.0 0.5907680557342809 0.0 0.0 0.08380871368326183 0.0 0.3837115179552261 0.0 0.015704300933572297 0.0 0.0 0.0 0.0 0.3837115179552261 0.0 -0.5907680557342809 0.0 0.0
0.0 0.0 -0.026071844789445738 0.0 0.5207284227005367 0.0 0.0 0.10157035362889438 0.0 0.47223288781377454 0.0 0.026071844789445738 0.0 0.0 0.0 0.0 0.47223288781377454 0.0 -0.5207284227005367 0.0 0.0
0.0 0.0 -0.004000046989336699 0.0 0.6227165630271162 0.0 0.0 0.01424371321222267 0.0 0.33482329678913125 0.0 0.004000046989336699 0.0 0.0 0.0 0.0 0.33482329678913125 0.0 -0.6227165630271162 0.0 0.0
0.0 0.0 0.006643506908515405 0.0 0.5272936860269775 0.0 0.0 -0.03787212009801513 0.0 0.4703191296892786 0.0 -0.006643506908515405 0.0 0.0 0.0 0.0 0.4703191296892786 0.0 -0.5272936860269775 0.0 0.0
0.0 0.0 -0.0007205487050433904 0.0 0.5911539726123842 0.0 0.0 0.0024854629091618243 0.0 0.38798630479853746 0.0 0.0007205487050433904 0.0 0.0 0.0 0.0 0.38798630479853746 0.0 -0.5911539726123842 0.0 0.0
0.0 0.0 -0.0003215366651038246 0.0 0.6692250029473695 0.0 0.0 0.0021514465870961135 0.0 -0.22833194626039027 0.0 0.0003215366651038246 0.0 0.0 0.0 0.0 -0.22833194626039027 0.0 -0.6692250029473695 0.0 0.0
0.0 0.0 0.008936622902785624 0.0 0.5936507475144738 0.0 0.0 -0.05977070236550657 0.0 0.38172327452746047 0.0 -0.008936622902785624 0.0 0.0 0.0 0.0 0.38172327452746047 0.0 -0.5936507475144738 0.0 0.0
0.0 0.0 0.012590539716928195 0.0 0.6103611120031428 0.0 0.0 -0.09318076842268216 0.0 0.3506557620544722 0.0 -0.012590539716928195 0.0 0.0 0.0 0.0 0.3506557620544722 0.0 -0.6103611120031428 0.0 0.0
0.0 0.0 0.01184334570336702 0.0 0.5522185041070733 0.0 0.0 -0.06325534546135772 0.0 0.4392195800730871 0.0 -0.01184334570336702 0.0 0.0 0.0 0.0 0.4392195800730871 0.0 -0.5522185041070733 0.0 0.0
0.0 0.0 -0.015941212608027205 0.0 0.5798445598745529 0.0 0.0 0.08797507746607698 0.0 0.3995702153525593 0.0 0.015941212608027205 0.0 0.0 0.0 0.0 0.3995702153525593 0.0 -0.5798445598745529 0.0 0.0
0.0 0.0 0.004815674913529364 0.0 0.6575545806739547 0.0 0.0 0.05481207414120873 0.0 -0.25709259221921654 0.0 -0.004815674913529364 0.0 0.0 0.0 0.0 -0.25709259221921654 0.0 -0.6575545806739547 0.0 0.0
0.0 0.0 -0.01892027628417459 0.0 0.6315744099751551 0.0 0.0 0.1480311496919073 0.0 0.29966510836317134 0.0 0.01892027628417459 0.0 0.0 0.0 0.0 0.29966510836317134 0.0 -0.6315744099751551 0.0 0.0
0.0 0.0 -0.05069488835775584 0.0 0.4891711680305233 0.0 0.0 0.19512288865752206 0.0 0.4889837684658053 0.0 0.05069488835775584 0.0 0.0 0.0 0.0 0.4889837684658053 0.0 -0.4891711680305233 0.0 0.0
0.0 0.0 -0.024222028263579398 0.0 0.5911348345455043 0.0 0.0 0.1468826806130697 0.0 0.37307591694133385 0.0 0.024222028263579398 0.0 0.0 0.0 0.0 0.37307591694133385 0.0 -0.5911348345455043 0.0 0.0
0.0 0.0 0.009581262793976532 0.0 0.5293312426747742 0.0 0.0 0.04878350222017686 0.0 -0.46746841592477567 0.0 -0.009581262793976532 0.0 0.0 0.0 0.0 -0.46746841592477567 0.0 -0.5293312426747742 0.0 0.0
0.0 0.0 -0.00133277479289414 0.0 0.5939252348961811 0.0 0.0 0.002142523399794887 0.0 0.383730040342958 0.0 0.00133277479289414 0.0 0.0 0.0 0.0 0.383730040342958 0.0 -0.5939252348961811 0.0 0.0
0.0 0.0 0.031200140923440922 0.0 0.5234778785617709 0.0 0.0 -0.14672121006779237 0.0 0.4628540862096246 0.0 -0.031200140923440922 0.0 0.0 0.0 0.0 0.4628540862096246 0.0 -0.5234778785617709 0.0 0.0
0.0 0.0 0.009164381158722668 0.0 0.5544688955181355 0.0 0.0 -0.04953380795882807 0.0 0.4373253468019268 0.0 -0.009164381158722668 0.0 0.0 0.0 0.0 0.4373253468019268 0.0 -0.5544688955181355 0.0 0.0
0.0 0.0 -0.0024582554481738144 0.0 0.5770574176203009 0.0 0.0 0.008036213992676618 0.0 0.40861522656635424 0.0 0.0024582554481738144 0.0 0.0 0.0 0.0 0.40861522656635424 0.0 -0.5770574176203009 0.0 0.0
0.0 0.0 -0.0019245950319979608 0.0 0.45989940890949366 0.0 0.0 0.005377786313866907 0.0 0.5370981002813567 0.0 0.0019245950319979608 0.0 0.0 0.0 0.0 0.5370981002813567 0.0 -0.45989940890949366 0.0 0.0
0.0 0.0 -0.011306319142313616 0.0 0.5410504191273615 0.0 0.0 0.049002105265412176 0.0 0.4538017275742098 0.0 0.011306319142313616 0.0 0.0 0.0 0.0 0.4538017275742098 0.0 -0.5410504191273615 0.0 0.0
0.0 0.0 -0.04355427494896495 0.0 0.5218528084224767 0.0 0.0 0.19112660688255484 0.0 0.45553043975789864 0.0 0.04355427494896495 0.0 0.0 0.0 0.0 0.45553043975789864 0.0 -0.5218528084224767 0.0 0.0
0.0 0.0 -0.025456814926860378 0.0 0.5266401818941412 0.0 0.0 0.11088898781198053 0.0 0.46460078086385376 0.0 0.025456814926860378 0.0 0.0 0.0 0.0 0.46460078086385376 0.0 -0.5266401818941412 0.0 0.0
0.0 0.0 -0.02493465046315231 0.0 0.5875324264182065 0.0 0.0 0.14887861730713742 0.0 0.3782875754869206 0.0 0.02493465046315231 0.0 0.0 0.0 0.0 0.3782875754869206 0.0 -0.5875324264182065 0.0 0.0
0.0 0.0 -0.010157694456544516 0.0 0.5481463233034564 0.0 0.0 0.04393970667039726 0.0 0.44549644283775125 0.0 0.010157694456544516 0.0 0.0 0.0 0.0 0.44549644283775125 0.0 -0.5481463233034564 0.0 0.0
0.0 0.0 -0.017544521210011963 0.0 0.6539260965417474 0.0 0.0 -0.18176816042768998 0.0 -0.23569687729062416 0.0 0.017544521210011963 0.0 0.0 0.0 0.0 -0.23569687729062416 0.0 -0.6539260965417474 0.0 0.0
0.0 0.0 0.002089322729209346 0.0 0.6865308799135107 0.0 0.0 0.04510523665401868 0.0 -0.16629415043502419 0.0 -0.002089322729209346 0.0 0.0 0.0 0.0 -0.16629415043502419 0.0 -0.6865308799135107 0.0 0.0
0.0 0.0 -0.002545816477687078 0.0 0.6831509352063435 0.0 0.0 -0.022675243569985726 0.0 -0.1817724819924104 0.0 0.002545816477687078 0.0 0.0 0.0 0.0 -0.1817724819924104 0.0 -0.6831509352063435 0.0 0.0
0.0 0.0 0.0053693107764339046 0.0 0.6797634258060061 0.0 0.0 0.09397903081803566 0.0 -0.18296673556010096 0.0 -0.0053693107764339046 0.0 0.0 0.0 0.0 -0.18296673556010096 0.0 -0.6797634258060061 0.0 0.0
0.0 0.0 -0.006293768977430593 0.0 0.6842117030354233 0.0 0.0 -0.08699965675570036 0.0 -0.16742241117490717 0.0 0.006293768977430593 0.0 0.0 0.0 0.0 -0.16742241117490717 0.0 -0.6842117030354233 0.0 0.0
0.0 0.0 -0.005991305502264325 0.0 0.6700261173048611 0.0 0.0 -0.05509523589965228 0.0 -0.22251149156466468 0.0 0.005991305502264325 0.0 0.0 0.0 0.0 -0.22251149156466468 0.0 -0.6700261173048611 0.0 0.0
0.0 0.0 -0.0077614583981040165 0.0 0.6779748913076649 0.0 0.0 -0.09902316218845196 0.0 -0.1881143620115015 0.0 0.0077614583981040165 0.0 0.0 0.0 0.0 -0.1881143620115015 0.0 -0.6779748913076649 0.0 0.0
0.0 0.0 -0.019597170583701987 0.0 0.6559707869014524 0.0 0.0 -0.22062834522241187 0.0 -0.21208452154556864 0.0 0.019597170583701987 0.0 0.0 0.0 0.0 -0.21208452154556864 0.0 -0.6559707869014524 0.0 0.0
0.0 0.0 0.005858551630088316 0.0 0.6777835243563922 0.0 0.0 0.09859790773254475 0.0 -0.18898253300029555 0.0 -0.005858551630088316 0.0 0.0 0.0 0.0 -0.18898253300029555 0.0 -0.6777835243563922 0.0 0.0
0.0 0.0 -0.04176455615657289 0.0 0.5205976692386614 0.0 0.0 0.18274887234737486 0.0 0.45884116365055905 0.0 0.04176455615657289 0.0 0.0 0.0 0.0 0.45884116365055905 0.0 -0.5205976692386614 0.0 0.0
0.0 0.0 -0.03985435246403606 0.0 0.6040467395731155 0.0 0.0 0.3175153766349546 0.0 0.28832474711849243 0.0 0.03985435246403606 0.0 0.0 0.0 0.0 0.28832474711849243 0.0 -0.6040467395731155 0.0 0.0
0.0 0.0 -0.03242110988052061 0.0 0.530621761970501 0.0 0.0 0.14554331684015398 0.0 0.45475046873974684 0.0 0.03242110988052061 0.0 0.0 0.0 0.0 0.45475046873974684 0.0 -0.530621761970501 0.0 0.0
0.0 0.0 -0.022185893614082127 0.0 0.5430766933603892 0.0 0.0 0.09021122964199643 0.0 0.44777947505053184 0.0 0.022185893614082127 0.0 0.0 0.0 0.0 0.44777947505053184 0.0 -0.5430766933603892 0.0 0.0
0.0 0.0 -0.03724786821784935 0.0 0.5463386918068982 0.0 0.0 0.18203129974368312 0.0 0.42843778206965527 0.0 0.03724786821784935 0.0 0.0 0.0 0.0 0.42843778206965527 0.0 -0.5463386918068982 0.0 0.0
0.0 0.0 -0.03865917467877229 0.0 0.5116325434582009 0.0 0.0 0.1610131219415028 0.0 0.4730486190329422 0.0 0.03865917467877229 0.0 0.0 0.0 0.0 0.4730486190329422 0.0 -0.5116325434582009 0.0 0.0
0.0 0.0 -0.07897408371234564 0.0 0.49151913506238515 0.0 0.0 0.3359324186770271 0.0 0.4424327508336398 0.0 0.07897408371234564 0.0 0.0 0.0 0.0 0.4424327508336398 0.0 -0.49151913506238515 0.0 0.0
0.0 0.0 -0.03774936255499881 0.0 0.5932919977454548 0.0 0.0 0.24878832655467162 0.0 0.3400467252054659 0.0 0.03774936255499881 0.0 0.0 0.0 0.0 0.3400467252054659 0.0 -0.5932919977454548 0.0 0.0
0.0 0.0 -0.10996728243361026 0.0 -0.43715935587567684 0.0 0.0 0.4464034848822484 0.0 -0.4440279931569878 0.0 0.10996728243361026 0.0 0.0 0.0 0.0 -0.4440279931569878 0.0 0.43715935587567684 0.0 0.0
0.0 0.0 -0.1207971906964361 0.0 -0.42478633682436706 0.0 0.0 0.5173728186154526 0.0 -0.4136753437735144 0.0 0.1207971906964361 0.0 0.0 0.0 0.0 -0.4136753437735144 0.0 0.42478633682436706 0.0 0.0
0.0 0.0 -0.07046106202743975 0.0 -0.49951191177814624 0.0 0.0 0.3347691199367926 0.0 -0.435302086944319 0.0 0.07046106202743975 0.0 0.0 0.0 0.0 -0.435302086944319 0.0 0.49951191177814624 0.0 0.0
0.0 0.0 -0.10039776060814054 0.0 0.4779688187467356 0.0 0.0 -0.5285585219363543 0.0 -0.34896854072387234 0.0 0.10039776060814054 0.0 0.0 0.0 0.0 -0.34896854072387234 0.0 -0.4779688187467356 0.0 0.0
0.0 0.0 -0.06449452557144925 0.0 0.47059253776562804 0.0 0.0 0.23805200598437423 0.0 0.49603300373465814 0.0 0.06449452557144925 0.0 0.0 0.0 0.0 0.49603300373465814 0.0 -0.47059253776562804 0.0 0.0
0.0 0.0 -0.07470418803938424 0.0 -0.4431288146895119 0.0 0.0 -0.2704466578484977 0.0 0.5113564710752503 0.0 0.07470418803938424 0.0 0.0 0.0 0.0 0.5113564710752503 0.0 0.4431288146895119 0.0 0.0
0.0 0.0 -0.07222661542696356 0.0 0.5343495746612488 0.0 0.0 -0.46887960581860777 0.0 -0.31516631435957976 0.0 0.07222661542696356 0.0 0.0 0.0 0.0 -0.31516631435957976 0.0 -0.5343495746612488 0.0 0.0
0.0 0.0 -0.0747282926793417 0.0 0.5078874230451746 0.0 0.0 -0.3481811000621701 0.0 -0.41934592947292454 0.0 0.0747282926793417 0.0 0.0 0.0 0.0 -0.41934592947292454 0.0 -0.5078874230451746 0.0 0.0
0.0 0.0 -0.06944786304693346 0.0 0.5368362296558195 0.0 0.0 -0.40356176467907645 0.0 -0.35433431655950776 0.0 0.06944786304693346 0.0 0.0 0.0 0.0 -0.35433431655950776 0.0 -0.5368362296558195 0.0 0.0
0.0 0.0 -0.10136626614698657 0.0 0.4771395574232781 0.0 0.0 -0.5102404306128667 0.0 -0.3631667307358076 0.0 0.10136626614698657 0.0 0.0 0.0 0.0 -0.3631667307358076 0.0 -0.4771395574232781 0.0 0.0
0.0 0.0 0.012010840986172092 0.0 0.5820948020473871 0.0 0.0 -0.07960797855293197 0.0 0.39730676561515554 0.0 -0.012010840986172092 0.0 0.0 0.0 0.0 0.39730676561515554 0.0 -0.5820948020473871 0.0 0.0
0.0 0.0 0.027537979611777844 0.0 0.5757074607575409 0.0 0.0 -0.1780971536094314 0.0 0.38979902673700345 0.0 -0.027537979611777844 0.0 0.0 0.0 0.0 0.38979902673700345 0.0 -0.5757074607575409 0.0 0.0
0.0 0.0 0.00446017001626314 0.0 0.6004747749519116 0.0 0.0 -0.042366759925705606 0.0 0.3721729172798258 0.0 -0.00446017001626314 0.0 0.0 0.0 0.0 0.3721729172798258 0.0 -0.6004747749519116 0.0 0.0
0.0 0.0 0.036809603697292775 0.0 0.5459556780518943 0.0 0.0 -0.19506319659310103 0.0 0.42608992636060444 0.0 -0.036809603697292775 0.0 0.0 0.0 0.0 0.42608992636060444 0.0 -0.5459556780518943 0.0 0.0
0.0 0.0 0.010831994569459484 0.0 0.6118176322447355 0.0 0.0 -0.09175932171975837 0.0 0.3483560911005542 0.0 -0.010831994569459484 0.0 0.0 0.0 0.0 0.3483560911005542 0.0 -0.6118176322447355 0.0 0.0
0.0 0.0 -0.025074435015339118 0.0 0.5066230654340913 0.0 0.0 0.10031115323123484 0.0 0.48751736230367826 0.0 0.025074435015339118 0.0 0.0 0.0 0.0 0.48751736230367826 0.0 -0.5066230654340913 0.0 0.0
0.0 0.0 0.01862112330984121 0.0 0.6355552641361687 0.0 0.0 -0.17907597251905566 0.0 0.28229179589329517 0.0 -0.01862112330984121 0.0 0.0 0.0 0.0 0.28229179589329517 0.0 -0.6355552641361687 0.0 0.0
0.0 0.0 -0.0022943870096493804 0.0 0.5585086494647613 0.0 0.0 0.004591517910762158 0.0 0.4336499547364624 0.0 0.0022943870096493804 0.0 0.0 0.0 0.0 0.4336499547364624 0.0 -0.5585086494647613 0.0 0.0
0.0 0.0 -0.0011189249194054418 0.0 0.6166773938502057 0.0 0.0 -0.0037126796830544593 0.0 0.3459781032463307 0.0 0.0011189249194054418 0.0 0.0 0.0 0.0 0.3459781032463307 0.0 -0.6166773938502057 0.0 0.0
0.0 0.0 -0.04761086078584095 0.0 0.5530092932757238 0.0 0.0 0.2386331722200695 0.0 0.4042784090747479 0.0 0.04761086078584095 0.0 0.0 0.0 0.0 0.4042784090747479 0.0 -0.5530092932757238 0.0 0.0
0.0 0.0 0.0031922863337012926 0.0 0.550109460836411 0.0 0.0 -0.026435138311124193 0.0 0.4438693300257101 0.0 -0.0031922863337012926 0.0 0.0 0.0 0.0 0.4438693300257101 0.0 -0.550109460836411 0.0 0.0
0.0 0.0 -0.045973887041421836 0.0 0.47089041900123224 0.0 0.0 0.16189418614080534 0.0 0.5128779106669048 0.0 0.045973887041421836 0.0 0.0 0.0 0.0 0.5128779106669048 0.0 -0.47089041900123224 0.0 0.0
0.0 0.0 -0.04498958186245046 0.0 0.5095135651864938 0.0 0.0 0.18032678050021445 0.0 0.47128864884697164 0.0 0.04498958186245046 0.0 0.0 0.0 0.0 0.47128864884697164 0.0 -0.5095135651864938 0.0 0.0
0.0 0.0 -0.027686704364087916 0.0 0.5572863866254681 0.0 0.0 0.1326747461067826 0.0 0.4241038028079154 0.0 0.027686704364087916 0.0 0.0 0.0 0.0 0.4241038028079154 0.0 -0.5572863866254681 0.0 0.0
0.0 0.0 -0.04504334619129032 0.0 0.5706048647513061 0.0 0.0 0.25323758768983556 0.0 0.3745885040635279 0.0 0.04504334619129032 0.0 0.0 0.0 0.0 0.3745885040635279 0.0 -0.5706048647513061 0.0 0.0
0.0 0.0 -0.05587111664412153 0.0 0.5149085664090861 0.0 0.0 0.2446801191530531 0.0 0.4492364702571492 0.0 0.05587111664412153 0.0 0.0 0.0 0.0 0.4492364702571492 0.0 -0.5149085664090861 0.0 0.0
0.0 0.0 -0.032016751980141575 0.0 0.5889842087694506 0.0 0.0 0.1981166122015327 0.0 0.3639332815197864 0.0 0.032016751980141575 0.0 0.0 0.0 0.0 0.3639332815197864 0.0 -0.5889842087694506 0.0 0.0
0.0 0.0 -0.020912906162775326 0.0 0.620309129283401 0.0 0.0 0.1359279861777716 0.0 0.3248707831897533 0.0 0.020912906162775326 0.0 0.0 0.0 0.0 0.3248707831897533 0.0 -0.620309129283401 0.0 0.0
0.0 0.0 -0.03249573669052105 0.0 0.6117353961292726 0.0 0.0 0.23879337239351758 0.0 0.31018171266205813 0.0 0.03249573669052105 0.0 0.0 0.0 0.0 0.31018171266205813 0.0 -0.6117353961292726 0.0 0.0
0.0 0.0 -0.028392330877479655 0.0 0.6296514040943909 0.0 0.0 0.2510177661862012 0.0 0.2668857909270381 0.0 0.028392330877479655 0.0 0.0 0.0 0.0 0.2668857909270381 0.0 -0.6296514040943909 0.0 0.0
0.0 0.0 -0.0551391178117689 0.0 0.5291480402456253 0.0 0.0 0.2638094670905332 0.0 0.4268071130239729 0.0 0.0551391178117689 0.0 0.0 0.0 0.0 0.4268071130239729 0.0 -0.5291480402456253 0.0 0.0
0.0 0.0 -0.03683708950473188 0.0 0.5526002985368189 0.0 0.0 0.17942325886135016 0.0 0.42092705541889974 0.0 0.03683708950473188 0.0 0.0 0.0 0.0 0.42092705541889974 0.0 -0.5526002985368189 0.0 0.0
0.0 0.0 -0.05259303496195381 0.0 0.5626274153377384 0.0 0.0 0.30803839402606176 0.0 0.3650212844298111 0.0 0.05259303496195381 0.0 0.0 0.0 0.0 0.3650212844298111 0.0 -0.5626274153377384 0.0 0.0
0.0 0.0 -0.046227279648054995 0.0 0.5681499908334787 0.0 0.0 0.2711926659663685 0.0 0.3718815611122517 0.0 0.046227279648054995 0.0 0.0 0.0 0.0 0.3718815611122517 0.0 -0.5681499908334787 0.0 0.0
0.0 0.0 -0.04276020108083684 0.0 0.5239896017766859 0.0 0.0 0.19038249155003162 0.0 0.45330311700785575 0.0 0.04276020108083684 0.0 0.0 0.0 0.0 0.45330311700785575 0.0 -0.5239896017766859 0.0 0.0
0.0 0.0 -0.06275902637848906 0.0 0.5010703212259207 0.0 0.0 0.26333968968975685 0.0 0.45860216060505865 0.0 0.06275902637848906 0.0 0.0 0.0 0.0 0.45860216060505865 0.0 -0.5010703212259207 0.0 0.0
0.0 0.0 -0.0637860146325994 0.0 0.5441437308156958 0.0 0.0 0.3674903313254466 0.0 0.36375042644981487 0.0 0.0637860146325994 0.0 0.0 0.0 0.0 0.36375042644981487 0.0 -0.5441437308156958 0.0 0.0
0.0 0.0 -0.03850887676167941 0.0 0.5302137893271834 0.0 0.0 0.17539995239239695 0.0 0.4494528143957221 0.0 0.03850887676167941 0.0 0.0 0.0 0.0 0.4494528143957221 0.0 -0.5302137893271834 0.0 0.0
0.0 0.0 -0.04049548813851156 0.0 0.5597013508485148 0.0 0.0 0.21826733138232993 0.0 0.40158959065741423 0.0 0.04049548813851156 0.0 0.0 0.0 0.0 0.40158959065741423 0.0 -0.5597013508485148 0.0 0.0
0.0 0.0 -0.05173023490311629 0.0 0.5428853329931937 0.0 0.0 0.264086499750622 0.0 0.40954689394801896 0.0 0.05173023490311629 0.0 0.0 0.0 0.0 0.40954689394801896 0.0 -0.5428853329931937 0.0 0.0
0.0 0.0 -0.042244821349056216 0.0 0.5921252971994361 0.0 0.0 0.29730413068584344 0.0 0.3215713519955306 0.0 0.042244821349056216 0.0 0.0 0.0 0.0 0.3215713519955306 0.0 -0.5921252971994361 0.0 0.0
0.0 0.0 -0.016550537499993224 0.0 0.5891895495398388 0.0 0.0 0.08057634835700479 0.0 0.38643949133626143 0.0 0.016550537499993224 0.0 0.0 0.0 0.0 0.38643949133626143 0.0 -0.5891895495398388 0.0 0.0
0.0 0.0 -0.016166105752006582 0.0 0.5226667577465791 0.0 0.0 0.05662904401896009 0.0 0.4742938889109187 0.0 0.016166105752006582 0.0 0.0 0.0 0.0 0.4742938889109187 0.0 -0.5226667577465791 0.0 0.0
0.0 0.0 -0.006240229618425326 0.0 0.5452446961909306 0.0 0.0 0.02213853239356505 0.0 0.4499157960126524 0.0 0.006240229618425326 0.0 0.0 0.0 0.0 0.4499157960126524 0.0 -0.5452446961909306 0.0 0.0
