0.0 0.0 -0.18346009250388245 0.0 0.1930801527070351 0.0 0.0 0.0 0.0 -0.23073465737979199 0.0 -0.18346009250388245 0.0 0.866976316831002 0.0 0.0 0.23073465737979199 0.0 0.1930801527070351 0.0 0.0
0.0 0.0 -0.08473964214630211 0.0 0.21807634329698014 0.0 0.0 0.0 0.0 -0.2749966183538884 0.0 -0.08473964214630211 0.0 0.8598124928576697 0.0 0.0 0.2749966183538884 0.0 0.21807634329698014 0.0 0.0
0.0 0.0 -0.2093076304794868 0.0 0.18960805342442374 0.0 0.0 0.0 0.0 -0.21094504480288692 0.0 -0.2093076304794868 0.0 0.866880949119049 0.0 0.0 0.21094504480288692 0.0 0.18960805342442374 0.0 0.0
0.0 0.0 -0.29912037058937896 0.0 0.1806843986752606 0.0 0.0 0.0 0.0 -0.2181491246111311 0.0 -0.29912037058937896 0.0 0.8127620948410788 0.0 0.0 0.2181491246111311 0.0 0.1806843986752606 0.0 0.0
0.0 0.0 -0.14372462669558803 0.0 0.20978885326716679 0.0 0.0 0.0 0.0 -0.2415085323505844 0.0 -0.14372462669558803 0.0 0.8683380649584905 0.0 0.0 0.2415085323505844 0.0 0.20978885326716679 0.0 0.0
0.0 0.0 -0.2161405118022787 0.0 0.19953156190964724 0.0 0.0 0.0 0.0 -0.23063632210253127 0.0 -0.2161405118022787 0.0 0.8488549014840676 0.0 0.0 0.23063632210253127 0.0 0.19953156190964724 0.0 0.0
0.0 0.0 -0.14120046906998834 0.0 0.2053524513544798 0.0 0.0 0.0 0.0 -0.24918768830185256 0.0 -0.14120046906998834 0.0 0.8669467045394428 0.0 0.0 0.24918768830185256 0.0 0.2053524513544798 0.0 0.0
0.0 0.0 0.16235760896527274 0.0 -0.197848174967027 0.0 0.0 0.0 0.0 0.2218071756651595 0.0 0.16235760896527274 0.0 -0.8778356147898551 0.0 0.0 -0.2218071756651595 0.0 -0.197848174967027 0.0 0.0
0.0 0.0 0.07441209100446569 0.0 -0.17785165410606682 0.0 0.0 0.0 0.0 -0.09659519071222356 0.0 0.07441209100446569 0.0 -0.9523665250053134 0.0 0.0 0.09659519071222356 0.0 -0.17785165410606682 0.0 0.0
0.0 0.0 -0.31873060572900713 0.0 0.171194317932652 0.0 0.0 0.0 0.0 -0.17754418881346906 0.0 -0.31873060572900713 0.0 0.8216828676536484 0.0 0.0 0.17754418881346906 0.0 0.171194317932652 0.0 0.0
0.0 0.0 -0.5341642481397915 0.0 0.10882228598031007 0.0 0.0 0.0 0.0 -0.006441886860267373 0.0 -0.5341642481397915 0.0 0.6368434158832931 0.0 0.0 0.006441886860267373 0.0 0.10882228598031007 0.0 0.0
0.0 0.0 -0.01949143491347437 0.0 0.19137059993594185 0.0 0.0 0.0 0.0 0.14593351263306528 0.0 -0.01949143491347437 0.0 0.93989444868639 0.0 0.0 -0.14593351263306528 0.0 0.19137059993594185 0.0 0.0
0.0 0.0 0.29983333266226864 0.0 -0.1540758854543627 0.0 0.0 0.0 0.0 0.08357605378082585 0.0 0.29983333266226864 0.0 -0.8710633012365013 0.0 0.0 -0.08357605378082585 0.0 -0.1540758854543627 0.0 0.0
0.0 0.0 -0.015865265326446963 0.0 0.26722418896003336 0.0 0.0 0.0 0.0 -0.327576589822742 0.0 -0.015865265326446963 0.0 0.8012903393787758 0.0 0.0 0.327576589822742 0.0 0.26722418896003336 0.0 0.0
0.0 0.0 -0.003019141196817515 0.0 0.19614026790171674 0.0 0.0 0.0 0.0 0.04834655422256754 0.0 -0.003019141196817515 0.0 0.9583136133737022 0.0 0.0 -0.04834655422256754 0.0 0.19614026790171674 0.0 0.0
0.0 0.0 -0.01887669948326113 0.0 0.18389384843131049 0.0 0.0 0.0 0.0 -0.022830205091437718 0.0 -0.01887669948326113 0.0 0.9646818174519758 0.0 0.0 0.022830205091437718 0.0 0.18389384843131049 0.0 0.0
0.0 0.0 0.018989783266303826 0.0 -0.18955979316189198 0.0 0.0 0.0 0.0 -0.1784918009434362 0.0 0.018989783266303826 0.0 -0.9293515480633671 0.0 0.0 0.1784918009434362 0.0 -0.18955979316189198 0.0 0.0
0.0 0.0 -0.5373754001472696 0.0 0.3408729373789068 0.0 0.0 0.0 0.0 0.27612951405804964 0.0 -0.5373754001472696 0.0 0.19383400808580084 0.0 0.0 -0.27612951405804964 0.0 0.3408729373789068 0.0 0.0
0.0 0.0 0.04226812089337088 0.0 -0.2283723223047929 0.0 0.0 0.0 0.0 -0.2900747829059554 0.0 0.04226812089337088 0.0 -0.850783296360856 0.0 0.0 0.2900747829059554 0.0 -0.2283723223047929 0.0 0.0
0.0 0.0 -0.02756454018979554 0.0 0.18530982248634753 0.0 0.0 0.0 0.0 -0.1486541854763455 0.0 -0.02756454018979554 0.0 0.9410657776739815 0.0 0.0 0.1486541854763455 0.0 0.18530982248634753 0.0 0.0
0.0 0.0 0.3399910821954391 0.0 -0.16016735808139002 0.0 0.0 0.0 0.0 -0.14700991441311992 0.0 0.3399910821954391 0.0 -0.8211462311879039 0.0 0.0 0.14700991441311992 0.0 -0.16016735808139002 0.0 0.0
0.0 0.0 -0.3822426788083835 0.0 0.1928961667678413 0.0 0.0 0.0 0.0 0.26573327065216695 0.0 -0.3822426788083835 0.0 0.7015232458189342 0.0 0.0 -0.26573327065216695 0.0 0.1928961667678413 0.0 0.0
0.0 0.0 -0.04078807726434672 0.0 0.3858711990299629 0.0 0.0 0.0 0.0 0.4541425532824342 0.0 -0.04078807726434672 0.0 0.5351528600509727 0.0 0.0 -0.4541425532824342 0.0 0.3858711990299629 0.0 0.0
0.0 0.0 -0.2801640494696715 0.0 0.16942310640725047 0.0 0.0 0.0 0.0 -0.1648593348861522 0.0 -0.2801640494696715 0.0 0.855131938476126 0.0 0.0 0.1648593348861522 0.0 0.16942310640725047 0.0 0.0
0.0 0.0 -0.25679976313336905 0.0 0.17729960994089472 0.0 0.0 0.0 0.0 -0.1834041669423039 0.0 -0.25679976313336905 0.0 0.8590478933303448 0.0 0.0 0.1834041669423039 0.0 0.17729960994089472 0.0 0.0
0.0 0.0 -0.2719168373376253 0.0 0.19486224580179937 0.0 0.0 0.0 0.0 -0.23415372144736601 0.0 -0.2719168373376253 0.0 0.8164091786178448 0.0 0.0 0.23415372144736601 0.0 0.19486224580179937 0.0 0.0
0.0 0.0 -0.24300149683785424 0.0 0.19491690878307566 0.0 0.0 0.0 0.0 -0.24669091405765242 0.0 -0.24300149683785424 0.0 0.8271653572610647 0.0 0.0 0.24669091405765242 0.0 0.19491690878307566 0.0 0.0
0.0 0.0 -0.24904561360997188 0.0 0.18958829699187732 0.0 0.0 0.0 0.0 -0.22618251627847388 0.0 -0.24904561360997188 0.0 0.8377040399989607 0.0 0.0 0.22618251627847388 0.0 0.18958829699187732 0.0 0.0
0.0 0.0 -0.13536806692799278 0.0 0.24467033588546785 0.0 0.0 0.0 0.0 -0.3352396498725086 0.0 -0.13536806692799278 0.0 0.7866718379950164 0.0 0.0 0.3352396498725086 0.0 0.24467033588546785 0.0 0.0
0.0 0.0 -0.2565131047241047 0.0 0.20769891078758582 0.0 0.0 0.0 0.0 -0.2753914776854496 0.0 -0.2565131047241047 0.0 0.7940046896343567 0.0 0.0 0.2753914776854496 0.0 0.20769891078758582 0.0 0.0
0.0 0.0 -0.16130632576257664 0.0 0.1964093339612173 0.0 0.0 0.0 0.0 -0.2421947002810814 0.0 -0.16130632576257664 0.0 0.8680384438003258 0.0 0.0 0.2421947002810814 0.0 0.1964093339612173 0.0 0.0
0.0 0.0 -0.19129464007747715 0.0 0.20663110551139546 0.0 0.0 0.0 0.0 -0.2621115540039468 0.0 -0.19129464007747715 0.0 0.83905599356706 0.0 0.0 0.2621115540039468 0.0 0.20663110551139546 0.0 0.0
0.0 0.0 -0.11211844312330276 0.0 0.18392668831596434 0.0 0.0 0.0 0.0 -0.19540209843876122 0.0 -0.11211844312330276 0.0 0.911502548501602 0.0 0.0 0.19540209843876122 0.0 0.18392668831596434 0.0 0.0
0.0 0.0 -0.20272381944720802 0.0 0.18148753467116832 0.0 0.0 0.0 0.0 -0.19634810203356723 0.0 -0.20272381944720802 0.0 0.8802417288626269 0.0 0.0 0.19634810203356723 0.0 0.18148753467116832 0.0 0.0
0.0 0.0 -0.11023634962075377 0.0 0.17235819129769916 0.0 0.0 0.0 0.0 -0.12393315467889038 0.0 -0.11023634962075377 0.0 0.9410432235409965 0.0 0.0 0.12393315467889038 0.0 0.17235819129769916 0.0 0.0
0.0 0.0 -0.19243998977161492 0.0 0.20442488773076473 0.0 0.0 0.0 0.0 -0.24773284254247308 0.0 -0.19243998977161492 0.0 0.8482991858286687 0.0 0.0 0.24773284254247308 0.0 0.20442488773076473 0.0 0.0
0.0 0.0 -0.269020080837007 0.0 0.18747169017369122 0.0 0.0 0.0 0.0 -0.22276435017405427 0.0 -0.269020080837007 0.0 0.828080437857822 0.0 0.0 0.22276435017405427 0.0 0.18747169017369122 0.0 0.0
0.0 0.0 -0.184498242756078 0.0 0.18692414826523762 0.0 0.0 0.0 0.0 -0.21325241467920672 0.0 -0.184498242756078 0.0 0.8781152189191603 0.0 0.0 0.21325241467920672 0.0 0.18692414826523762 0.0 0.0
0.0 0.0 -0.3543148252645268 0.0 0.1954778706342484 0.0 0.0 0.0 0.0 -0.2641159241703241 0.0 -0.3543148252645268 0.0 0.7300577857809933 0.0 0.0 0.2641159241703241 0.0 0.1954778706342484 0.0 0.0
0.0 0.0 -0.18453118522114473 0.0 0.18773634728673885 0.0 0.0 0.0 0.0 -0.2097021098223248 0.0 -0.18453118522114473 0.0 0.8794638488583577 0.0 0.0 0.2097021098223248 0.0 0.18773634728673885 0.0 0.0
0.0 0.0 -0.2401575573941822 0.0 0.19814516521161502 0.0 0.0 0.0 0.0 -0.25751568195343216 0.0 -0.2401575573941822 0.0 0.820668647723039 0.0 0.0 0.25751568195343216 0.0 0.19814516521161502 0.0 0.0
0.0 0.0 -0.33983285231257626 0.0 0.1923904659874715 0.0 0.0 0.0 0.0 -0.2566443691855208 0.0 -0.33983285231257626 0.0 0.7505107712106316 0.0 0.0 0.2566443691855208 0.0 0.1923904659874715 0.0 0.0
0.0 0.0 -0.11601861307290591 0.0 0.1996634407556209 0.0 0.0 0.0 0.0 -0.24275103557564676 0.0 -0.11601861307290591 0.0 0.8806203797019657 0.0 0.0 0.24275103557564676 0.0 0.1996634407556209 0.0 0.0
0.0 0.0 -0.32185792766012883 0.0 0.17663980973232352 0.0 0.0 0.0 0.0 -0.21483193383643193 0.0 -0.32185792766012883 0.0 0.7988154883628069 0.0 0.0 0.21483193383643193 0.0 0.17663980973232352 0.0 0.0
0.0 0.0 -0.18844007708081498 0.0 0.199655161048177 0.0 0.0 0.0 0.0 -0.25015904702934644 0.0 -0.18844007708081498 0.0 0.8509390168584026 0.0 0.0 0.25015904702934644 0.0 0.199655161048177 0.0 0.0
0.0 0.0 -0.022276129395319737 0.0 0.2342777202708635 0.0 0.0 0.0 0.0 0.28391425148571453 0.0 -0.022276129395319737 0.0 0.8532413745794991 0.0 0.0 -0.28391425148571453 0.0 0.2342777202708635 0.0 0.0
0.0 0.0 0.07509401980427223 0.0 -0.259291595335824 0.0 0.0 0.0 0.0 0.35236939155766045 0.0 0.07509401980427223 0.0 -0.7784145022687118 0.0 0.0 -0.35236939155766045 0.0 -0.259291595335824 0.0 0.0
0.0 0.0 -0.0501500979621077 0.0 0.18417990280441707 0.0 0.0 0.0 0.0 0.17938575026428377 0.0 -0.0501500979621077 0.0 0.9288525003244233 0.0 0.0 -0.17938575026428377 0.0 0.18417990280441707 0.0 0.0
0.0 0.0 -0.43618848504636415 0.0 0.37601469525080256 0.0 0.0 0.0 0.0 0.34941590347732904 0.0 -0.43618848504636415 0.0 0.30417455799433885 0.0 0.0 -0.34941590347732904 0.0 0.37601469525080256 0.0 0.0
0.0 0.0 0.07478242037241109 0.0 -0.18213557199973313 0.0 0.0 0.0 0.0 0.17603354013557382 0.0 0.07478242037241109 0.0 -0.9276275284432985 0.0 0.0 -0.17603354013557382 0.0 -0.18213557199973313 0.0 0.0
0.0 0.0 0.020932693814617875 0.0 -0.239553687412427 0.0 0.0 0.0 0.0 -0.3175314613869409 0.0 0.020932693814617875 0.0 -0.8262561639180022 0.0 0.0 0.3175314613869409 0.0 -0.239553687412427 0.0 0.0
0.0 0.0 0.04835934681283657 0.0 -0.26792442450701515 0.0 0.0 0.0 0.0 0.3510788726118621 0.0 0.04835934681283657 0.0 -0.7779736519111742 0.0 0.0 -0.3510788726118621 0.0 -0.26792442450701515 0.0 0.0
0.0 0.0 0.2885235864840477 0.0 -0.1840537537238532 0.0 0.0 0.0 0.0 -0.2263734810982505 0.0 0.2885235864840477 0.0 -0.8144119385642641 0.0 0.0 0.2263734810982505 0.0 -0.1840537537238532 0.0 0.0
0.0 0.0 -0.05229360400745806 0.0 0.26372753717609854 0.0 0.0 0.0 0.0 0.3649583781491295 0.0 -0.05229360400745806 0.0 0.7674875208545058 0.0 0.0 -0.3649583781491295 0.0 0.26372753717609854 0.0 0.0
0.0 0.0 0.40978358626474815 0.0 -0.18492567637241808 0.0 0.0 0.0 0.0 -0.2517510788827432 0.0 0.40978358626474815 0.0 -0.6848376463477752 0.0 0.0 0.2517510788827432 0.0 -0.18492567637241808 0.0 0.0
0.0 0.0 -0.5793295088467956 0.0 0.14640402147785692 0.0 0.0 0.0 0.0 -0.20600878782561138 0.0 -0.5793295088467956 0.0 0.4483381804242507 0.0 0.0 0.20600878782561138 0.0 0.14640402147785692 0.0 0.0
0.0 0.0 0.177083099079663 0.0 -0.1773389118007898 0.0 0.0 0.0 0.0 0.17066466987058918 0.0 0.177083099079663 0.0 -0.9034003064418529 0.0 0.0 -0.17066466987058918 0.0 -0.1773389118007898 0.0 0.0
0.0 0.0 -0.002750683094591232 0.0 0.18996973732726474 0.0 0.0 0.0 0.0 0.15857960639869798 0.0 -0.002750683094591232 0.0 0.9367565757193884 0.0 0.0 -0.15857960639869798 0.0 0.18996973732726474 0.0 0.0
0.0 0.0 0.0011332701158679687 0.0 -0.20740184625301744 0.0 0.0 0.0 0.0 0.2233641564536773 0.0 0.0011332701158679687 0.0 -0.9023210553693418 0.0 0.0 -0.2233641564536773 0.0 -0.20740184625301744 0.0 0.0
0.0 0.0 -0.36420541011256213 0.0 0.18316742652313975 0.0 0.0 0.0 0.0 0.23751335292823283 0.0 -0.36420541011256213 0.0 0.7448375934207663 0.0 0.0 -0.23751335292823283 0.0 0.18316742652313975 0.0 0.0
0.0 0.0 -0.25672064816815127 0.0 0.40196904798736427 0.0 0.0 0.0 0.0 -0.42450961015627486 0.0 -0.25672064816815127 0.0 0.4296672762713582 0.0 0.0 0.42450961015627486 0.0 0.40196904798736427 0.0 0.0
0.0 0.0 -0.5786313809875895 0.0 0.207265298322272 0.0 0.0 0.0 0.0 0.2585245969004229 0.0 -0.5786313809875895 0.0 0.3328418658920435 0.0 0.0 -0.2585245969004229 0.0 0.207265298322272 0.0 0.0
0.0 0.0 0.3472967937791617 0.0 -0.20539909929852318 0.0 0.0 0.0 0.0 -0.27812241435073287 0.0 0.3472967937791617 0.0 -0.7208939862057235 0.0 0.0 0.27812241435073287 0.0 -0.20539909929852318 0.0 0.0
0.0 0.0 -0.5558663479670628 0.0 0.2452517846985016 0.0 0.0 0.0 0.0 0.28221192958179847 0.0 -0.5558663479670628 0.0 0.3200643438487895 0.0 0.0 -0.28221192958179847 0.0 0.2452517846985016 0.0 0.0
0.0 0.0 -0.3288859334997938 0.0 0.15296691054581493 0.0 0.0 0.0 0.0 -0.10219623498844771 0.0 -0.3288859334997938 0.0 0.8461573099350072 0.0 0.0 0.10219623498844771 0.0 0.15296691054581493 0.0 0.0
0.0 0.0 -0.31238689489930593 0.0 0.16275605657632422 0.0 0.0 0.0 0.0 0.16082066627357144 0.0 -0.31238689489930593 0.0 0.8367336580324934 0.0 0.0 -0.16082066627357144 0.0 0.16275605657632422 0.0 0.0
0.0 0.0 -0.19422076524455664 0.0 0.4850144529618297 0.0 0.0 0.0 0.0 -0.42242293747914167 0.0 -0.19422076524455664 0.0 0.31176316863109116 0.0 0.0 0.42242293747914167 0.0 0.4850144529618297 0.0 0.0
0.0 0.0 -0.2578447536634906 0.0 0.3990778791937844 0.0 0.0 0.0 0.0 -0.4236239885794065 0.0 -0.2578447536634906 0.0 0.4354208209226564 0.0 0.0 0.4236239885794065 0.0 0.3990778791937844 0.0 0.0
0.0 0.0 -0.25998778186321253 0.0 0.4073932700346748 0.0 0.0 0.0 0.0 -0.4232340358358294 0.0 -0.25998778186321253 0.0 0.41787564591016063 0.0 0.0 0.4232340358358294 0.0 0.4073932700346748 0.0 0.0
0.0 0.0 -0.2603559482267397 0.0 0.4087492815863167 0.0 0.0 0.0 0.0 -0.42120539271975865 0.0 -0.2603559482267397 0.0 0.41886709627140456 0.0 0.0 0.42120539271975865 0.0 0.4087492815863167 0.0 0.0
0.0 0.0 -0.14513666057588312 0.0 0.39020432923149373 0.0 0.0 0.0 0.0 -0.4509592933381877 0.0 -0.14513666057588312 0.0 0.496611814111995 0.0 0.0 0.4509592933381877 0.0 0.39020432923149373 0.0 0.0
0.0 0.0 0.018471233411787486 0.0 -0.36102776150252647 0.0 0.0 0.0 0.0 0.4119386504544895 0.0 0.018471233411787486 0.0 -0.6318612461964351 0.0 0.0 -0.4119386504544895 0.0 -0.36102776150252647 0.0 0.0
0.0 0.0 -0.05771409003788806 0.0 0.25245125749796893 0.0 0.0 0.0 0.0 -0.3359983872557406 0.0 -0.05771409003788806 0.0 0.8000531609341146 0.0 0.0 0.3359983872557406 0.0 0.25245125749796893 0.0 0.0
0.0 0.0 -0.19276700155612322 0.0 0.23805599222266124 0.0 0.0 0.0 0.0 0.32677031239308285 0.0 -0.19276700155612322 0.0 0.7738105590084343 0.0 0.0 -0.32677031239308285 0.0 0.23805599222266124 0.0 0.0
0.0 0.0 0.5915366281149438 0.0 -0.1530150211055779 0.0 0.0 0.0 0.0 0.20877433816558705 0.0 0.5915366281149438 0.0 -0.40763733057212337 0.0 0.0 -0.20877433816558705 0.0 -0.1530150211055779 0.0 0.0
0.0 0.0 0.10775499893408844 0.0 -0.17334189281710916 0.0 0.0 0.0 0.0 0.12500204052044897 0.0 0.10775499893408844 0.0 -0.9409738979004896 0.0 0.0 -0.12500204052044897 0.0 -0.17334189281710916 0.0 0.0
0.0 0.0 0.3996460857871301 0.0 -0.15497119087371855 0.0 0.0 0.0 0.0 -0.163949887206833 0.0 0.3996460857871301 0.0 -0.7607724634857311 0.0 0.0 0.163949887206833 0.0 -0.15497119087371855 0.0 0.0
0.0 0.0 0.451253442209787 0.0 -0.14094641189647317 0.0 0.0 0.0 0.0 -0.13665353349661089 0.0 0.451253442209787 0.0 -0.7180950517169976 0.0 0.0 0.13665353349661089 0.0 -0.14094641189647317 0.0 0.0
0.0 0.0 -0.18919983478944383 0.0 0.16068036674731798 0.0 0.0 0.0 0.0 -0.025025230489164295 0.0 -0.18919983478944383 0.0 0.9356911671022216 0.0 0.0 0.025025230489164295 0.0 0.16068036674731798 0.0 0.0
0.0 0.0 -0.07379258304581916 0.0 0.37454101852062777 0.0 0.0 0.0 0.0 0.452320198004563 0.0 -0.07379258304581916 0.0 0.5471382249670911 0.0 0.0 -0.452320198004563 0.0 0.37454101852062777 0.0 0.0
0.0 0.0 -0.007849254414261798 0.0 0.45589552225541635 0.0 0.0 0.0 0.0 0.44499219239647103 0.0 -0.007849254414261798 0.0 0.4337732372998213 0.0 0.0 -0.44499219239647103 0.0 0.45589552225541635 0.0 0.0
0.0 0.0 -0.008257565344973784 0.0 0.4350365857271424 0.0 0.0 0.0 0.0 0.45636602766411466 0.0 -0.008257565344973784 0.0 0.4525594557348697 0.0 0.0 -0.45636602766411466 0.0 0.4350365857271424 0.0 0.0
0.0 0.0 -0.02736065910611952 0.0 0.42116031724684905 0.0 0.0 0.0 0.0 0.4349948185645016 0.0 -0.02736065910611952 0.0 0.5150823028057719 0.0 0.0 -0.4349948185645016 0.0 0.42116031724684905 0.0 0.0
0.0 0.0 -0.003044431206958786 0.0 0.3392441043627809 0.0 0.0 0.0 0.0 0.42528436482503995 0.0 -0.003044431206958786 0.0 0.6388072919575717 0.0 0.0 -0.42528436482503995 0.0 0.3392441043627809 0.0 0.0
0.0 0.0 -0.025809203493255294 0.0 0.4201139643366125 0.0 0.0 0.0 0.0 0.44945613677937446 0.0 -0.025809203493255294 0.0 0.4915838140048539 0.0 0.0 -0.44945613677937446 0.0 0.4201139643366125 0.0 0.0
0.0 0.0 -0.07767007982513875 0.0 0.35786388883002934 0.0 0.0 0.0 0.0 0.44454369031820606 0.0 -0.07767007982513875 0.0 0.580140850431472 0.0 0.0 -0.44454369031820606 0.0 0.35786388883002934 0.0 0.0
0.0 0.0 -0.0008537770615550717 0.0 0.36459788047967967 0.0 0.0 0.0 0.0 0.4463670066521942 0.0 -0.0008537770615550717 0.0 0.5793516237775023 0.0 0.0 -0.4463670066521942 0.0 0.36459788047967967 0.0 0.0
0.0 0.0 0.2697451838246033 0.0 -0.15156277581533453 0.0 0.0 0.0 0.0 -0.010929821933151191 0.0 0.2697451838246033 0.0 -0.8990514999521342 0.0 0.0 0.010929821933151191 0.0 -0.15156277581533453 0.0 0.0
0.0 0.0 0.4044723207995538 0.0 -0.2446610747223678 0.0 0.0 0.0 0.0 -0.3329172689574782 0.0 0.4044723207995538 0.0 -0.5756894861861087 0.0 0.0 0.3329172689574782 0.0 -0.2446610747223678 0.0 0.0
0.0 0.0 0.07782939663965667 0.0 -0.180190465751726 0.0 0.0 0.0 0.0 0.16698219191377978 0.0 0.07782939663965667 0.0 -0.9312259969036011 0.0 0.0 -0.16698219191377978 0.0 -0.180190465751726 0.0 0.0
0.0 0.0 -0.021661887687405172 0.0 0.2194488734685473 0.0 0.0 0.0 0.0 0.2939685756915791 0.0 -0.021661887687405172 0.0 0.8543482089418436 0.0 0.0 -0.2939685756915791 0.0 0.2194488734685473 0.0 0.0
0.0 0.0 -0.19373203598687386 0.0 0.216232548586379 0.0 0.0 0.0 0.0 -0.287458813345453 0.0 -0.19373203598687386 0.0 0.8161847999004195 0.0 0.0 0.287458813345453 0.0 0.216232548586379 0.0 0.0
0.0 0.0 -0.30080644746772317 0.0 0.17554082716427577 0.0 0.0 0.0 0.0 -0.19954963169653278 0.0 -0.30080644746772317 0.0 0.8232628300246622 0.0 0.0 0.19954963169653278 0.0 0.17554082716427577 0.0 0.0
0.0 0.0 -0.25938409428863324 0.0 0.17166843745859697 0.0 0.0 0.0 0.0 -0.1718244243436178 0.0 -0.25938409428863324 0.0 0.8645533024742589 0.0 0.0 0.1718244243436178 0.0 0.17166843745859697 0.0 0.0
0.0 0.0 -0.2792696245292747 0.0 0.20317705442550096 0.0 0.0 0.0 0.0 -0.2676538164315284 0.0 -0.2792696245292747 0.0 0.7862429598030023 0.0 0.0 0.2676538164315284 0.0 0.20317705442550096 0.0 0.0
0.0 0.0 -0.3167174851913753 0.0 0.1592018322419398 0.0 0.0 0.0 0.0 -0.13147286552712575 0.0 -0.3167174851913753 0.0 0.8450558523730209 0.0 0.0 0.13147286552712575 0.0 0.1592018322419398 0.0 0.0
0.0 0.0 -0.36290189377014803 0.0 0.1554436799300367 0.0 0.0 0.0 0.0 -0.14048860474594546 0.0 -0.36290189377014803 0.0 0.8054842392056918 0.0 0.0 0.14048860474594546 0.0 0.1554436799300367 0.0 0.0
0.0 0.0 -0.34114373611767096 0.0 0.15972743107240125 0.0 0.0 0.0 0.0 -0.1496406155617115 0.0 -0.34114373611767096 0.0 0.819409281427786 0.0 0.0 0.1496406155617115 0.0 0.15972743107240125 0.0 0.0
0.0 0.0 -0.22257079265449906 0.0 0.20691779351972603 0.0 0.0 0.0 0.0 -0.270021169939857 0.0 -0.22257079265449906 0.0 0.8182124867861489 0.0 0.0 0.270021169939857 0.0 0.20691779351972603 0.0 0.0
0.0 0.0 -0.16997083509955985 0.0 0.185482501306814 0.0 0.0 0.0 0.0 -0.20985238509828116 0.0 -0.16997083509955985 0.0 0.8861920033413625 0.0 0.0 0.20985238509828116 0.0 0.185482501306814 0.0 0.0
