0.0 0.0 -0.14508625065086872 -0.4116717715065178 0.14903043618798634 0.44592985989675377 0.0 -0.15693454947125532 -0.0415500532709541 0.07660684715521746 -0.2530503109135099 -0.14508625065086872 -0.0415500532709541 0.08400262002981398 0.030674081122719646 -0.4116717715065178 0.07660684715521746 0.030674081122719646 0.14903043618798634 -0.2530503109135099 0.44592985989675377
0.0 0.0 -0.38950869426297263 0.24758095814848458 0.34595876214399773 -0.26396479991107596 0.0 -0.12076000117874128 0.20380618646640372 -0.12183450696822468 0.17763127600715425 -0.38950869426297263 0.20380618646640372 -0.040453271916083264 -0.03973114731201402 0.24758095814848458 -0.12183450696822468 -0.03973114731201402 0.34595876214399773 0.17763127600715425 -0.26396479991107596
0.0 0.0 -0.16228169310301094 -0.20227927675565446 0.32285467143842944 0.09371283258431236 0.0 -0.21272234645775062 -0.4491978567062574 0.19750930749873266 0.03705701317607924 -0.16228169310301094 -0.4491978567062574 -0.2017441604851417 -0.1859916602657459 -0.20227927675565446 0.19750930749873266 -0.1859916602657459 0.32285467143842944 0.03705701317607924 0.09371283258431236
0.0 0.0 0.0034229932594510427 -0.24246382952390852 -0.10220281424567709 0.14626941317139797 0.0 0.14233225106228736 -0.08806934650686775 0.508037718615303 -0.2627205128161626 0.0034229932594510427 -0.08806934650686775 0.3026582526696963 -0.13619314606603203 -0.24246382952390852 0.508037718615303 -0.13619314606603203 -0.10220281424567709 -0.2627205128161626 0.14626941317139797
0.0 0.0 -0.021531051888752446 0.4720662600335461 -0.021714873667870744 -0.298557166109124 0.0 0.24021504172047825 0.25755309443254637 0.11703545841022985 -0.14792875812949446 -0.021531051888752446 0.25755309443254637 0.13285549759983964 0.21792477040148128 0.4720662600335461 0.11703545841022985 0.21792477040148128 -0.021714873667870744 -0.14792875812949446 -0.298557166109124
0.0 0.0 -0.05045036851210426 -0.43435525140967096 0.09166510627892238 0.11095056649236389 0.0 -0.3784476010641616 -0.1042581548209406 -0.11187079375233826 -0.043941501079458836 -0.05045036851210426 -0.1042581548209406 -0.6047494016517294 -0.09104861526952775 -0.43435525140967096 -0.11187079375233826 -0.09104861526952775 0.09166510627892238 -0.043941501079458836 0.11095056649236389
0.0 0.0 0.1810201040705269 -0.04259375221020238 -0.035034769380826794 0.019625868415128485 0.0 -0.4775691695326727 0.27597805168989265 0.41135782561744466 -0.2083265924446434 0.1810201040705269 0.27597805168989265 0.23095960450356465 -0.1852523799771366 -0.04259375221020238 0.41135782561744466 -0.1852523799771366 -0.035034769380826794 -0.2083265924446434 0.019625868415128485
0.0 0.0 -0.10853245975498856 0.38421850625900944 -0.06147538231155803 -0.18767160313552575 0.0 0.017863956416038707 -0.2355825128285864 0.21603537667235373 0.10108618918385119 -0.10853245975498856 -0.2355825128285864 0.5547997755959732 0.1874759009457443 0.38421850625900944 0.21603537667235373 0.1874759009457443 -0.06147538231155803 0.10108618918385119 -0.18767160313552575
0.0 0.0 -0.15381297711784778 -0.41156524986198806 0.2030007841726899 0.33500307755247855 0.0 -0.36380141505484387 -0.04015960936870239 -0.046523548434623 0.09588859617040789 -0.15381297711784778 -0.04015960936870239 -0.25990594816619494 -0.20148471264257234 -0.41156524986198806 -0.046523548434623 -0.20148471264257234 0.2030007841726899 0.09588859617040789 0.33500307755247855
0.0 0.0 -0.15405389012082868 0.30364648339020306 -0.05241046690087454 -0.08469344646836727 0.0 -0.29783117064420617 -0.41038119618547647 0.11393503576826275 0.23403978657494034 -0.15405389012082868 -0.41038119618547647 0.42670756038939106 0.05085725847291995 0.30364648339020306 0.11393503576826275 0.05085725847291995 -0.05241046690087454 0.23403978657494034 -0.08469344646836727
0.0 0.0 0.1287295566182515 0.36675944000582295 -0.33422966414451477 -0.21253598315624342 0.0 0.28649075401133833 0.011448811668636314 -0.3636250745372384 -0.10710187193257122 0.1287295566182515 0.011448811668636314 -0.11601249550067894 -0.021028437262437652 0.36675944000582295 -0.3636250745372384 -0.021028437262437652 -0.33422966414451477 -0.10710187193257122 -0.21253598315624342
0.0 0.0 0.04850584920967843 -0.2263261944757072 -0.29903542849443204 0.29565661807348675 0.0 -0.1498643496079326 0.15238944056717502 0.07411744516705183 0.2290628102227811 0.04850584920967843 0.15238944056717502 0.5468879067100795 -0.1662228978958563 -0.2263261944757072 0.07411744516705183 -0.1662228978958563 -0.29903542849443204 0.2290628102227811 0.29565661807348675
0.0 0.0 -0.01814660657893113 0.4844879147167346 -0.1427497633933423 -0.32543469689066173 0.0 0.1532269157909683 0.18763480567173457 -0.26680485863402476 0.0711451428138036 -0.01814660657893113 0.18763480567173457 -0.11943469854527938 0.09128018716037088 0.4844879147167346 -0.26680485863402476 0.09128018716037088 -0.1427497633933423 0.0711451428138036 -0.32543469689066173
0.0 0.0 0.0023583744182395093 0.272925720583805 0.09896918338272534 -0.10721845550656135 0.0 0.2628361648592017 -0.39624071118537 -0.16169040388321024 -0.00041643713478042177 0.0023583744182395093 -0.39624071118537 -0.42258003372632374 0.31182729850632124 0.272925720583805 -0.16169040388321024 0.31182729850632124 0.09896918338272534 -0.00041643713478042177 -0.10721845550656135
0.0 0.0 0.13520272880317344 -0.07112982099673128 -0.36410598342456546 -0.12457132564835974 0.0 -0.12909282292749127 -0.1717708580176399 0.428488504113268 0.26937852999180295 0.13520272880317344 -0.1717708580176399 0.24452727387160392 -0.06832201554893018 -0.07112982099673128 0.428488504113268 -0.06832201554893018 -0.36410598342456546 0.26937852999180295 -0.12457132564835974
0.0 0.0 0.2721662024162176 0.09213966094140578 -0.4023403967706024 -0.3353682907701617 0.0 -0.18825722933709632 -0.1661878072319486 0.09740070535438773 0.08510139849941499 0.2721662024162176 -0.1661878072319486 0.20432055064125915 0.24524434184634356 0.09213966094140578 0.09740070535438773 0.24524434184634356 -0.4023403967706024 0.08510139849941499 -0.3353682907701617
0.0 0.0 -0.002273259270231198 0.3109413876565061 -0.16880204719693984 -0.20799419260505508 0.0 -0.07852619670814463 0.2056492564914403 0.13693242212483228 -0.21543530460724555 -0.002273259270231198 0.2056492564914403 0.612007426095379 0.183685515109084 0.3109413876565061 0.13693242212483228 0.183685515109084 -0.16880204719693984 -0.21543530460724555 -0.20799419260505508
0.0 0.0 -0.30145778917989763 -0.46106059681228234 0.09278841825294848 0.3457629233559506 0.0 -0.06516292251669777 0.009295248010506385 -0.1436184895208282 -0.10694306604001609 -0.30145778917989763 0.009295248010506385 0.1876533194389364 -0.12847240464313234 -0.46106059681228234 -0.1436184895208282 -0.12847240464313234 0.09278841825294848 -0.10694306604001609 0.3457629233559506
0.0 0.0 -0.042835089660216735 0.1689976446724586 0.10301588384340037 -0.16150005937267137 0.0 0.054298986765686556 -0.3442099712191025 -0.13214685913671564 0.49873260329067814 -0.042835089660216735 -0.3442099712191025 0.27627464688432973 0.09270853897391182 0.1689976446724586 -0.13214685913671564 0.09270853897391182 0.10301588384340037 0.49873260329067814 -0.16150005937267137
0.0 0.0 0.05803855343425226 0.3911452725358922 0.09688239338482736 -0.5133248772382238 0.0 0.2342824990805806 0.007594694202736641 -0.02997596469346796 0.04074901036070392 0.05803855343425226 0.007594694202736641 -0.07610455059233961 0.1944002537693971 0.3911452725358922 -0.02997596469346796 0.1944002537693971 0.09688239338482736 0.04074901036070392 -0.5133248772382238
0.0 0.0 -0.22452033885880598 0.1954286486763974 0.4686664897642523 -0.20360943049456087 0.0 -0.2264666665131727 -0.12119756311785768 -0.15399781541320345 0.16169883808128477 -0.22452033885880598 -0.12119756311785768 -0.3465996657312176 -0.005766415099950014 0.1954286486763974 -0.15399781541320345 -0.005766415099950014 0.4686664897642523 0.16169883808128477 -0.20360943049456087
0.0 0.0 -0.07952592011802599 0.04068907199173938 0.3563781675751381 -0.24039958709251827 0.0 0.1741143339984357 -0.3764071835251442 0.12554753894886778 0.018157378878941092 -0.07952592011802599 -0.3764071835251442 0.10748321012968338 0.35848877808993274 0.04068907199173938 0.12554753894886778 0.35848877808993274 0.3563781675751381 0.018157378878941092 -0.24039958709251827
0.0 0.0 0.06562310560009316 0.1066563099966376 -0.4768743378335611 -0.1476427142365646 0.0 -0.09247895793503605 -0.16164662825720927 0.40571313433657563 0.15050565907267632 0.06562310560009316 -0.16164662825720927 0.15485198745904558 0.07389217377061161 0.1066563099966376 0.40571313433657563 0.07389217377061161 -0.4768743378335611 0.15050565907267632 -0.1476427142365646
0.0 0.0 0.11478875443596635 0.27078203630037406 -0.3750054824172168 -0.4366425556281508 0.0 -0.18934062701513044 -0.05065352739480946 0.0021753113666758495 -0.23653192366199985 0.11478875443596635 -0.05065352739480946 0.10466105001090513 0.01717645194303175 0.27078203630037406 0.0021753113666758495 0.01717645194303175 -0.3750054824172168 -0.23653192366199985 -0.4366425556281508
0.0 0.0 -0.22919050289200404 -0.21391329601660386 0.3657206658455209 0.2640161413680986 0.0 -0.24327815253074742 0.2442800486257263 -0.060803722234128554 -0.3221766698895727 -0.22919050289200404 0.2442800486257263 -0.038988667293485255 0.02714512090113879 -0.21391329601660386 -0.060803722234128554 0.02714512090113879 0.3657206658455209 -0.3221766698895727 0.2640161413680986
0.0 0.0 0.10309298077394581 -0.36176038986987047 -0.10833667394956346 0.20940965027197034 0.0 0.02683079321763729 -0.04233276560038801 0.1674654960120626 0.18489384675127335 0.10309298077394581 -0.04233276560038801 0.5463972716645 -0.29875507719348254 -0.36176038986987047 0.1674654960120626 -0.29875507719348254 -0.10833667394956346 0.18489384675127335 0.20940965027197034
0.0 0.0 0.25838431325070965 -0.43373817215518407 -0.36794482884723195 0.29062432075725025 0.0 0.12397653911719744 -0.10359590567285942 0.05130948598191139 0.06031506975614872 0.25838431325070965 -0.10359590567285942 -0.020101088663109466 -0.01931453127440986 -0.43373817215518407 0.05130948598191139 -0.01931453127440986 -0.36794482884723195 0.06031506975614872 0.29062432075725025
0.0 0.0 -0.3434067234907968 -0.40145255608407787 0.14347898891180721 0.17823102882472644 0.0 0.46408412261113696 0.14171360729765 0.07437485822340818 0.17393337712443718 -0.3434067234907968 0.14171360729765 -0.08904539268320778 -0.032192925680911 -0.40145255608407787 0.07437485822340818 -0.032192925680911 0.14347898891180721 0.17393337712443718 0.17823102882472644
0.0 0.0 -0.390093846275365 0.2485917211381781 0.3136873312546149 -0.2767477130501876 0.0 -0.04492977092471337 0.20402799124588494 -0.2146446746319123 0.13571885566909925 -0.390093846275365 0.20402799124588494 -0.06617394771834685 0.041493440827552526 0.2485917211381781 -0.2146446746319123 0.041493440827552526 0.3136873312546149 0.13571885566909925 -0.2767477130501876
0.0 0.0 0.04908746909382141 -0.5062732708955965 0.30193125855434716 0.34012234192772967 0.0 0.07857375946723894 -0.011437652156809227 -0.08616341729440705 0.0931169014376512 0.04908746909382141 -0.011437652156809227 -0.1476977755997765 -0.06490113394227658 -0.5062732708955965 -0.08616341729440705 -0.06490113394227658 0.30193125855434716 0.0931169014376512 0.34012234192772967
0.0 0.0 -0.412314907392627 -0.4274065327937998 -0.047140749733029334 0.04011051920947525 0.0 0.3518255369491759 0.18386329770860257 0.1719568884394168 -0.059969982093471264 -0.412314907392627 0.18386329770860257 0.16989499979020758 -0.013961613458390226 -0.4274065327937998 0.1719568884394168 -0.013961613458390226 -0.047140749733029334 -0.059969982093471264 0.04011051920947525
0.0 0.0 0.297247095343276 -0.3519436901694321 -0.19619324114574813 0.29764917937306196 0.0 0.18325474996687732 -0.29562815312447005 -0.047005856020055976 0.2203622165275484 0.297247095343276 -0.29562815312447005 -0.10500200477379505 0.014968544294968331 -0.3519436901694321 -0.047005856020055976 0.014968544294968331 -0.19619324114574813 0.2203622165275484 0.29764917937306196
0.0 0.0 -0.11483905721832513 -0.06796874367025266 0.4841503717276533 0.3714303130940783 0.0 0.18728552038653043 -0.024372452678106567 0.23164985775789787 0.1914427976005707 -0.11483905721832513 -0.024372452678106567 -0.0356289161734312 -0.027413868440928472 -0.06796874367025266 0.23164985775789787 -0.027413868440928472 0.4841503717276533 0.1914427976005707 0.3714303130940783
0.0 0.0 -0.07453625672337771 -0.15295098653022787 0.08208492756636498 0.07161340815836624 0.0 -0.15371652530444724 -0.32813007000795236 -0.2879786612803747 -0.28132391268782025 -0.07453625672337771 -0.32813007000795236 -0.47635411822099194 0.25331546043685166 -0.15295098653022787 -0.2879786612803747 0.25331546043685166 0.08208492756636498 -0.28132391268782025 0.07161340815836624
0.0 0.0 -0.0026700576426481803 -0.39912698278492925 -0.06118667065193855 0.2794998884849293 0.0 -0.016741020449117634 0.2763943854162674 0.14078693346458696 -0.04059417056030904 -0.0026700576426481803 0.2763943854162674 0.40286121974275163 -0.28226779908448957 -0.39912698278492925 0.14078693346458696 -0.28226779908448957 -0.06118667065193855 -0.04059417056030904 0.2794998884849293
0.0 0.0 0.31772533078817794 -0.02132445585479419 -0.11879890384207123 0.0434768038719047 0.0 -0.2662201753473082 0.5085020838347678 0.14598031777299716 -0.23040433259048326 0.31772533078817794 0.5085020838347678 -0.03784903890325785 -0.1160552672533551 -0.02132445585479419 0.14598031777299716 -0.1160552672533551 -0.11879890384207123 -0.23040433259048326 0.0434768038719047
0.0 0.0 0.37446645849138144 -0.1923718768449274 -0.22999042051383012 0.20704222006807496 0.0 -0.31101622562800735 0.38537304129173705 0.029734485231193958 -0.11637546690305856 0.37446645849138144 0.38537304129173705 0.14399524444063655 -0.07302894405110916 -0.1923718768449274 0.029734485231193958 -0.07302894405110916 -0.22999042051383012 -0.11637546690305856 0.20704222006807496
0.0 0.0 -0.09855974187456577 -0.3491956849033691 0.24727609049817195 0.45309006456052286 0.0 0.16723903953283978 0.22471810142269744 0.09508932103646367 0.10726668560725036 -0.09855974187456577 0.22471810142269744 -0.05362495398471184 -0.12427255308691591 -0.3491956849033691 0.09508932103646367 -0.12427255308691591 0.24727609049817195 0.10726668560725036 0.45309006456052286
0.0 0.0 0.04835930820415621 -0.44108080565002344 0.31567612466433453 0.3419725825951072 0.0 0.04261547448761422 0.1309595504428146 0.03805658860204247 0.22742150725058152 0.04835930820415621 0.1309595504428146 -0.16830532855756494 -0.03349337808595965 -0.44108080565002344 0.03805658860204247 -0.03349337808595965 0.31567612466433453 0.22742150725058152 0.3419725825951072
0.0 0.0 0.13298247675481764 0.3033122577341735 -0.23471788407709163 -0.31788846068969784 0.0 -0.07956659793192723 -0.18253887077356 -0.1562958574738056 -0.3534908184966963 0.13298247675481764 -0.18253887077356 0.11708850097247984 0.20358512516295385 0.3033122577341735 -0.1562958574738056 0.20358512516295385 -0.23471788407709163 -0.3534908184966963 -0.31788846068969784
0.0 0.0 -0.17303745846902088 0.3265242598625519 0.2188199164869585 -0.3256171034179772 0.0 0.13592534444848395 -0.16983782146501544 0.13365910844581896 -0.3915655129273535 -0.17303745846902088 -0.16983782146501544 0.017248671130015103 -0.010558885071406223 0.3265242598625519 0.13365910844581896 -0.010558885071406223 0.2188199164869585 -0.3915655129273535 -0.3256171034179772
0.0 0.0 -0.26141192347478526 0.3331780911328981 0.026442814155200414 -0.27817508796104984 0.0 -0.5560733753339394 0.026440983763890556 0.16950972248906224 0.08862433121117536 -0.26141192347478526 0.026440983763890556 0.27513203357063964 0.11327401653653701 0.3331780911328981 0.16950972248906224 0.11327401653653701 0.026442814155200414 0.08862433121117536 -0.27817508796104984
0.0 0.0 -0.260680950283463 -0.39710420755224185 0.3611132962875011 0.19103316107220872 0.0 0.3926768513958366 0.11907974441540906 0.06919144902014547 -0.07498540942968805 -0.260680950283463 0.11907974441540906 -0.03415685885586319 -0.07201426962306558 -0.39710420755224185 0.06919144902014547 -0.07201426962306558 0.3611132962875011 -0.07498540942968805 0.19103316107220872
0.0 0.0 0.13601125934979097 -0.3984741144594568 0.0194160465890492 0.40423410202727517 0.0 -0.22262066083775275 0.20095987363281098 -0.09432498773608694 -0.10337123920253631 0.13601125934979097 0.20095987363281098 0.02504896274656281 -0.2718009078892775 -0.3984741144594568 -0.09432498773608694 -0.2718009078892775 0.0194160465890492 -0.10337123920253631 0.40423410202727517
0.0 0.0 0.04012298034697286 0.21165667564769597 -0.1565918610809554 -0.04166777313002535 0.0 -0.09650329249962482 0.16812390788642298 0.46090693407870287 0.2256257524162225 0.04012298034697286 0.16812390788642298 0.3450452060982309 -0.2674733884555469 0.21165667564769597 0.46090693407870287 -0.2674733884555469 -0.1565918610809554 0.2256257524162225 -0.04166777313002535
0.0 0.0 0.22696824282302364 0.36573167781771404 -0.048119554946766306 -0.36092191567965876 0.0 0.029563633327948678 -0.024324993415411746 -0.002412979551097391 0.28531482704297517 0.22696824282302364 -0.024324993415411746 -0.42858815317542615 0.08867158941761771 0.36573167781771404 -0.002412979551097391 0.08867158941761771 -0.048119554946766306 0.28531482704297517 -0.36092191567965876
0.0 0.0 0.013337056772552328 0.29893153505914655 0.118315274787026 -0.508883282641655 0.0 0.03072484183342666 -0.05646050489597384 -0.10884529877305342 -0.061481839854153356 0.013337056772552328 -0.05646050489597384 -0.33731331704953577 0.24763705593362187 0.29893153505914655 -0.10884529877305342 0.24763705593362187 0.118315274787026 -0.061481839854153356 -0.508883282641655
0.0 0.0 -0.009025817352568835 0.42817404934270636 -0.07328602224778798 -0.1490200617785511 0.0 0.6725427593224409 -0.14874844897675726 0.07049346582127887 0.150111180605171 -0.009025817352568835 -0.14874844897675726 -0.15875750244835596 -0.024900763676944528 0.42817404934270636 0.07049346582127887 -0.024900763676944528 -0.07328602224778798 0.150111180605171 -0.1490200617785511
0.0 0.0 0.2007278326528551 0.18257005384373143 -0.5279259156586267 -0.15723113880262554 0.0 0.0658654316202368 -0.23844193291452503 -0.23956473421242164 -0.07485594151872739 0.2007278326528551 -0.23844193291452503 -0.020236692168144145 0.026944212322171427 0.18257005384373143 -0.23956473421242164 0.026944212322171427 -0.5279259156586267 -0.07485594151872739 -0.15723113880262554
0.0 0.0 0.18153836467922582 -0.42924131509445557 -0.14967751488013786 0.304705062804196 0.0 0.25406417362351985 0.2264743069485325 -0.22389360058737662 0.15698164672324344 0.18153836467922582 0.2264743069485325 -0.021556022385802544 -0.09475418247540895 -0.42924131509445557 -0.22389360058737662 -0.09475418247540895 -0.14967751488013786 0.15698164672324344 0.304705062804196
0.0 0.0 0.08572597995349666 -0.27598503712363304 -0.28207929752147876 0.4162853918911943 0.0 -0.037265636443818764 0.1753108717719514 0.10730386491357274 -0.3326481553964536 0.08572597995349666 0.1753108717719514 -0.14120046222954247 -0.007422430900239026 -0.27598503712363304 0.10730386491357274 -0.007422430900239026 -0.28207929752147876 -0.3326481553964536 0.4162853918911943
0.0 0.0 -0.19541119604513305 0.19817053718281158 0.2769409047373833 -0.390088236079792 0.0 -0.07238110251273369 -0.34463406462843066 0.13000551427213858 0.19082118740657258 -0.19541119604513305 -0.34463406462843066 -0.017940117870331472 0.1371516397513042 0.19817053718281158 0.13000551427213858 0.1371516397513042 0.2769409047373833 0.19082118740657258 -0.390088236079792
0.0 0.0 -0.22028301659556007 0.09914908179157941 0.5309787781127747 0.18023788469931873 0.0 -0.16045421098839804 0.1447528250835551 -0.2254498863491317 -0.19863367063105694 -0.22028301659556007 0.1447528250835551 -0.05095067447451454 0.042585972254889456 0.09914908179157941 -0.2254498863491317 0.042585972254889456 0.5309787781127747 -0.19863367063105694 0.18023788469931873
0.0 0.0 -0.14632054110650766 -0.39001159452587225 0.21312175200874534 0.43489130644442947 0.0 -0.09670390536146779 0.08145509661136803 0.12877205683286091 -0.2415398968279007 -0.14632054110650766 0.08145509661136803 -0.07169122320520703 -0.05590697847756305 -0.39001159452587225 0.12877205683286091 -0.05590697847756305 0.21312175200874534 -0.2415398968279007 0.43489130644442947
0.0 0.0 0.15457255995292501 -0.25630227799359817 0.04481036861675999 0.06511241357829174 0.0 -0.40570097371473623 0.5246128165493564 0.043433170720047105 -0.1637461352489673 0.15457255995292501 0.5246128165493564 -0.18497784742804932 -0.02908580402211443 -0.25630227799359817 0.043433170720047105 -0.02908580402211443 0.04481036861675999 -0.1637461352489673 0.06511241357829174
0.0 0.0 -0.07106222294198367 -0.5286909091342451 0.0531445257694945 0.4138652234284455 0.0 -0.16796310943611217 0.048285965418804505 -0.10323947721349815 0.0017844549942771088 -0.07106222294198367 0.048285965418804505 0.14992816370863563 -0.054673400232592755 -0.5286909091342451 -0.10323947721349815 -0.054673400232592755 0.0531445257694945 0.0017844549942771088 0.4138652234284455
0.0 0.0 0.1945676108579048 0.4849823311149432 -0.1368066856486193 -0.21412894375942038 0.0 0.48576018374382557 -0.1616450420026356 0.07073402649920439 0.03937650797155072 0.1945676108579048 -0.1616450420026356 -0.11444900187948623 0.07179563327805426 0.4849823311149432 0.07073402649920439 0.07179563327805426 -0.1368066856486193 0.03937650797155072 -0.21412894375942038
0.0 0.0 0.209740657950608 -0.4624943432813678 -0.06122505675564863 0.2548348411533234 0.0 -0.391643931200673 0.3082720138597401 -0.019248430517547797 0.020337899055320956 0.209740657950608 0.3082720138597401 -0.026750747850452512 -0.023504947816564245 -0.4624943432813678 -0.019248430517547797 -0.023504947816564245 -0.06122505675564863 0.020337899055320956 0.2548348411533234
0.0 0.0 -0.13168805982266962 0.36954135383274256 0.045309099636691635 -0.09306311916648893 0.0 0.14088057082968078 -0.5074268661764598 0.0664810496457635 0.16015333291155276 -0.13168805982266962 -0.5074268661764598 -0.16397928669935513 0.15641185592695317 0.36954135383274256 0.0664810496457635 0.15641185592695317 0.045309099636691635 0.16015333291155276 -0.09306311916648893
0.0 0.0 0.10471041164164337 -0.3319082321637921 -0.34373821694538503 0.3232102555445953 0.0 -0.33514640738566753 0.11674853493744733 0.0668234439699735 0.0616026266315764 0.10471041164164337 0.11674853493744733 0.34953380613417695 -0.13081608979291678 -0.3319082321637921 0.0668234439699735 -0.13081608979291678 -0.34373821694538503 0.0616026266315764 0.3232102555445953
0.0 0.0 0.3097347853205852 0.2598193459873339 -0.3028916223767918 -0.34224734332765844 0.0 0.32579092281188804 -0.09969954158865656 0.16042789665118562 0.1480507809151551 0.3097347853205852 -0.09969954158865656 -0.1670222752056067 0.05538470948737989 0.2598193459873339 0.16042789665118562 0.05538470948737989 -0.3028916223767918 0.1480507809151551 -0.34224734332765844
0.0 0.0 0.1059006792255987 -0.11719422307306246 -0.043350723556390705 0.1030182060713961 0.0 0.10590589572141375 0.476779544197426 -0.2533615595165251 -0.3946481416318381 0.1059006792255987 0.476779544197426 -0.10062735540218416 -0.06804111405405028 -0.11719422307306246 -0.2533615595165251 -0.06804111405405028 -0.043350723556390705 -0.3946481416318381 0.1030182060713961
0.0 0.0 -0.2457394084477979 -0.1827346479179972 0.33568731198667157 0.11254028394532123 0.0 0.1825536162579993 -0.17655456692856777 -0.15766345437274892 0.025736737675120906 -0.2457394084477979 -0.17655456692856777 -0.6105113149032703 -0.14543830587415774 -0.1827346479179972 -0.15766345437274892 -0.14543830587415774 0.33568731198667157 0.025736737675120906 0.11254028394532123
0.0 0.0 0.11968937567006448 0.23581378109063303 -0.4236156229892304 -0.45659080171737954 0.0 0.08778653406826867 0.017896556717314067 -0.06602371954017516 0.015713120967508556 0.11968937567006448 0.017896556717314067 -0.1993530462544586 0.11614896032188515 0.23581378109063303 -0.06602371954017516 0.11614896032188515 -0.4236156229892304 0.015713120967508556 -0.45659080171737954
0.0 0.0 0.03439984333967063 0.4241200568914369 -0.08472881856505576 -0.35027080550848333 0.0 0.38119133138968514 -0.057788592086877144 0.05012227557039929 0.006038629341774471 0.03439984333967063 -0.057788592086877144 0.07729154147798695 0.3279353328786191 0.4241200568914369 0.05012227557039929 0.3279353328786191 -0.08472881856505576 0.006038629341774471 -0.35027080550848333
0.0 0.0 0.11355216090625046 -0.3162758602602517 0.13742667599304906 0.24921220520499915 0.0 0.10802924096023936 0.008598861253046512 -0.03194947225623263 0.19216744819855555 0.11355216090625046 0.008598861253046512 -0.3746281726736295 -0.4382366287765802 -0.3162758602602517 -0.03194947225623263 -0.4382366287765802 0.13742667599304906 0.19216744819855555 0.24921220520499915
0.0 0.0 -0.28300582961331155 -0.20883357276888181 0.49245260410978575 0.220266914658887 0.0 0.10601507002663785 -0.15458250019659922 -0.11059883484026825 -0.11809299341987294 -0.28300582961331155 -0.15458250019659922 -0.24312664501688894 0.004524519502378447 -0.20883357276888181 -0.11059883484026825 0.004524519502378447 0.49245260410978575 -0.11809299341987294 0.220266914658887
0.0 0.0 0.24302674632094 -0.5101218636488274 0.13241986278924064 0.265086522758531 0.0 0.3581608079491573 -0.04542133721547141 -0.1305948914611815 0.0017572360631472352 0.24302674632094 -0.04542133721547141 -0.1318695686000238 -0.030857981548027345 -0.5101218636488274 -0.1305948914611815 -0.030857981548027345 0.13241986278924064 0.0017572360631472352 0.265086522758531
0.0 0.0 -0.38468576961368245 0.07930026548524201 0.39383503518911495 -0.18107976598423328 0.0 -0.08307527619763475 -0.20114478929368934 0.14232111080637447 0.0673033575761806 -0.38468576961368245 -0.20114478929368934 -0.1165482065743197 0.2869593180081295 0.07930026548524201 0.14232111080637447 0.2869593180081295 0.39383503518911495 0.0673033575761806 -0.18107976598423328
0.0 0.0 0.16681796543381525 0.24651704893684567 -0.4642002201857042 -0.21349317387659736 0.0 -0.13252363958865657 -0.20658888832727088 0.2223618002624926 0.08573075278031814 0.16681796543381525 -0.20658888832727088 0.1877247382080329 0.15641254463286616 0.24651704893684567 0.2223618002624926 0.15641254463286616 -0.4642002201857042 0.08573075278031814 -0.21349317387659736
0.0 0.0 0.31366705141059986 -0.07489753756430342 -0.3543644484109652 0.21294422571442626 0.0 0.43396977032375217 -0.2066429107326759 -0.18727350012921143 0.11904093478626036 0.31366705141059986 -0.2066429107326759 0.07006376253113658 -0.1911051736989865 -0.07489753756430342 -0.18727350012921143 -0.1911051736989865 -0.3543644484109652 0.11904093478626036 0.21294422571442626
0.0 0.0 -0.13050035610939156 -0.26465375644486544 0.01209779232785044 0.2019915069920742 0.0 -0.057709201156533746 0.4540168743603615 0.04448798793261904 -0.11312070602979979 -0.13050035610939156 0.4540168743603615 0.14399603721969412 -0.37288298171856954 -0.26465375644486544 0.04448798793261904 -0.37288298171856954 0.01209779232785044 -0.11312070602979979 0.2019915069920742
0.0 0.0 -0.43050287520971353 -0.17613630174281789 0.40699000410468655 0.20341272880466318 0.0 0.26448026105109984 0.1313548977548291 0.04741931305234627 -0.01829939936123056 -0.43050287520971353 0.1313548977548291 -0.10030664539243463 -0.12954725676119133 -0.17613630174281789 0.04741931305234627 -0.12954725676119133 0.40699000410468655 -0.01829939936123056 0.20341272880466318
0.0 0.0 -0.0004563638945520337 0.3972521747495667 -0.1744118449360408 -0.3488072644585649 0.0 -0.035051314007289315 -0.15219470097146082 -0.35526116360175003 0.16049866777149097 -0.0004563638945520337 -0.15219470097146082 0.018521557877862534 0.1191013724180334 0.3972521747495667 -0.35526116360175003 0.1191013724180334 -0.1744118449360408 0.16049866777149097 -0.3488072644585649
0.0 0.0 0.1450562427944425 0.28645746177793463 -0.28063763232009614 -0.2988727689430145 0.0 -0.20729969336998494 -0.34749518639273863 0.1041559439489904 0.11453775446729267 0.1450562427944425 -0.34749518639273863 0.03893027175042083 0.2487041805817588 0.28645746177793463 0.1041559439489904 0.2487041805817588 -0.28063763232009614 0.11453775446729267 -0.2988727689430145
0.0 0.0 0.3814509360054503 0.302141140368033 -0.2410314444703451 -0.21773199594885753 0.0 0.007430053193453276 -0.1925461263321766 -0.24476280267377093 -0.18788292401874881 0.3814509360054503 -0.1925461263321766 -0.14248855355539605 0.12345284592050534 0.302141140368033 -0.24476280267377093 0.12345284592050534 -0.2410314444703451 -0.18788292401874881 -0.21773199594885753
0.0 0.0 -0.033702532629390825 -0.3791227328079535 0.2369395172047423 0.18170231442387516 0.0 0.10911673309300315 0.4167891714307814 -0.18199280880500632 -0.08697900726105293 -0.033702532629390825 0.4167891714307814 -0.225270686612944 -0.14229339919896206 -0.3791227328079535 -0.18199280880500632 -0.14229339919896206 0.2369395172047423 -0.08697900726105293 0.18170231442387516
0.0 0.0 0.2753151265602727 0.001371076335584663 -0.4266170251187774 0.18285462080432802 0.0 0.5456550710366327 0.1445985062495846 -0.010308290630061055 -0.179480078299668 0.2753151265602727 0.1445985062495846 0.10904153340736188 0.026813412994288098 0.001371076335584663 -0.010308290630061055 0.026813412994288098 -0.4266170251187774 -0.179480078299668 0.18285462080432802
0.0 0.0 0.40540303122873794 -0.4165841580993222 -0.19246254921871744 0.1616446204432608 0.0 -0.18080070381832616 -0.18610227724230458 -0.094378702782444 0.18641964605224504 0.40540303122873794 -0.18610227724230458 0.032811281156181024 0.0613089423913672 -0.4165841580993222 -0.094378702782444 0.0613089423913672 -0.19246254921871744 0.18641964605224504 0.1616446204432608
0.0 0.0 0.17464717773532654 0.5080968990915645 0.08307082561413398 -0.2063380633645222 0.0 -0.4578862218894326 -0.14447024510034467 -0.13861867221190913 0.10942845172966487 0.17464717773532654 -0.14447024510034467 -0.09369018219613601 0.02407385947924408 0.5080968990915645 -0.13861867221190913 0.02407385947924408 0.08307082561413398 0.10942845172966487 -0.2063380633645222
0.0 0.0 -0.20066228104101472 0.2449041528955138 0.19111981057992336 -0.22052979413246662 0.0 -0.49807506270594265 -0.07929399745499702 0.25871088256777663 -0.020875907125724416 -0.20066228104101472 -0.07929399745499702 0.31320655866890523 0.2604864914628922 0.2449041528955138 0.25871088256777663 0.2604864914628922 0.19111981057992336 -0.020875907125724416 -0.22052979413246662
0.0 0.0 -0.017349408010407966 0.41800060799414795 0.021725423074511797 -0.42397217429340134 0.0 -0.13083227673538905 -0.09310985148850888 0.07992703630307031 -0.0499354514803268 -0.017349408010407966 -0.09310985148850888 0.16339707980328044 0.32448562544806075 0.41800060799414795 0.07992703630307031 0.32448562544806075 0.021725423074511797 -0.0499354514803268 -0.42397217429340134
0.0 0.0 -0.010881288225902563 0.4794032352376536 -0.15968625399817968 0.01581634385745027 0.0 0.3581900206054431 0.036276936046473 0.28972060753209194 -0.04884394897346838 -0.010881288225902563 0.036276936046473 0.4231010656176128 -0.0548379430520222 0.4794032352376536 0.28972060753209194 -0.0548379430520222 -0.15968625399817968 -0.04884394897346838 0.01581634385745027
0.0 0.0 0.24844434993268089 -0.18667955023209956 -0.38367268364091356 0.37729547444892975 0.0 0.2742062012001456 0.005696633349248738 0.0661466957085688 -0.2199020599100013 0.24844434993268089 0.005696633349248738 -0.19949561631646107 -0.06009179236314824 -0.18667955023209956 0.0661466957085688 -0.06009179236314824 -0.38367268364091356 -0.2199020599100013 0.37729547444892975
0.0 0.0 0.44543693816144564 0.19110726224394434 -0.3142615442493928 -0.1546246662928949 0.0 0.44272802989371235 -0.024745380075097467 -0.07814009789721543 0.09605500589488027 0.44543693816144564 -0.024745380075097467 -0.06924498940101712 0.16139572925424062 0.19110726224394434 -0.07814009789721543 0.16139572925424062 -0.3142615442493928 0.09605500589488027 -0.1546246662928949
0.0 0.0 0.002086545360113726 0.41202783629745354 0.130598710081124 -0.3241106544902595 0.0 0.04531837051877388 0.03016055552202751 0.3349184166445833 0.0957615471172182 0.002086545360113726 0.03016055552202751 0.09807503221538436 0.2829106870849581 0.41202783629745354 0.3349184166445833 0.2829106870849581 0.130598710081124 0.0957615471172182 -0.3241106544902595
0.0 0.0 -0.18806101856083793 0.15292140682827088 0.44377296477741723 -0.16935474095019726 0.0 0.10637540780106215 -0.2837703851164096 0.1396419451597254 -0.008862360425385041 -0.18806101856083793 -0.2837703851164096 -0.45776763020970607 0.07138006028389572 0.15292140682827088 0.1396419451597254 0.07138006028389572 0.44377296477741723 -0.008862360425385041 -0.16935474095019726
0.0 0.0 -0.13992490400388866 0.10440561468641607 0.35992574557332313 0.3658015913085959 0.0 -0.26711090110798724 0.24718567923988402 0.06933013512589413 -0.04826401804780268 -0.13992490400388866 0.24718567923988402 -0.015651474648711482 -0.3195773742935571 0.10440561468641607 0.06933013512589413 -0.3195773742935571 0.35992574557332313 -0.04826401804780268 0.3658015913085959
0.0 0.0 -0.04690443295210144 0.40801734763240227 0.15150711005067297 -0.3148638718813356 0.0 -0.008130019924579917 -0.25840334103237506 0.1312558926504191 -0.17087264219485215 -0.04690443295210144 -0.25840334103237506 -0.05645665750985341 0.307251646741017 0.40801734763240227 0.1312558926504191 0.307251646741017 0.15150711005067297 -0.17087264219485215 -0.3148638718813356
0.0 0.0 -0.001322327249973815 0.17290035350501404 0.2922128716055582 -0.32630399786076547 0.0 -0.05029040413068036 -0.1481855393844184 0.2755217020995256 -0.41256177475761086 -0.001322327249973815 -0.1481855393844184 0.04905744874867063 0.08772000024111974 0.17290035350501404 0.2755217020995256 0.08772000024111974 0.2922128716055582 -0.41256177475761086 -0.32630399786076547
0.0 0.0 -0.010735068784806215 -0.28595752003887953 -0.06111204615268608 0.5451997229419661 0.0 -0.04788406027993464 0.1893074513462865 0.11049398457088784 -0.039061534275196326 -0.010735068784806215 0.1893074513462865 -0.024470134777742365 -0.2571337480115307 -0.28595752003887953 0.11049398457088784 -0.2571337480115307 -0.06111204615268608 -0.039061534275196326 0.5451997229419661
0.0 0.0 0.17863799880762504 0.0281582706801479 -0.33751446728459256 -0.27111753513527986 0.0 0.2233502146509825 -0.06344543880832038 -0.3206484474637115 -0.05846665831046774 0.17863799880762504 -0.06344543880832038 -0.2520949873005692 0.3360017001240611 0.0281582706801479 -0.3206484474637115 0.3360017001240611 -0.33751446728459256 -0.05846665831046774 -0.27111753513527986
0.0 0.0 0.14908634408568636 -0.19312676668725232 -0.4650992401938184 -0.17068589910362664 0.0 -0.5146254492891696 -0.14115292497683912 0.11311749412296868 -0.0019037984694858824 0.14908634408568636 -0.14115292497683912 0.1390111502418088 0.1421944724164998 -0.19312676668725232 0.11311749412296868 0.1421944724164998 -0.4650992401938184 -0.0019037984694858824 -0.17068589910362664
0.0 0.0 -0.08549341945394512 -0.4232275542866334 0.2159079044061886 0.4217128310101118 0.0 0.38132291396168905 -0.09084731575898272 -0.01084939991962427 0.02758339661978617 -0.08549341945394512 -0.09084731575898272 -0.11714295212320418 -0.020365939666326112 -0.4232275542866334 -0.01084939991962427 -0.020365939666326112 0.2159079044061886 0.02758339661978617 0.4217128310101118
0.0 0.0 -0.20241855980896423 0.26597679266762775 0.4109549037500388 -0.2203953903246121 0.0 0.3752436157048942 0.04386158744998824 0.2566776427090237 -0.13835447536344853 -0.20241855980896423 0.04386158744998824 -0.14003886709963353 0.060551397409637636 0.26597679266762775 0.2566776427090237 0.060551397409637636 0.4109549037500388 -0.13835447536344853 -0.2203953903246121
0.0 0.0 0.09790789951907804 -0.39698452266598055 0.03043280986338614 0.28957632164371216 0.0 0.06440588316984422 -0.44853942297480515 0.08723309906713946 0.168729613733833 0.09790789951907804 -0.44853942297480515 -0.10553896872987725 -0.05591532940632827 -0.39698452266598055 0.08723309906713946 -0.05591532940632827 0.03043280986338614 0.168729613733833 0.28957632164371216
0.0 0.0 0.14278179465321753 0.24757095293411163 -0.29076356010183635 -0.23476064505757133 0.0 -0.0076675212322357 -0.06357807773138882 -0.27906898941899005 0.0874437052216828 0.14278179465321753 -0.06357807773138882 -0.17507016211684523 0.41682577097508866 0.24757095293411163 -0.27906898941899005 0.41682577097508866 -0.29076356010183635 0.0874437052216828 -0.23476064505757133
0.0 0.0 0.10021816670462222 0.042085035470203466 -0.09384595112053834 -0.09750884750028614 0.0 0.09579355672006339 -0.47956559690072287 0.017201920337986322 0.3016777993438932 0.10021816670462222 -0.47956559690072287 0.10112866779072144 0.3726658853170564 0.042085035470203466 0.017201920337986322 0.3726658853170564 -0.09384595112053834 0.3016777993438932 -0.09750884750028614
0.0 0.0 -0.024298094060317677 -0.4117989767820217 -0.33687420654979655 0.12137555767722454 0.0 0.22019616292519945 -0.03628485001239076 -0.3319968994449 0.035616198480999894 -0.024298094060317677 -0.03628485001239076 -0.05134057081880031 -0.2514891666476438 -0.4117989767820217 -0.3319968994449 -0.2514891666476438 -0.33687420654979655 0.035616198480999894 0.12137555767722454
0.0 0.0 0.0421970217455759 -0.5311992967816114 0.3253499366029711 0.14585014998942455 0.0 0.16267577508663225 0.12523804168584154 0.09434693374550467 -0.0901230922917805 0.0421970217455759 0.12523804168584154 -0.29196951000141697 -0.018946949967259825 -0.5311992967816114 0.09434693374550467 -0.018946949967259825 0.3253499366029711 -0.0901230922917805 0.14585014998942455
