0.0 0.0 0.1688661756214626 0.0 -0.304089372128322 0.0 0.0 0.0 0.11572040531218004 0.0 0.48985457361387735 0.1688661756214626 0.0 -0.608178744256644 0.0 -0.03857346843739335 0.0 0.3265697157425849 -0.304089372128322 0.0 -0.16328485787129246
0.0 0.0 -0.26478511348201356 0.0 0.022203589826597935 0.0 0.0 0.0 -0.8380848254814295 0.0 0.22160380855468634 -0.26478511348201356 0.0 0.04440717965319587 0.0 0.2793616084938098 0.0 0.14773587236979088 0.022203589826597935 0.0 -0.07386793618489544
0.0 0.0 -0.037899398498372726 0.0 0.07768578771950102 0.0 0.0 0.0 -0.6757827525713563 0.0 0.5399356937119424 -0.037899398498372726 0.0 0.15537157543900204 0.0 0.22526091752378544 0.0 0.3599571291412949 0.07768578771950102 0.0 -0.17997856457064745
0.0 0.0 0.388622067327917 0.0 -0.279405443510514 0.0 0.0 0.0 0.04259213705235438 0.0 -0.382448072678643 0.388622067327917 0.0 -0.558810887021028 0.0 -0.014197379017451462 0.0 -0.254965381785762 -0.279405443510514 0.0 0.127482690892881
0.0 0.0 0.11111143774874611 0.0 -0.20961598865038494 0.0 0.0 0.0 0.580564649039105 0.0 -0.4655660739051898 0.11111143774874611 0.0 -0.4192319773007699 0.0 -0.19352154967970167 0.0 -0.3103773826034598 -0.20961598865038494 0.0 0.1551886913017299
0.0 0.0 -0.14799886753208344 0.0 0.15664876472113012 0.0 0.0 0.0 -0.8089517152996362 0.0 0.22937930852571886 -0.14799886753208344 0.0 0.31329752944226025 0.0 0.2696505717665454 0.0 0.1529195390171459 0.15664876472113012 0.0 -0.07645976950857294
0.0 0.0 -0.17265209340690474 0.0 0.23995686375055958 0.0 0.0 0.0 0.4294974341495616 0.0 -0.50067669317599 -0.17265209340690474 0.0 0.47991372750111916 0.0 -0.1431658113831872 0.0 -0.3337844621173266 0.23995686375055958 0.0 0.1668922310586633
0.0 0.0 0.1269427960545779 0.0 -0.248323194229811 0.0 0.0 0.0 0.09954398772548662 0.0 -0.6141760652532499 0.1269427960545779 0.0 -0.496646388459622 0.0 -0.03318132924182887 0.0 -0.4094507101688332 -0.248323194229811 0.0 0.2047253550844166
0.0 0.0 0.06432355523820028 0.0 0.024586342580477354 0.0 0.0 0.0 -0.9073326980367956 0.0 0.21718261408314732 0.06432355523820028 0.0 0.04917268516095471 0.0 0.3024442326789319 0.0 0.1447884093887649 0.024586342580477354 0.0 -0.07239420469438244
0.0 0.0 0.22483173949628563 0.0 0.027424931858018007 0.0 0.0 0.0 -0.8964815748515653 0.0 0.030125224441838953 0.22483173949628563 0.0 0.054849863716036014 0.0 0.29882719161718846 0.0 0.020083482961225967 0.027424931858018007 0.0 -0.010041741480612983
0.0 0.0 -0.08043459653795862 0.0 0.15007664047016137 0.0 0.0 0.0 -0.5696903891923216 0.0 0.5620009960626172 -0.08043459653795862 0.0 0.30015328094032273 0.0 0.18989679639744056 0.0 0.37466733070841146 0.15007664047016137 0.0 -0.18733366535420573
0.0 0.0 0.2437864896250387 0.0 -0.06770877806732566 0.0 0.0 0.0 0.7020584658854553 0.0 -0.44350905237025223 0.2437864896250387 0.0 -0.1354175561346513 0.0 -0.23401948862848512 0.0 -0.2956727015801681 -0.06770877806732566 0.0 0.14783635079008406
0.0 0.0 0.16907763794283248 0.0 -0.30615385828636527 0.0 0.0 0.0 0.5177194094126735 0.0 0.2304755466539514 0.16907763794283248 0.0 -0.6123077165727305 0.0 -0.17257313647089118 0.0 0.15365036443596758 -0.30615385828636527 0.0 -0.07682518221798379
0.0 0.0 -0.40508468614508913 0.0 0.127672182421513 0.0 0.0 0.0 0.6836650076639222 0.0 -0.18748841240411562 -0.40508468614508913 0.0 0.255344364843026 0.0 -0.22788833588797408 0.0 -0.12499227493607709 0.127672182421513 0.0 0.062496137468038546
0.0 0.0 0.6743431171284234 0.0 -0.10926972189483686 0.0 0.0 0.0 -0.11003429633903926 0.0 0.05908585068625627 0.6743431171284234 0.0 -0.21853944378967372 0.0 0.03667809877967976 0.0 0.03939056712417085 -0.10926972189483686 0.0 -0.019695283562085424
0.0 0.0 0.4789834826275883 0.0 -0.17285077491927112 0.0 0.0 0.0 -0.5256188719153765 0.0 0.1878859369885125 0.4789834826275883 0.0 -0.34570154983854223 0.0 0.1752062906384588 0.0 0.12525729132567498 -0.17285077491927112 0.0 -0.06262864566283749
0.0 0.0 -0.04509644805838827 0.0 0.13828619114374507 0.0 0.0 0.0 -0.5638970921682542 0.0 0.5825405237559986 -0.04509644805838827 0.0 0.27657238228749015 0.0 0.1879656973894181 0.0 0.38836034917066575 0.13828619114374507 0.0 -0.19418017458533288
0.0 0.0 0.11134685437156022 0.0 0.09674536408148379 0.0 0.0 0.0 -0.6933536795763671 0.0 0.49742326178583274 0.11134685437156022 0.0 0.19349072816296758 0.0 0.23111789319212242 0.0 0.3316155078572218 0.09674536408148379 0.0 -0.1658077539286109
0.0 0.0 0.11774678390599853 0.0 0.04800173971181626 0.0 0.0 0.0 0.9240231426376289 0.0 -0.07920579330705738 0.11774678390599853 0.0 0.09600347942363252 0.0 -0.30800771421254297 0.0 -0.05280386220470491 0.04800173971181626 0.0 0.026401931102352456
0.0 0.0 -0.13756711103848832 0.0 0.28634327550354793 0.0 0.0 0.0 0.07677815162290356 0.0 -0.5459469438255032 -0.13756711103848832 0.0 0.5726865510070959 0.0 -0.02559271720763452 0.0 -0.3639646292170022 0.28634327550354793 0.0 0.1819823146085011
0.0 0.0 0.16817208736618536 0.0 0.03085529090377706 0.0 0.0 0.0 0.8451447239103267 0.0 -0.30435176948917875 0.16817208736618536 0.0 0.06171058180755412 0.0 -0.28171490797010895 0.0 -0.2029011796594525 0.03085529090377706 0.0 0.10145058982972625
0.0 0.0 0.19896507546775646 0.0 -0.12743647952160578 0.0 0.0 0.0 0.7219543789424373 0.0 -0.3962582025972008 0.19896507546775646 0.0 -0.25487295904321156 0.0 -0.2406514596474791 0.0 -0.26417213506480053 -0.12743647952160578 0.0 0.13208606753240026
0.0 0.0 0.11538692198912726 0.0 -0.32027648718972357 0.0 0.0 0.0 -0.45322909776443226 0.0 -0.28871881678130107 0.11538692198912726 0.0 -0.6405529743794471 0.0 0.15107636592147744 0.0 -0.19247921118753406 -0.32027648718972357 0.0 0.09623960559376703
0.0 0.0 0.3338664411501902 0.0 -0.31166835735889187 0.0 0.0 0.0 -0.19118167067974956 0.0 -0.31426630763835806 0.3338664411501902 0.0 -0.6233367147177837 0.0 0.06372722355991653 0.0 -0.2095108717589054 -0.31166835735889187 0.0 0.1047554358794527
0.0 0.0 -0.25585692462120246 0.0 0.15093217843481935 0.0 0.0 0.0 0.6040035259156739 0.0 -0.4585161943496852 -0.25585692462120246 0.0 0.3018643568696387 0.0 -0.20133450863855798 0.0 -0.30567746289979014 0.15093217843481935 0.0 0.15283873144989507
0.0 0.0 -0.37882845224651823 0.0 0.01620464517243118 0.0 0.0 0.0 -0.7980866044446566 0.0 0.048697240706693096 -0.37882845224651823 0.0 0.03240929034486236 0.0 0.26602886814821886 0.0 0.032464827137795395 0.01620464517243118 0.0 -0.016232413568897697
0.0 0.0 -0.14802261152370985 0.0 0.1338727523417096 0.0 0.0 0.0 0.8275318020476709 0.0 -0.23750719332573403 -0.14802261152370985 0.0 0.2677455046834192 0.0 -0.2758439340158903 0.0 -0.15833812888382265 0.1338727523417096 0.0 0.07916906444191132
0.0 0.0 0.043805897127678996 0.0 0.09442446135483029 0.0 0.0 0.0 -0.8039645596888184 0.0 0.3798877454224995 0.043805897127678996 0.0 0.18884892270966058 0.0 0.2679881865629395 0.0 0.25325849694833297 0.09442446135483029 0.0 -0.12662924847416648
0.0 0.0 0.40331841654997946 0.0 -0.06915327908444008 0.0 0.0 0.0 -0.7555624277489952 0.0 0.08661625589366287 0.40331841654997946 0.0 -0.13830655816888016 0.0 0.2518541425829984 0.0 0.05774417059577525 -0.06915327908444008 0.0 -0.028872085297887626
0.0 0.0 0.16634557688754903 0.0 0.07003720290181227 0.0 0.0 0.0 -0.8738616888338135 0.0 0.20714053926665094 0.16634557688754903 0.0 0.14007440580362454 0.0 0.29128722961127124 0.0 0.13809369284443396 0.07003720290181227 0.0 -0.06904684642221698
0.0 0.0 -0.3820774191651569 0.0 0.09794055846128846 0.0 0.0 0.0 -0.729740797853934 0.0 0.19440382155202174 -0.3820774191651569 0.0 0.19588111692257693 0.0 0.24324693261797803 0.0 0.12960254770134785 0.09794055846128846 0.0 -0.06480127385067393
0.0 0.0 -0.17645087405108859 0.0 0.049369543433341836 0.0 0.0 0.0 -0.9064179405165443 0.0 0.08107306040157725 -0.17645087405108859 0.0 0.09873908686668367 0.0 0.3021393135055148 0.0 0.054048706934384835 0.049369543433341836 0.0 -0.027024353467192418
0.0 0.0 -0.4816375135220438 0.0 0.22023904928880003 0.0 0.0 0.0 -0.3199173461150493 0.0 0.2905292608656815 -0.4816375135220438 0.0 0.44047809857760006 0.0 0.10663911537168311 0.0 0.1936861739104543 0.22023904928880003 0.0 -0.09684308695522716
0.0 0.0 0.255146022341109 0.0 0.017905536996293357 0.0 0.0 0.0 0.8448551375779456 0.0 -0.21926732712244637 0.255146022341109 0.0 0.03581107399258671 0.0 -0.28161837919264854 0.0 -0.1461782180816309 0.017905536996293357 0.0 0.07308910904081545
0.0 0.0 0.37372268052659674 0.0 -0.056803698721342784 0.0 0.0 0.0 0.7810839521413564 0.0 -0.122708537360956 0.37372268052659674 0.0 -0.11360739744268557 0.0 -0.26036131738045215 0.0 -0.08180569157397066 -0.056803698721342784 0.0 0.04090284578698533
0.0 0.0 0.35302032963231583 0.0 -0.28197638563365685 0.0 0.0 0.0 0.061811958919668 0.0 -0.41618982876698163 0.35302032963231583 0.0 -0.5639527712673137 0.0 -0.020603986306556 0.0 -0.2774598858446545 -0.28197638563365685 0.0 0.13872994292232724
0.0 0.0 -0.062306294785451154 0.0 0.07903333729986406 0.0 0.0 0.0 -0.516970411634079 0.0 0.6502878539777674 -0.062306294785451154 0.0 0.15806667459972812 0.0 0.172323470544693 0.0 0.4335252359851782 0.07903333729986406 0.0 -0.2167626179925891
0.0 0.0 -0.1203704606500572 0.0 0.3283838179668976 0.0 0.0 0.0 0.4245429890939213 0.0 0.28204474328782964 -0.1203704606500572 0.0 0.6567676359337952 0.0 -0.14151432969797378 0.0 0.1880298288585531 0.3283838179668976 0.0 -0.09401491442927655
0.0 0.0 -0.015847946805520947 0.0 0.09944244157197618 0.0 0.0 0.0 -0.5786089031750606 0.0 0.6043651558282013 -0.015847946805520947 0.0 0.19888488314395236 0.0 0.1928696343916869 0.0 0.40291010388546755 0.09944244157197618 0.0 -0.20145505194273378
0.0 0.0 -0.16125472578469485 0.0 0.10637420361464014 0.0 0.0 0.0 0.6537547247995186 0.0 -0.5103889689617592 -0.16125472578469485 0.0 0.2127484072292803 0.0 -0.21791824159983955 0.0 -0.3402593126411728 0.10637420361464014 0.0 0.1701296563205864
0.0 0.0 -0.17848244844418953 0.0 0.04062887463741863 0.0 0.0 0.0 -0.9090218367877204 0.0 0.07282424471239733 -0.17848244844418953 0.0 0.08125774927483725 0.0 0.3030072789292401 0.0 0.04854949647493155 0.04062887463741863 0.0 -0.024274748237465775
0.0 0.0 -0.42504539155761417 0.0 0.26313823356041754 0.0 0.0 0.0 -0.17118456013827707 0.0 0.35009799830843635 -0.42504539155761417 0.0 0.5262764671208351 0.0 0.05706152004609237 0.0 0.23339866553895758 0.26313823356041754 0.0 -0.11669933276947879
0.0 0.0 0.40078995171269965 0.0 -0.10336439854285859 0.0 0.0 0.0 -0.7237432969306898 0.0 0.14482085597101277 0.40078995171269965 0.0 -0.20672879708571718 0.0 0.24124776564356332 0.0 0.0965472373140085 -0.10336439854285859 0.0 -0.04827361865700425
0.0 0.0 0.09770722110318936 0.0 0.018975940669087567 0.0 0.0 0.0 0.8963283730002113 0.0 -0.23523076770243231 0.09770722110318936 0.0 0.037951881338175134 0.0 -0.2987761243334038 0.0 -0.15682051180162157 0.018975940669087567 0.0 0.07841025590081079
0.0 0.0 -0.36672641211129325 0.0 0.30390301513656526 0.0 0.0 0.0 0.2859394716140528 0.0 0.23517731619221355 -0.36672641211129325 0.0 0.6078060302731305 0.0 -0.09531315720468428 0.0 0.1567848774614757 0.30390301513656526 0.0 -0.07839243873073785
0.0 0.0 -0.22207523571905013 0.0 0.1405658233457873 0.0 0.0 0.0 -0.5294833577406797 0.0 0.5504405907729732 -0.22207523571905013 0.0 0.2811316466915746 0.0 0.17649445258022656 0.0 0.3669603938486488 0.1405658233457873 0.0 -0.1834801969243244
0.0 0.0 -0.3617934832308431 0.0 0.035833331586208286 0.0 0.0 0.0 0.8087916706009557 0.0 -0.04863963791939063 -0.3617934832308431 0.0 0.07166666317241657 0.0 -0.2695972235336519 0.0 -0.03242642527959375 0.035833331586208286 0.0 0.016213212639796876
0.0 0.0 0.27237209274363056 0.0 -0.28596458088505333 0.0 0.0 0.0 0.2305829485601181 0.0 -0.4405408179493007 0.27237209274363056 0.0 -0.5719291617701067 0.0 -0.0768609828533727 0.0 -0.29369387863286717 -0.28596458088505333 0.0 0.14684693931643358
0.0 0.0 -0.1276307067517496 0.0 0.03174390540728471 0.0 0.0 0.0 0.8957917863109304 0.0 -0.2117855258821069 -0.1276307067517496 0.0 0.06348781081456942 0.0 -0.2985972621036435 0.0 -0.14119035058807125 0.03174390540728471 0.0 0.07059517529403563
0.0 0.0 0.35547218491102683 0.0 -0.3065497797330204 0.0 0.0 0.0 0.28644702799011157 0.0 0.24355448533910598 0.35547218491102683 0.0 -0.6130995594660408 0.0 -0.09548234266337054 0.0 0.1623696568927373 -0.3065497797330204 0.0 -0.08118482844636865
0.0 0.0 -0.3850063179396546 0.0 0.20950203302209489 0.0 0.0 0.0 0.6221777112361839 0.0 0.08048597467253009 -0.3850063179396546 0.0 0.41900406604418977 0.0 -0.2073925704120613 0.0 0.0536573164483534 0.20950203302209489 0.0 -0.0268286582241767
0.0 0.0 0.19997278678888417 0.0 -0.11131348456816764 0.0 0.0 0.0 -0.6270610119523856 0.0 0.5126293171316636 0.19997278678888417 0.0 -0.22262696913633528 0.0 0.2090203373174619 0.0 0.34175287808777566 -0.11131348456816764 0.0 -0.17087643904388783
0.0 0.0 0.1540007683269847 0.0 -0.08720490990782366 0.0 0.0 0.0 0.524334399867358 0.0 -0.6218169523198147 0.1540007683269847 0.0 -0.17440981981564732 0.0 -0.17477813328911934 0.0 -0.4145446348798765 -0.08720490990782366 0.0 0.20727231743993824
0.0 0.0 -0.031382545581740744 0.0 0.09250055575620043 0.0 0.0 0.0 -0.7696201444031907 0.0 0.4307035545192787 -0.031382545581740744 0.0 0.18500111151240087 0.0 0.2565400481343969 0.0 0.2871357030128525 0.09250055575620043 0.0 -0.14356785150642626
0.0 0.0 0.04704298798671247 0.0 0.009664752244355264 0.0 0.0 0.0 0.7040979205557538 0.0 -0.5343609275315095 0.04704298798671247 0.0 0.019329504488710528 0.0 -0.23469930685191795 0.0 -0.3562406183543397 0.009664752244355264 0.0 0.17812030917716984
0.0 0.0 -0.16500605910453978 0.0 0.06630339745052433 0.0 0.0 0.0 -0.5896982594246866 0.0 0.5852400025902144 -0.16500605910453978 0.0 0.13260679490104865 0.0 0.19656608647489554 0.0 0.3901600017268095 0.06630339745052433 0.0 -0.19508000086340474
0.0 0.0 0.15088410423138557 0.0 0.01777509205133175 0.0 0.0 0.0 0.8180695244132007 0.0 -0.3665254609580796 0.15088410423138557 0.0 0.0355501841026635 0.0 -0.27268984147106695 0.0 -0.2443503073053864 0.01777509205133175 0.0 0.1221751536526932
0.0 0.0 -0.14598560940652675 0.0 -0.0664689975851844 0.0 0.0 0.0 0.8724982027130473 0.0 -0.23380052598282405 -0.14598560940652675 0.0 -0.1329379951703688 0.0 -0.29083273423768247 0.0 -0.1558670173218827 -0.0664689975851844 0.0 0.07793350866094136
0.0 0.0 0.18776586723624927 0.0 -0.07462015294113854 0.0 0.0 0.0 -0.8847506612215056 0.0 0.1300750520583215 0.18776586723624927 0.0 -0.14924030588227707 0.0 0.29491688707383523 0.0 0.08671670137221435 -0.07462015294113854 0.0 -0.043358350686107175
0.0 0.0 0.23996273063800996 0.0 -0.09217911051123719 0.0 0.0 0.0 0.8532078692883902 0.0 -0.12678663903763562 0.23996273063800996 0.0 -0.18435822102247437 0.0 -0.28440262309613007 0.0 -0.0845244260250904 -0.09217911051123719 0.0 0.0422622130125452
0.0 0.0 0.25010689407094583 0.0 -0.003811602560445019 0.0 0.0 0.0 0.8794748904269427 0.0 -0.09946011038610962 0.25010689407094583 0.0 -0.007623205120890038 0.0 -0.2931582968089809 0.0 -0.0663067402574064 -0.003811602560445019 0.0 0.0331533701287032
0.0 0.0 -0.0831645636313598 0.0 0.1226784897792648 0.0 0.0 0.0 -0.8306083686801811 0.0 0.2883081851878598 -0.0831645636313598 0.0 0.2453569795585296 0.0 0.27686945622672704 0.0 0.1922054567919065 0.1226784897792648 0.0 -0.09610272839595325
0.0 0.0 0.10778957527114248 0.0 0.03158129215460822 0.0 0.0 0.0 -0.8271672798818819 0.0 0.3679042803012111 0.10778957527114248 0.0 0.06316258430921644 0.0 0.27572242662729396 0.0 0.24526952020080736 0.03158129215460822 0.0 -0.12263476010040368
0.0 0.0 -0.06620138057406395 0.0 0.32089301169754986 0.0 0.0 0.0 -0.24982359555445974 0.0 -0.44211253845134707 -0.06620138057406395 0.0 0.6417860233950997 0.0 0.08327453185148657 0.0 -0.29474169230089803 0.32089301169754986 0.0 0.14737084615044901
0.0 0.0 -0.4711840230293176 0.0 0.08131120466246976 0.0 0.0 0.0 0.6592064359782972 0.0 -0.14667461446648655 -0.4711840230293176 0.0 0.16262240932493952 0.0 -0.21973547865943238 0.0 -0.09778307631099105 0.08131120466246976 0.0 0.048891538155495524
0.0 0.0 -0.07520640198028473 0.0 0.1070965510396855 0.0 0.0 0.0 -0.8622848682513411 0.0 0.24545551829502768 -0.07520640198028473 0.0 0.214193102079371 0.0 0.28742828941711374 0.0 0.1636370121966851 0.1070965510396855 0.0 -0.08181850609834256
0.0 0.0 0.23265098588709845 0.0 -0.2014972924249084 0.0 0.0 0.0 -0.6433655764606551 0.0 0.34785753548291454 0.23265098588709845 0.0 -0.4029945848498168 0.0 0.21445519215355174 0.0 0.23190502365527635 -0.2014972924249084 0.0 -0.11595251182763817
0.0 0.0 0.1937510717779715 0.0 -0.15444520457071484 0.0 0.0 0.0 -0.6976966433761747 0.0 0.39355558619373343 0.1937510717779715 0.0 -0.3088904091414297 0.0 0.23256554779205824 0.0 0.2623703907958223 -0.15444520457071484 0.0 -0.13118519539791115
0.0 0.0 -0.3187040390786377 0.0 -0.028737365458051525 0.0 0.0 0.0 -0.8436865492188033 0.0 0.025402688067317963 -0.3187040390786377 0.0 -0.05747473091610305 0.0 0.2812288497396011 0.0 0.016935125378211978 -0.028737365458051525 0.0 -0.008467562689105989
0.0 0.0 -0.10533011471159295 0.0 0.024977218084789136 0.0 0.0 0.0 0.9360843580951117 0.0 -0.017055441670404133 -0.10533011471159295 0.0 0.04995443616957827 0.0 -0.31202811936503727 0.0 -0.011370294446936088 0.024977218084789136 0.0 0.005685147223468044
0.0 0.0 0.3420728923539074 0.0 -0.2928064965205057 0.0 0.0 0.0 0.4099122877962457 0.0 0.20419612753197386 0.3420728923539074 0.0 -0.5856129930410114 0.0 -0.13663742926541525 0.0 0.13613075168798258 -0.2928064965205057 0.0 -0.06806537584399129
0.0 0.0 0.35614363658394604 0.0 -0.29218357845478377 0.0 0.0 0.0 0.36853597935233223 0.0 0.23125062955824457 0.35614363658394604 0.0 -0.5843671569095675 0.0 -0.1228453264507774 0.0 0.15416708637216306 -0.29218357845478377 0.0 -0.07708354318608153
0.0 0.0 0.3301929623557601 0.0 -0.3048487882741005 0.0 0.0 0.0 0.3042458695519843 0.0 0.2794741395064958 0.3301929623557601 0.0 -0.609697576548201 0.0 -0.10141528985066144 0.0 0.18631609300433052 -0.3048487882741005 0.0 -0.09315804650216526
0.0 0.0 0.37870786747875296 0.0 -0.298191150676714 0.0 0.0 0.0 0.31035484490212334 0.0 0.21608117786238795 0.37870786747875296 0.0 -0.596382301353428 0.0 -0.10345161496737444 0.0 0.1440541185749253 -0.298191150676714 0.0 -0.07202705928746266
0.0 0.0 0.3536948363997864 0.0 -0.304901653422578 0.0 0.0 0.0 0.3280192612507037 0.0 0.21582433086877362 0.3536948363997864 0.0 -0.609803306845156 0.0 -0.10933975375023458 0.0 0.14388288724584908 -0.304901653422578 0.0 -0.07194144362292454
0.0 0.0 0.3388283389791707 0.0 -0.3037928746486911 0.0 0.0 0.0 0.31915133020365866 0.0 0.2579139845347689 0.3388283389791707 0.0 -0.6075857492973822 0.0 -0.1063837767345529 0.0 0.1719426563565126 -0.3037928746486911 0.0 -0.0859713281782563
0.0 0.0 0.3677884546192365 0.0 -0.30318964950140115 0.0 0.0 0.0 0.2795028480874756 0.0 0.2420238025912111 0.3677884546192365 0.0 -0.6063792990028023 0.0 -0.09316761602915855 0.0 0.16134920172747405 -0.30318964950140115 0.0 -0.08067460086373703
0.0 0.0 0.35523413914340984 0.0 -0.29585913706772876 0.0 0.0 0.0 0.38496411088374766 0.0 0.19269166395578477 0.35523413914340984 0.0 -0.5917182741354575 0.0 -0.12832137029458257 0.0 0.1284611093038565 -0.29585913706772876 0.0 -0.06423055465192826
0.0 0.0 0.3916355688808056 0.0 -0.28395247233591997 0.0 0.0 0.0 0.3735113357958038 0.0 0.18710480795282472 0.3916355688808056 0.0 -0.5679049446718399 0.0 -0.12450377859860128 0.0 0.12473653863521648 -0.28395247233591997 0.0 -0.06236826931760824
0.0 0.0 0.3706201842805435 0.0 -0.30310291045155363 0.0 0.0 0.0 0.26077238897648036 0.0 0.2516311955503622 0.3706201842805435 0.0 -0.6062058209031073 0.0 -0.08692412965882677 0.0 0.16775413036690812 -0.30310291045155363 0.0 -0.08387706518345406
0.0 0.0 0.3277982713665001 0.0 -0.31068306505446924 0.0 0.0 0.0 0.17594027518414607 0.0 0.33209564689980003 0.3277982713665001 0.0 -0.6213661301089385 0.0 -0.05864675839471535 0.0 0.22139709793320003 -0.31068306505446924 0.0 -0.11069854896660002
0.0 0.0 0.38406089136564514 0.0 -0.30295071465958384 0.0 0.0 0.0 0.22589569471202334 0.0 0.25051207619005916 0.38406089136564514 0.0 -0.6059014293191677 0.0 -0.07529856490400778 0.0 0.16700805079337278 -0.30295071465958384 0.0 -0.08350402539668639
0.0 0.0 0.363844394022681 0.0 -0.3058252654389913 0.0 0.0 0.0 0.2820968955006333 0.0 0.2346354344529707 0.363844394022681 0.0 -0.6116505308779826 0.0 -0.09403229850021112 0.0 0.15642362296864712 -0.3058252654389913 0.0 -0.07821181148432356
0.0 0.0 0.3740527659821875 0.0 -0.3061125966522773 0.0 0.0 0.0 0.23624425698689605 0.0 0.24832902142256655 0.3740527659821875 0.0 -0.6122251933045546 0.0 -0.07874808566229868 0.0 0.1655526809483777 -0.3061125966522773 0.0 -0.08277634047418884
0.0 0.0 0.3673578742379511 0.0 -0.30626285905373263 0.0 0.0 0.0 0.20645541869223347 0.0 0.2776938658759065 0.3673578742379511 0.0 -0.6125257181074653 0.0 -0.06881847289741115 0.0 0.18512924391727098 -0.30626285905373263 0.0 -0.09256462195863549
0.0 0.0 0.46362319810813557 0.0 -0.2675552843103301 0.0 0.0 0.0 0.2625126595534814 0.0 0.20287218885310465 0.46362319810813557 0.0 -0.5351105686206602 0.0 -0.08750421985116047 0.0 0.13524812590206975 -0.2675552843103301 0.0 -0.06762406295103487
0.0 0.0 0.32900588359865285 0.0 -0.2993647151107728 0.0 0.0 0.0 0.4060856795243385 0.0 0.2005524440863097 0.32900588359865285 0.0 -0.5987294302215456 0.0 -0.1353618931747795 0.0 0.13370162939087316 -0.2993647151107728 0.0 -0.06685081469543658
0.0 0.0 0.3637868308830862 0.0 -0.30760160040847856 0.0 0.0 0.0 0.2594431779728601 0.0 0.24426927723516662 0.3637868308830862 0.0 -0.6152032008169571 0.0 -0.08648105932428671 0.0 0.1628461848234444 -0.30760160040847856 0.0 -0.0814230924117222
0.0 0.0 0.413271646813766 0.0 -0.2927134974020972 0.0 0.0 0.0 0.257865904324947 0.0 0.2128019260905725 0.413271646813766 0.0 -0.5854269948041944 0.0 -0.08595530144164899 0.0 0.1418679507270483 -0.2927134974020972 0.0 -0.07093397536352415
0.0 0.0 0.3391872542476947 0.0 -0.31385298207785145 0.0 0.0 0.0 0.21677654675841443 0.0 0.2853589106429577 0.3391872542476947 0.0 -0.6277059641557029 0.0 -0.07225884891947149 0.0 0.1902392737619718 -0.31385298207785145 0.0 -0.0951196368809859
0.0 0.0 0.31317434842090286 0.0 -0.3131312259870384 0.0 0.0 0.0 0.2792866905122692 0.0 0.28782676420619796 0.31317434842090286 0.0 -0.6262624519740768 0.0 -0.09309556350408975 0.0 0.19188450947079863 -0.3131312259870384 0.0 -0.09594225473539932
0.0 0.0 0.323186663253799 0.0 -0.3147368413760908 0.0 0.0 0.0 0.30823439262807434 0.0 0.24210702492791733 0.323186663253799 0.0 -0.6294736827521816 0.0 -0.10274479754269147 0.0 0.1614046832852782 -0.3147368413760908 0.0 -0.0807023416426391
0.0 0.0 0.4184429933839852 0.0 -0.28827151264738393 0.0 0.0 0.0 0.1926363984631049 0.0 0.2658927513163845 0.4184429933839852 0.0 -0.5765430252947679 0.0 -0.06421213282103498 0.0 0.17726183421092304 -0.28827151264738393 0.0 -0.08863091710546152
0.0 0.0 0.3550495880639661 0.0 -0.3084167111393016 0.0 0.0 0.0 0.26582558831633274 0.0 0.2518158241233057 0.3550495880639661 0.0 -0.6168334222786032 0.0 -0.08860852943877759 0.0 0.1678772160822038 -0.3084167111393016 0.0 -0.0839386080411019
0.0 0.0 0.3436877601664871 0.0 -0.34302558656254384 0.0 0.0 0.0 0.22798728090793088 0.0 0.0017145736306138758 0.3436877601664871 0.0 -0.6860511731250877 0.0 -0.07599576030264364 0.0 0.0011430490870759172 -0.34302558656254384 0.0 -0.0005715245435379586
0.0 0.0 0.1450587314943846 0.0 -0.357006918159362 0.0 0.0 0.0 0.4169755422301904 0.0 -0.0017847006923417908 0.1450587314943846 0.0 -0.714013836318724 0.0 -0.13899184741006346 0.0 -0.001189800461561194 -0.357006918159362 0.0 0.000594900230780597
0.0 0.0 -0.45122659922212205 0.0 0.07600334523112018 0.0 0.0 0.0 -0.7087431521217247 0.0 -0.00037756023021361763 -0.45122659922212205 0.0 0.15200669046224036 0.0 0.2362477173739083 0.0 -0.0002517068201424118 0.07600334523112018 0.0 0.0001258534100712059
0.0 0.0 0.27468669333760015 0.0 -0.0023985120861259343 0.0 0.0 0.0 0.874158637265911 0.0 -0.0006591954173626543 0.27468669333760015 0.0 -0.004797024172251869 0.0 -0.2913862124219703 0.0 -0.00043946361157510286 -0.0023985120861259343 0.0 0.00021973180578755143
0.0 0.0 -0.39048360242524816 0.0 0.00423732162721882 0.0 0.0 0.0 -0.7908498817950802 0.0 0.0002793623066666304 -0.39048360242524816 0.0 0.00847464325443764 0.0 0.2636166272650267 0.0 0.0001862415377777536 0.00423732162721882 0.0 -9.31207688888768e-05
0.0 0.0 0.39595063047774315 0.0 -0.29512245417125127 0.0 0.0 0.0 0.09412505045048505 0.0 0.31466175912586436 0.39595063047774315 0.0 -0.5902449083425025 0.0 -0.03137501681682835 0.0 0.20977450608390955 -0.29512245417125127 0.0 -0.10488725304195477
