0.0 0.0 0.4669575779114136 0.0 -0.09451766892908808 0.0 0.0 0.0 0.0 0.0 0.0 -0.2299577869530929 0.0 0.49174621252178 0.0 0.0 0.0 0.0 -0.6916083497048294 0.0 0.0
0.0 0.0 -0.608762702871661 0.0 0.006246222127706667 0.0 0.0 0.0 0.0 0.0 0.0 0.19709268063710428 0.0 -0.11249248575928011 0.0 0.0 0.0 0.0 0.7601768690170069 0.0 0.0
0.0 0.0 0.7862278209336279 0.0 -0.09495058509191698 0.0 0.0 0.0 0.0 0.0 0.0 -0.03268820302826588 0.0 0.15895830804536681 0.0 0.0 0.0 0.0 -0.5886373566694513 0.0 0.0
0.0 0.0 0.0020282369140034078 0.0 0.312331076153442 0.0 0.0 0.0 0.0 0.0 0.0 -0.3099707206040438 0.0 -0.694266618340262 0.0 0.0 0.0 0.0 0.5695236607468035 0.0 0.0
0.0 0.0 0.4808199908765927 0.0 -0.10495799470892352 0.0 0.0 0.0 0.0 0.0 0.0 -0.0609038283717558 0.0 0.27412530887223485 0.0 0.0 0.0 0.0 -0.8239793653032098 0.0 0.0
0.0 0.0 0.41696577594536716 0.0 0.671841962064974 0.0 0.0 0.0 0.0 0.0 0.0 -0.5106880757518084 0.0 -0.33450281479584915 0.0 0.0 0.0 0.0 0.04553543540510907 0.0 0.0
0.0 0.0 -0.3003691574203293 0.0 0.12750567724444553 0.0 0.0 0.0 0.0 0.0 0.0 0.13430280746949572 0.0 -0.5577039142033524 0.0 0.0 0.0 0.0 0.7512987232313841 0.0 0.0
0.0 0.0 -0.004572202783182733 0.0 -0.16761443988451272 0.0 0.0 0.0 0.0 0.0 0.0 0.5177738463434285 0.0 0.3526489602224109 0.0 0.0 0.0 0.0 -0.7612052610174832 0.0 0.0
0.0 0.0 0.005043022131900645 0.0 0.5318243167629403 0.0 0.0 0.0 0.0 0.0 0.0 -0.3086824729854444 0.0 -0.22635503618217273 0.0 0.0 0.0 0.0 0.755391284364578 0.0 0.0
0.0 0.0 -0.3291535935435122 0.0 -0.5108956940752947 0.0 0.0 0.0 0.0 0.0 0.0 0.7636031282162539 0.0 0.20036113682959683 0.0 0.0 0.0 0.0 -0.08607658833514564 0.0 0.0
0.0 0.0 -0.015403154957885372 0.0 -0.39246751397971463 0.0 0.0 0.0 0.0 0.0 0.0 0.6061571123427025 0.0 0.5418447354857635 0.0 0.0 0.0 0.0 -0.4297788164517244 0.0 0.0
0.0 0.0 -0.7569278655250136 0.0 0.1321108204680776 0.0 0.0 0.0 0.0 0.0 0.0 0.006555167440755826 0.0 -0.0941119720601781 0.0 0.0 0.0 0.0 0.6330141420235147 0.0 0.0
0.0 0.0 0.6632951475428376 0.0 -0.008763057245173988 0.0 0.0 0.0 0.0 0.0 0.0 -0.44805576754194026 0.0 0.07902034796292963 0.0 0.0 0.0 0.0 -0.5941082139257661 0.0 0.0
0.0 0.0 0.33972489151144986 0.0 -0.27939403132346674 0.0 0.0 0.0 0.0 0.0 0.0 -0.08271931441505549 0.0 0.5527973436802962 0.0 0.0 0.0 0.0 -0.7029214644546481 0.0 0.0
0.0 0.0 0.15431311491186905 0.0 0.456744387589169 0.0 0.0 0.0 0.0 0.0 0.0 -0.7648169228677844 0.0 -0.38882695549158386 0.0 0.0 0.0 0.0 0.17731525639434045 0.0 0.0
0.0 0.0 0.6628257161651647 0.0 -0.35311348892567557 0.0 0.0 0.0 0.0 0.0 0.0 -0.028021074533769508 0.0 0.5934662917073039 0.0 0.0 0.0 0.0 -0.28807206375840666 0.0 0.0
0.0 0.0 -0.03648213321450148 0.0 -0.5452012956293428 0.0 0.0 0.0 0.0 0.0 0.0 0.6426976391888004 0.0 0.4790965319448739 0.0 0.0 0.0 0.0 -0.24255073460977597 0.0 0.0
0.0 0.0 -0.19448800436925934 0.0 -0.8225317073408706 0.0 0.0 0.0 0.0 0.0 0.0 0.5205009227180135 0.0 0.11538681756316876 0.0 0.0 0.0 0.0 -0.03715748050818487 0.0 0.0
0.0 0.0 -0.4918855476976853 0.0 0.16496390496119318 0.0 0.0 0.0 0.0 0.0 0.0 0.1715916699048352 0.0 -0.5706620527848221 0.0 0.0 0.0 0.0 0.6129736033115828 0.0 0.0
0.0 0.0 0.12617522890613847 0.0 0.7597662052912243 0.0 0.0 0.0 0.0 0.0 0.0 -0.6263139283027073 0.0 -0.11878452710352409 0.0 0.0 0.0 0.0 0.021359406421530745 0.0 0.0
0.0 0.0 -0.002268148853608539 0.0 -0.64141724344258 0.0 0.0 0.0 0.0 0.0 0.0 0.1195060207904825 0.0 0.281224060493048 0.0 0.0 0.0 0.0 -0.7037116697269751 0.0 0.0
0.0 0.0 -0.007023999229921145 0.0 -0.19308534690549664 0.0 0.0 0.0 0.0 0.0 0.0 0.6359600032346464 0.0 0.254121064351777 0.0 0.0 0.0 0.0 -0.702599509808903 0.0 0.0
0.0 0.0 0.13943092741278676 0.0 0.9464221438338005 0.0 0.0 0.0 0.0 0.0 0.0 -0.03996229595157766 0.0 -0.28740093176873716 0.0 0.0 0.0 0.0 0.025453122845405605 0.0 0.0
0.0 0.0 -0.25109387940696437 0.0 0.32844956313054613 0.0 0.0 0.0 0.0 0.0 0.0 0.043416539486321376 0.0 -0.5844884813677024 0.0 0.0 0.0 0.0 0.6968220486259199 0.0 0.0
0.0 0.0 0.2782666608311016 0.0 -0.6580434584723022 0.0 0.0 0.0 0.0 0.0 0.0 -0.0061560076928892805 0.0 0.6408653527335942 0.0 0.0 0.0 0.0 -0.28071368948922193 0.0 0.0
0.0 0.0 -0.8314320284595341 0.0 0.20490832913444915 0.0 0.0 0.0 0.0 0.0 0.0 0.2366146343940989 0.0 -0.3109732381136462 0.0 0.0 0.0 0.0 0.33770181916988995 0.0 0.0
0.0 0.0 0.3126940117678625 0.0 -0.4106285992772377 0.0 0.0 0.0 0.0 0.0 0.0 -0.046932193072726815 0.0 0.6910752165113049 0.0 0.0 0.0 0.0 -0.5038045482499847 0.0 0.0
0.0 0.0 -0.8903357951824794 0.0 0.0169942638044447 0.0 0.0 0.0 0.0 0.0 0.0 0.12840897073072013 0.0 -0.13411606937857057 0.0 0.0 0.0 0.0 0.41537619453315616 0.0 0.0
0.0 0.0 0.0007470576911586871 0.0 0.460394056029316 0.0 0.0 0.0 0.0 0.0 0.0 -0.5112128483967886 0.0 -0.5405082613025214 0.0 0.0 0.0 0.0 0.48430258947836335 0.0 0.0
0.0 0.0 0.42630651555594895 0.0 -0.21639135964927902 0.0 0.0 0.0 0.0 0.0 0.0 -0.2353121819586448 0.0 0.5541863821520702 0.0 0.0 0.0 0.0 -0.6394866418641935 0.0 0.0
0.0 0.0 0.1155986269329814 0.0 0.2282747633824872 0.0 0.0 0.0 0.0 0.0 0.0 -0.7776465951697296 0.0 -0.484978464161937 0.0 0.0 0.0 0.0 0.3075536573899495 0.0 0.0
0.0 0.0 -0.3111654847478349 0.0 0.22270782541937503 0.0 0.0 0.0 0.0 0.0 0.0 0.06804457567754334 0.0 -0.6644295191780888 0.0 0.0 0.0 0.0 0.6383420833410993 0.0 0.0
0.0 0.0 -0.45233826504235697 0.0 0.32112090383500924 0.0 0.0 0.0 0.0 0.0 0.0 0.11475315425348478 0.0 -0.6750983470142786 0.0 0.0 0.0 0.0 0.4725943234383185 0.0 0.0
0.0 0.0 -0.36641084925337714 0.0 0.13859808578648872 0.0 0.0 0.0 0.0 0.0 0.0 0.07118829119117988 0.0 -0.42910383400853147 0.0 0.0 0.0 0.0 0.8107624726158695 0.0 0.0
0.0 0.0 -0.887232441285979 0.0 0.4210574723417596 0.0 0.0 0.0 0.0 0.0 0.0 0.010321652071609143 0.0 -0.08087221346572902 0.0 0.0 0.0 0.0 0.16994807648972227 0.0 0.0
0.0 0.0 0.21913703752952016 0.0 0.2980700065927707 0.0 0.0 0.0 0.0 0.0 0.0 -0.7891786120851434 0.0 -0.4545698504943998 0.0 0.0 0.0 0.0 0.18356633460805638 0.0 0.0
0.0 0.0 -0.6278723108720513 0.0 0.04659477938199075 0.0 0.0 0.0 0.0 0.0 0.0 0.6725167966080472 0.0 -0.20725120804387168 0.0 0.0 0.0 0.0 0.3292011282163841 0.0 0.0
0.0 0.0 -0.008996571996118577 0.0 -0.5390795095965137 0.0 0.0 0.0 0.0 0.0 0.0 0.526293280669835 0.0 0.1675872014285128 0.0 0.0 0.0 0.0 -0.6358004849515625 0.0 0.0
0.0 0.0 0.56778722094349 0.0 -0.1897086447795672 0.0 0.0 0.0 0.0 0.0 0.0 -0.32596990675213744 0.0 0.48668271710758393 0.0 0.0 0.0 0.0 -0.5463623839448967 0.0 0.0
0.0 0.0 0.024451206837982506 0.0 0.18629398814193457 0.0 0.0 0.0 0.0 0.0 0.0 -0.39197483046065795 0.0 -0.5865958601227049 0.0 0.0 0.0 0.0 0.6833430453575873 0.0 0.0
0.0 0.0 -0.4192197978199428 0.0 0.3040414451534009 0.0 0.0 0.0 0.0 0.0 0.0 0.012932122615954203 0.0 -0.5330494024605286 0.0 0.0 0.0 0.0 0.6689578876775109 0.0 0.0
0.0 0.0 0.037466790954372636 0.0 0.28527590997396757 0.0 0.0 0.0 0.0 0.0 0.0 -0.39296587021408175 0.0 -0.6293846532480509 0.0 0.0 0.0 0.0 0.6055300800677257 0.0 0.0
0.0 0.0 -0.3310341581878961 0.0 0.4436720775592461 0.0 0.0 0.0 0.0 0.0 0.0 0.12738034720714708 0.0 -0.7136658577632816 0.0 0.0 0.0 0.0 0.40991067845992907 0.0 0.0
0.0 0.0 -0.5767513874829222 0.0 0.17047805052094947 0.0 0.0 0.0 0.0 0.0 0.0 0.1550236924972957 0.0 -0.3411105870630006 0.0 0.0 0.0 0.0 0.7056247540195424 0.0 0.0
0.0 0.0 -0.806450037278517 0.0 0.21399837451995424 0.0 0.0 0.0 0.0 0.0 0.0 0.10725281714518468 0.0 -0.24473838472088416 0.0 0.0 0.0 0.0 0.4821234171194445 0.0 0.0
0.0 0.0 -0.008633097078049086 0.0 -0.6409946826464079 0.0 0.0 0.0 0.0 0.0 0.0 0.573538075308343 0.0 0.1866117155737392 0.0 0.0 0.0 0.0 -0.4746382098357644 0.0 0.0
0.0 0.0 -0.3253719260560513 0.0 0.45925820400002293 0.0 0.0 0.0 0.0 0.0 0.0 0.047248501853315236 0.0 -0.7328300904104039 0.0 0.0 0.0 0.0 0.37939774571674173 0.0 0.0
0.0 0.0 -0.8186972161620285 0.0 0.18645983694967957 0.0 0.0 0.0 0.0 0.0 0.0 0.06395771191858142 0.0 -0.104123906328197 0.0 0.0 0.0 0.0 0.5291835415716746 0.0 0.0
0.0 0.0 0.01581553084922878 0.0 0.2653122993582012 0.0 0.0 0.0 0.0 0.0 0.0 -0.8686075073520093 0.0 -0.1267928783001214 0.0 0.0 0.0 0.0 0.39850196608965566 0.0 0.0
0.0 0.0 0.06535010014835524 0.0 0.6760534609658974 0.0 0.0 0.0 0.0 0.0 0.0 -0.4398076091432819 0.0 -0.5654217930297778 0.0 0.0 0.0 0.0 0.1598391229746121 0.0 0.0
0.0 0.0 -0.49445937410725316 0.0 0.5567408744494003 0.0 0.0 0.0 0.0 0.0 0.0 0.05004723267318974 0.0 -0.6081804123612832 0.0 0.0 0.0 0.0 0.2704836161333913 0.0 0.0
0.0 0.0 0.15520198519528747 0.0 0.49486570417035836 0.0 0.0 0.0 0.0 0.0 0.0 -0.7700388520379371 0.0 -0.3279297973625855 0.0 0.0 0.0 0.0 0.17470687731525258 0.0 0.0
0.0 0.0 0.5067808832259186 0.0 -0.24889142181055426 0.0 0.0 0.0 0.0 0.0 0.0 -0.06671159982083277 0.0 0.3404012869609582 0.0 0.0 0.0 0.0 -0.7489343915394372 0.0 0.0
0.0 0.0 0.5095794551228013 0.0 -0.37936415670205065 0.0 0.0 0.0 0.0 0.0 0.0 -0.09084123216643286 0.0 0.6390242236778454 0.0 0.0 0.0 0.0 -0.4240371771648121 0.0 0.0
0.0 0.0 0.9164420390712942 0.0 -0.08605107703297249 0.0 0.0 0.0 0.0 0.0 0.0 -0.027721325881777826 0.0 0.19657852791868768 0.0 0.0 0.0 0.0 -0.33662681357401114 0.0 0.0
0.0 0.0 0.3344364203290763 0.0 0.32418302797493737 0.0 0.0 0.0 0.0 0.0 0.0 -0.8711711063576513 0.0 -0.15276484875030302 0.0 0.0 0.0 0.0 0.027954419406549115 0.0 0.0
0.0 0.0 0.0446182971438603 0.0 0.5227380986921335 0.0 0.0 0.0 0.0 0.0 0.0 -0.503170182572404 0.0 -0.46842633995285443 0.0 0.0 0.0 0.0 0.502146013769045 0.0 0.0
0.0 0.0 -0.06774841360797319 0.0 -0.5248521570756061 0.0 0.0 0.0 0.0 0.0 0.0 0.5288369478173657 0.0 0.6318840792131615 0.0 0.0 0.0 0.0 -0.20247063670279292 0.0 0.0
0.0 0.0 -0.014143077751362514 0.0 -0.8022807159296462 0.0 0.0 0.0 0.0 0.0 0.0 0.15796142258693457 0.0 0.47355944307229686 0.0 0.0 0.0 0.0 -0.32700958556363624 0.0 0.0
0.0 0.0 0.7277090057981328 0.0 -0.12185839326045864 0.0 0.0 0.0 0.0 0.0 0.0 -0.07358100541771767 0.0 0.37449732314104184 0.0 0.0 0.0 0.0 -0.5567115280593572 0.0 0.0
0.0 0.0 0.027637075554274637 0.0 0.651433361370133 0.0 0.0 0.0 0.0 0.0 0.0 -0.5755697810144945 0.0 -0.4070194260289607 0.0 0.0 0.0 0.0 0.27915118084435725 0.0 0.0
0.0 0.0 -0.29122814666650626 0.0 -0.36231973324941236 0.0 0.0 0.0 0.0 0.0 0.0 0.7807898265701745 0.0 0.4010183030290281 0.0 0.0 0.0 0.0 -0.11602648338850013 0.0 0.0
0.0 0.0 -0.02586940050839208 0.0 -0.2844708182943196 0.0 0.0 0.0 0.0 0.0 0.0 0.9323862576058485 0.0 0.20859210274649748 0.0 0.0 0.0 0.0 -0.07451395141751595 0.0 0.0
0.0 0.0 -0.05936602150683512 0.0 0.05635041229703581 0.0 0.0 0.0 0.0 0.0 0.0 0.048274064556576915 0.0 -0.38175658059468565 0.0 0.0 0.0 0.0 0.9193649081775119 0.0 0.0
0.0 0.0 0.32597796144798197 0.0 -0.0059198404174421555 0.0 0.0 0.0 0.0 0.0 0.0 -0.41107764694083077 0.0 0.12780295331536595 0.0 0.0 0.0 0.0 -0.841656044622214 0.0 0.0
0.0 0.0 -0.11669750580780451 0.0 -0.7373519715632445 0.0 0.0 0.0 0.0 0.0 0.0 0.6475354083061607 0.0 0.14602474876187024 0.0 0.0 0.0 0.0 -0.045479994600264 0.0 0.0
0.0 0.0 0.22465400796661578 0.0 0.25609898444838325 0.0 0.0 0.0 0.0 0.0 0.0 -0.886789257086107 0.0 -0.2911736875097 0.0 0.0 0.0 0.0 0.11298930961695584 0.0 0.0
0.0 0.0 0.0004219216109520444 0.0 0.42902004477736266 0.0 0.0 0.0 0.0 0.0 0.0 -0.7550883081332674 0.0 -0.3038064866415771 0.0 0.0 0.0 0.0 0.39177147516929406 0.0 0.0
0.0 0.0 0.10760460154421266 0.0 0.414227111174585 0.0 0.0 0.0 0.0 0.0 0.0 -0.41153830913184114 0.0 -0.7280782123933177 0.0 0.0 0.0 0.0 0.34260106078283753 0.0 0.0
0.0 0.0 0.22312658721297665 0.0 0.22540949193582102 0.0 0.0 0.0 0.0 0.0 0.0 -0.7510502918113977 0.0 -0.4747660068033872 0.0 0.0 0.0 0.0 0.33155057680225114 0.0 0.0
0.0 0.0 0.23153061486582088 0.0 0.28886312924369795 0.0 0.0 0.0 0.0 0.0 0.0 -0.6727216731463961 0.0 -0.5428927530287904 0.0 0.0 0.0 0.0 0.3400950986581955 0.0 0.0
0.0 0.0 -0.8896785100666262 0.0 0.029201987208935326 0.0 0.0 0.0 0.0 0.0 0.0 0.34144792159008747 0.0 -0.088621165396238 0.0 0.0 0.0 0.0 0.288407695033089 0.0 0.0
0.0 0.0 0.542060533565302 0.0 -0.32515432055423726 0.0 0.0 0.0 0.0 0.0 0.0 -0.19966433103102538 0.0 0.6164015276397083 0.0 0.0 0.0 0.0 -0.4250039498795035 0.0 0.0
0.0 0.0 -0.2088492306390498 0.0 -0.15960300863210158 0.0 0.0 0.0 0.0 0.0 0.0 0.6157996061547847 0.0 0.5575694084861212 0.0 0.0 0.0 0.0 -0.4907301481232912 0.0 0.0
0.0 0.0 -0.6944680602876987 0.0 0.49100664093088847 0.0 0.0 0.0 0.0 0.0 0.0 0.07934738301506007 0.0 -0.42958193018023955 0.0 0.0 0.0 0.0 0.29289921453170215 0.0 0.0
0.0 0.0 -0.07855770213396185 0.0 -0.45978952577657883 0.0 0.0 0.0 0.0 0.0 0.0 0.6993240367852589 0.0 0.4007415995216004 0.0 0.0 0.0 0.0 -0.3643821365116845 0.0 0.0
0.0 0.0 -0.16117873083970907 0.0 -0.28176804311720516 0.0 0.0 0.0 0.0 0.0 0.0 0.9335508846781854 0.0 0.1435768167659391 0.0 0.0 0.0 0.0 -0.04996628870287096 0.0 0.0
0.0 0.0 -0.19735186400721894 0.0 -0.24643128949744883 0.0 0.0 0.0 0.0 0.0 0.0 0.5666809117885148 0.0 0.6048945871812584 0.0 0.0 0.0 0.0 -0.46184320276783675 0.0 0.0
0.0 0.0 0.7676365608316427 0.0 -0.03719437399374388 0.0 0.0 0.0 0.0 0.0 0.0 -0.5339390846208258 0.0 0.19912896037810648 0.0 0.0 0.0 0.0 -0.2908735121505401 0.0 0.0
0.0 0.0 0.05850018889394544 0.0 0.19869692117318655 0.0 0.0 0.0 0.0 0.0 0.0 -0.9299531174768766 0.0 -0.2439680621847454 0.0 0.0 0.0 0.0 0.1810084123584525 0.0 0.0
0.0 0.0 -0.758386579265534 0.0 0.3613941310329511 0.0 0.0 0.0 0.0 0.0 0.0 0.01012833044145882 0.0 -0.11947257367531793 0.0 0.0 0.0 0.0 0.5290253297401974 0.0 0.0
0.0 0.0 -0.9558322001864187 0.0 0.09018327593558101 0.0 0.0 0.0 0.0 0.0 0.0 0.18975315327469092 0.0 -0.16665172202173212 0.0 0.0 0.0 0.0 0.12030264418465586 0.0 0.0
0.0 0.0 -0.3082504540789649 0.0 0.2993557662332402 0.0 0.0 0.0 0.0 0.0 0.0 0.009894534813072946 0.0 -0.4796069813810463 0.0 0.0 0.0 0.0 0.7650143948805247 0.0 0.0
0.0 0.0 -0.08886819706756338 0.0 -0.5051910915267609 0.0 0.0 0.0 0.0 0.0 0.0 0.4110062231287436 0.0 0.6532151486742427 0.0 0.0 0.0 0.0 -0.3758566996661003 0.0 0.0
0.0 0.0 -0.4535964088084704 0.0 -0.5559931716233303 0.0 0.0 0.0 0.0 0.0 0.0 0.6827436274558357 0.0 0.1350233987361265 0.0 0.0 0.0 0.0 -0.027417366512502584 0.0 0.0
0.0 0.0 0.034333147648411014 0.0 0.21663109015683193 0.0 0.0 0.0 0.0 0.0 0.0 -0.9447691178689673 0.0 -0.16337368295027999 0.0 0.0 0.0 0.0 0.18058947751840304 0.0 0.0
0.0 0.0 -0.10117836996558184 0.0 -0.43198139441947275 0.0 0.0 0.0 0.0 0.0 0.0 0.8611431962483511 0.0 0.20262077228063913 0.0 0.0 0.0 0.0 -0.14329072029300027 0.0 0.0
0.0 0.0 -0.17282643218087232 0.0 -0.7192254121966699 0.0 0.0 0.0 0.0 0.0 0.0 0.6481140409798654 0.0 0.17558566556237937 0.0 0.0 0.0 0.0 -0.044313595249385385 0.0 0.0
0.0 0.0 0.026131770317857822 0.0 0.24960353225597853 0.0 0.0 0.0 0.0 0.0 0.0 -0.6584053187224871 0.0 -0.3430638668328656 0.0 0.0 0.0 0.0 0.6211479910754084 0.0 0.0
0.0 0.0 -0.059881024531039516 0.0 -0.4750381970679257 0.0 0.0 0.0 0.0 0.0 0.0 0.8038289636672011 0.0 0.23576808102582278 0.0 0.0 0.0 0.0 -0.2627268227012275 0.0 0.0
0.0 0.0 -0.07499251164098183 0.0 -0.3168476082456627 0.0 0.0 0.0 0.0 0.0 0.0 0.3332654344224019 0.0 0.6508473903872356 0.0 0.0 0.0 0.0 -0.5994293461219206 0.0 0.0
0.0 0.0 0.5859592598238935 0.0 -0.20121815396997741 0.0 0.0 0.0 0.0 0.0 0.0 -0.02453324681949698 0.0 0.255071850144635 0.0 0.0 0.0 0.0 -0.7419565158443154 0.0 0.0
0.0 0.0 -0.14595659718912637 0.0 -0.527583904742906 0.0 0.0 0.0 0.0 0.0 0.0 0.6048887933724798 0.0 0.5547610226385807 0.0 0.0 0.0 0.0 -0.1634063970797379 0.0 0.0
0.0 0.0 -0.4177377803353137 0.0 0.15745271824972873 0.0 0.0 0.0 0.0 0.0 0.0 0.03773411973033176 0.0 -0.3968604419378992 0.0 0.0 0.0 0.0 0.8011127974444853 0.0 0.0
0.0 0.0 0.29869542637571034 0.0 0.5578968520785507 0.0 0.0 0.0 0.0 0.0 0.0 -0.5462493194157677 0.0 -0.5329140860915138 0.0 0.0 0.0 0.0 0.1309442728267775 0.0 0.0
0.0 0.0 0.038485851690561484 0.0 0.605323479462118 0.0 0.0 0.0 0.0 0.0 0.0 -0.520308975628977 0.0 -0.5764444908141138 0.0 0.0 0.0 0.0 0.17056565692280728 0.0 0.0
0.0 0.0 0.047386122319592654 0.0 0.7436654350062738 0.0 0.0 0.0 0.0 0.0 0.0 -0.4083252936731643 0.0 -0.5092980619328961 0.0 0.0 0.0 0.0 0.13638993674960923 0.0 0.0
0.0 0.0 0.13884633229865934 0.0 0.557558804818613 0.0 0.0 0.0 0.0 0.0 0.0 -0.4549527297281351 0.0 -0.6480168541156079 0.0 0.0 0.0 0.0 0.2072246261221852 0.0 0.0
0.0 0.0 0.03664929780043916 0.0 0.59095501888365 0.0 0.0 0.0 0.0 0.0 0.0 -0.47408382666473575 0.0 -0.6143636072484913 0.0 0.0 0.0 0.0 0.21732666198720826 0.0 0.0
0.0 0.0 -0.5635152991243813 0.0 0.060353815661325215 0.0 0.0 0.0 0.0 0.0 0.0 0.030284006946928472 0.0 -0.04011303686160265 0.0 0.0 0.0 0.0 0.8223635131648632 0.0 0.0
