0.0 0.0 0.19072194782404753 -0.22940474235956235 -0.2805305164849637 0.6214873955943114 0.0 0.0 0.0 0.0 0.0 -0.5065968342424503 -0.05344921476674194 -0.24738117798962353 -0.13695428770392234 0.0 0.0 0.0 0.3263559590090615 -0.00976432746393334 0.0
0.0 0.0 -0.03217604666561227 0.36329618179533396 0.6624271698815946 0.3625055501011387 0.0 0.0 0.0 0.0 0.0 0.347517261060566 0.1920873003156507 0.1759058211557159 -0.18949120377399004 0.0 0.0 0.0 -0.26708394219159637 0.03018564201829844 0.0
0.0 0.0 -0.21083368309038314 -0.00983216574589005 0.5296267880122899 0.49026001013831516 0.0 0.0 0.0 0.0 0.0 0.3219116375888668 0.11979832745133798 0.2572100267921509 -0.1114220589410977 0.0 0.0 0.0 -0.4876796720671015 0.014525740821075802 0.0
0.0 0.0 -0.019522150184489964 0.08331561943097311 0.6116420871486762 0.49654894013607137 0.0 0.0 0.0 0.0 0.0 0.02810228425526127 0.17437505836458464 0.16002116201759128 -0.18842285331094813 0.0 0.0 0.0 -0.5288324148069694 0.006358791966842423 0.0
0.0 0.0 -0.09486538182073122 0.12617534504460584 0.561558420766838 0.4646415130309749 0.0 0.0 0.0 0.0 0.0 0.28235475664421883 0.11488740760906985 0.22393778507285908 -0.24004245219331663 0.0 0.0 0.0 -0.4916279824117133 -0.038089861036020946 0.0
0.0 0.0 -0.10597373184913161 0.13437683257484132 0.5397062409023526 0.4092402572175548 0.0 0.0 0.0 0.0 0.0 0.22855295108530155 0.18403131302803022 0.2856033836085856 -0.1922142651298836 0.0 0.0 0.0 -0.5528158154033205 0.04155842388648954 0.0
0.0 0.0 -0.20281193087011132 0.09332192428312526 0.6348411219965161 0.49167135803411727 0.0 0.0 0.0 0.0 0.0 0.31905218866022295 -0.0006830833995629276 0.13688704632046042 -0.23596469702396358 0.0 0.0 0.0 -0.35924990189723016 -0.011032010650535726 0.0
0.0 0.0 0.04645082669477501 0.3724413653662517 0.5744858599223973 0.2357354950404885 0.0 0.0 0.0 0.0 0.0 0.007826600294964948 -0.11609676102119329 0.3049576806829533 -0.12156780773787176 0.0 0.0 0.0 -0.5928064523766726 -0.028060661678051206 0.0
0.0 0.0 -0.07010148127193004 0.15021709179085665 0.7394012264859265 0.1721523274306748 0.0 0.0 0.0 0.0 0.0 0.04159265724250194 -0.2128597761494597 0.32757472205539157 -0.15199558794437273 0.0 0.0 0.0 -0.4666187062706049 0.03146271323204929 0.0
0.0 0.0 -0.0354255770115076 0.2373839535961272 0.7662658816031421 0.2964538274987304 0.0 0.0 0.0 0.0 0.0 0.15641784674984244 0.2729422177362576 0.027543397071306635 -0.08888396162998352 0.0 0.0 0.0 -0.3992305486079851 0.018373584762949032 0.0
0.0 0.0 -0.04478061694302658 0.44876954163337707 0.6870846050276989 0.3031235594354166 0.0 0.0 0.0 0.0 0.0 0.22181972723985136 0.24487132497115405 0.09947601506490415 -0.12275374435631238 0.0 0.0 0.0 -0.31317271800992247 -0.02060049220781144 0.0
0.0 0.0 -0.016947943894034426 0.3640682221209069 0.6991432874633644 0.3931301908404843 0.0 0.0 0.0 0.0 0.0 0.13210811873408715 0.19347370573635042 0.13729545196837936 -0.18180992021541142 0.0 0.0 0.0 -0.33887544913945844 -0.046779540270393515 0.0
0.0 0.0 -0.015675407778691943 0.30192435558416864 0.6982428369592282 0.46849834531859835 0.0 0.0 0.0 0.0 0.0 0.20385955757844665 0.07731130674938494 0.1610411690893971 -0.169443823499652 0.0 0.0 0.0 -0.31492191104601586 -0.014323801060016579 0.0
0.0 0.0 -0.03913918787569456 0.32173197810952175 0.6058865247595887 0.3282677814960834 0.0 0.0 0.0 0.0 0.0 0.4255294709592229 0.1509427200223082 0.18510970423566686 -0.15020549490663523 0.0 0.0 0.0 -0.39895496115567963 -0.015717864514342653 0.0
0.0 0.0 0.002196032032383612 0.4270689755841443 0.6774398130164049 0.32394473375913374 0.0 0.0 0.0 0.0 0.0 0.2602575047495206 0.18396381713028398 0.12455537751626942 -0.16888931459764303 0.0 0.0 0.0 -0.3280552732831553 -0.022534794715852673 0.0
0.0 0.0 -0.019320736490297596 0.30824839445798036 0.6375678012283331 0.38163894471104265 0.0 0.0 0.0 0.0 0.0 0.2722942841756343 0.12186738322303099 0.3344521070606427 -0.19419995096205034 0.0 0.0 0.0 -0.3368942876086755 0.02008036328323356 0.0
0.0 0.0 -0.03962455736078851 0.2940593723807633 0.6814384426427296 0.43835181799872863 0.0 0.0 0.0 0.0 0.0 0.21817860137624062 0.14735255594648813 0.2680722512783645 -0.09122815508303851 0.0 0.0 0.0 -0.32541557060944637 -0.007282368572207367 0.0
0.0 0.0 -0.027724348169584495 0.34404919453381794 0.6571936919403184 0.3605535911314772 0.0 0.0 0.0 0.0 0.0 0.30398655346853304 0.17398321517740556 0.0682237527452336 -0.2006674914994296 0.0 0.0 0.0 -0.388865495565494 -0.011949534609919505 0.0
0.0 0.0 -0.02177976981524094 0.31997730620826825 0.6260777212159326 0.3592893842963313 0.0 0.0 0.0 0.0 0.0 0.2914370891366174 0.24372743386211287 0.2154461878384566 -0.23225351337503763 0.0 0.0 0.0 -0.3590371637118131 0.04972838495962553 0.0
0.0 0.0 -0.10242979041351685 0.1075723028969853 0.5356031588877418 0.4520462905420416 0.0 0.0 0.0 0.0 0.0 0.4065912807737986 0.13293481112485314 0.2275345771673016 -0.21661798164231358 0.0 0.0 0.0 -0.45203160121839203 -0.02652751768071151 0.0
0.0 0.0 0.014502834515764356 0.31370423766249733 0.6497563175372636 0.44076726167631564 0.0 0.0 0.0 0.0 0.0 0.34472518086025317 0.09159784698517637 -0.01500412081288754 -0.24552705270886027 0.0 0.0 0.0 -0.31174436471627937 -0.0012024314113089482 0.0
0.0 0.0 -0.1958654231636452 0.3519718639166116 0.7998326109598658 0.18059763849078397 0.0 0.0 0.0 0.0 0.0 0.12767161958263243 0.2796890736515757 0.035999297405758156 -0.03088703939982179 0.0 0.0 0.0 -0.26196987349123435 -0.0007980201323986532 0.0
0.0 0.0 -0.06580554146928733 0.27060218236067257 0.677001678271123 0.4703293986583779 0.0 0.0 0.0 0.0 0.0 0.31445590615512986 0.16604631927253619 0.17148667884142407 -0.15746162864928803 0.0 0.0 0.0 -0.24764224733008913 -0.03034219421632143 0.0
0.0 0.0 -0.05397642006969392 0.23144956185832627 0.6412261051531355 0.45614865742798405 0.0 0.0 0.0 0.0 0.0 0.23917444336233923 0.11938606560863452 0.3569040548720316 -0.18114226064438438 0.0 0.0 0.0 -0.30402982838779363 0.013803052005797855 0.0
0.0 0.0 -0.14029152672529432 0.2626429812854081 0.6421506455333105 0.3143585523061458 0.0 0.0 0.0 0.0 0.0 0.31358978001045024 -0.1631770225821427 0.39474296094579936 -0.14858876099522547 0.0 0.0 0.0 -0.3113558915620762 0.01870277512006037 0.0
0.0 0.0 0.0029280986292648512 -0.22698094826837514 -0.43923294525868384 -0.09923287482285621 0.0 0.0 0.0 0.0 0.0 -0.3633523113175069 0.1523672417732399 -0.06866822875953489 0.09405934672493663 0.0 0.0 0.0 0.7594616774843892 0.010636131595864793 0.0
0.0 0.0 0.14463039677955727 0.15879807190185113 -0.39606453185647084 -0.248283785554193 0.0 0.0 0.0 0.0 0.0 -0.13156126329960696 0.08669055080336797 -0.610557280190598 0.14016542127810966 0.0 0.0 0.0 0.5638791002816466 -0.011978066371790393 0.0
0.0 0.0 -0.5159140950489384 -0.36792356149065497 0.15067127151664453 0.10122122030887752 0.0 0.0 0.0 0.0 0.0 -0.5412014877858846 0.21211941022350025 -0.22315419326547445 -0.041424821634541524 0.0 0.0 0.0 0.4194339297376016 0.013601695439920522 0.0
0.0 0.0 -0.11541555004183687 0.4784266481020061 0.5008790905720207 -0.1490573515842773 0.0 0.0 0.0 0.0 0.0 0.2525310294540215 -0.005186769517629567 0.38176473985008297 0.14438249042625803 0.0 0.0 0.0 -0.5028276216466169 -0.03826454129381291 0.0
0.0 0.0 -0.1600099249830925 0.4606104956644572 0.6739780892623508 0.2339240842867455 0.0 0.0 0.0 0.0 0.0 0.12681563975969976 -0.17534671157125975 0.19840108961950026 -0.21214284370528988 0.0 0.0 0.0 -0.3454364505650249 0.05239520543403766 0.0
0.0 0.0 -0.011021918173026944 0.4823644302528624 0.5694984030932048 0.1915360298157358 0.0 0.0 0.0 0.0 0.0 0.2819043063011592 -0.092294136470492 0.1467487185282924 -0.11345860067572128 0.0 0.0 0.0 -0.5322894205326687 -0.021454106771643437 0.0
0.0 0.0 -0.018528145183739814 0.433387150678948 0.6959755428689999 0.3040928510542309 0.0 0.0 0.0 0.0 0.0 0.25201076836858977 -0.07811955429869763 0.1527589794835915 -0.2187215438410737 0.0 0.0 0.0 -0.30209395487535046 0.05413499667930033 0.0
0.0 0.0 0.01583214427729744 0.3638937020954554 0.6041655294355076 0.2523975206028368 0.0 0.0 0.0 0.0 0.0 0.1870041411019019 0.1214161333241454 0.2967000991370428 -0.0777514373445149 0.0 0.0 0.0 -0.5429745136937326 0.00048768805495030235 0.0
0.0 0.0 -0.13180299446500718 0.21586186764298101 0.6039120412894319 0.23273555145434124 0.0 0.0 0.0 0.0 0.0 0.21534437814125654 -0.10704959744614112 0.22957305429986252 -0.14482741142565908 0.0 0.0 0.0 -0.6206555080407006 -0.02076513159377271 0.0
0.0 0.0 -0.01194276961648071 0.3273745269487204 0.6269861792919592 0.28696295897350627 0.0 0.0 0.0 0.0 0.0 0.1542523291212076 -0.11082415758932652 0.25718239955379685 -0.28390795524937273 0.0 0.0 0.0 -0.47833531698683057 0.07481254171132386 0.0
0.0 0.0 -0.08128380481518444 0.2640260545356618 0.5806935700563457 0.22832837991736044 0.0 0.0 0.0 0.0 0.0 0.17471653310928698 -0.12223121237621642 0.26998755220678156 -0.2277626915741946 0.0 0.0 0.0 -0.6021309063469795 0.03933481412150537 0.0
0.0 0.0 -0.06945588746379676 0.3289975250049149 0.7410962598701678 0.3848636317811444 0.0 0.0 0.0 0.0 0.0 0.14137565088397885 0.036735842106952514 0.21264354969878688 -0.09582793946646351 0.0 0.0 0.0 -0.33730065147507016 -0.009177544408075755 0.0
0.0 0.0 -0.025887581414347147 0.26096352546331003 0.6941150903525356 0.18109336624314404 0.0 0.0 0.0 0.0 0.0 0.05019569793028374 -0.12308343796291829 0.24659737524571199 -0.2001785087478704 0.0 0.0 0.0 -0.5415622240143021 0.06925908922662057 0.0
0.0 0.0 -0.02302946346701119 0.4577853137083384 0.5843346722633095 0.2093232245299847 0.0 0.0 0.0 0.0 0.0 0.11959113213330874 0.027933650500233036 0.31951360468469747 -0.2601729871225641 0.0 0.0 0.0 -0.4613906446752161 0.08304485121177523 0.0
0.0 0.0 -0.033960885024240314 0.34830696794405763 0.5985896897612819 0.23789825659729102 0.0 0.0 0.0 0.0 0.0 0.2624483505386316 -0.15478451494152998 0.19097261546886585 -0.1759297920711479 0.0 0.0 0.0 -0.5468998395179143 0.05714077669562211 0.0
0.0 0.0 -0.06918865846794646 0.3602009229881703 0.5970493319083663 0.24914507657062734 0.0 0.0 0.0 0.0 0.0 0.23442324026091257 0.013254652328076362 0.21881051526900272 -0.25761140636874214 0.0 0.0 0.0 -0.5209975321333581 0.07821126869502149 0.0
0.0 0.0 -0.2087142363026297 0.4048558041221658 0.5805317422686178 0.15124662404896924 0.0 0.0 0.0 0.0 0.0 0.10229924174162411 0.03903539299609443 0.1238093587815052 -0.1563776288498512 0.0 0.0 0.0 -0.6170096764973381 0.01284299732724141 0.0
0.0 0.0 -0.10844363558073633 0.17691326836914437 0.5424468725690925 0.3339348304160558 0.0 0.0 0.0 0.0 0.0 0.30858637500359337 -0.1306287699683063 0.2716053676296749 -0.23459252185743643 0.0 0.0 0.0 -0.5559401253650803 -0.03191577107129732 0.0
0.0 0.0 -0.061469428859972385 0.30315375374607567 0.6563937179532101 0.34196182015871646 0.0 0.0 0.0 0.0 0.0 0.11803207694594518 0.10181158465765541 0.19540328657989647 -0.26646733137989304 0.0 0.0 0.0 -0.46745240916307934 0.06732387095675323 0.0
0.0 0.0 -0.01959200471851243 0.2753960719854794 0.5510714631327638 0.24868410649015718 0.0 0.0 0.0 0.0 0.0 0.1074881075832347 -0.16468987216857228 0.27722541751576996 -0.2292685955692996 0.0 0.0 0.0 -0.6228561088193595 0.046961835510912445 0.0
0.0 0.0 -0.06751121844156269 0.33710367149191683 0.6579877841994832 0.25045952110647907 0.0 0.0 0.0 0.0 0.0 0.13666045800180085 0.016323194454863004 0.3264268151210783 -0.13985723574502715 0.0 0.0 0.0 -0.49095317607957734 -0.005778719680385466 0.0
0.0 0.0 -0.004668392701306407 0.3231575292068563 0.5769159518304043 0.21943498508272746 0.0 0.0 0.0 0.0 0.0 0.1661713649224208 -0.10124173964771697 0.21464943107047207 -0.22675995743014563 0.0 0.0 0.0 -0.6122535485848992 0.06596978548844265 0.0
0.0 0.0 -0.1775765986491533 0.2836289771431086 0.7768279045234839 0.29320650144495525 0.0 0.0 0.0 0.0 0.0 0.25494872666402046 0.034199293307637275 0.20853842984087048 -0.19783832971396537 0.0 0.0 0.0 -0.22009525663198812 0.0367540595616137 0.0
0.0 0.0 -0.06872913594398335 0.19391814488127343 0.6880530409464816 0.4291700252613205 0.0 0.0 0.0 0.0 0.0 0.053583213200808916 0.020315808513511918 0.23738240082866058 -0.2892101321994393 0.0 0.0 0.0 -0.39104668308353396 0.062240302590724716 0.0
0.0 0.0 -0.04039105073244871 0.309326460389854 0.6149261395760574 0.27965104422060966 0.0 0.0 0.0 0.0 0.0 0.08753611401179975 -0.16729803445140995 0.28434339891535776 -0.15958500335889458 0.0 0.0 0.0 -0.5514310925047915 0.01734488637628341 0.0
0.0 0.0 -0.00558991926435187 0.445809494303566 0.6435773912169355 0.2209248085383042 0.0 0.0 0.0 0.0 0.0 0.22930288610732366 -0.02284722221399952 0.27947913573052696 -0.09638092841513088 0.0 0.0 0.0 -0.4440091420174557 0.024066991340172508 0.0
0.0 0.0 -0.01003590684375596 0.4755403135506986 0.6133196066597292 0.12311619190607838 0.0 0.0 0.0 0.0 0.0 0.14836490862431248 -0.11532466900121746 0.05518049193338778 -0.2331462886285624 0.0 0.0 0.0 -0.5260730262109591 0.11390926762053392 0.0
0.0 0.0 -0.02177038832943516 0.30650671126703755 0.5765060240224944 0.27301708320672075 0.0 0.0 0.0 0.0 0.0 0.1691738298955179 -0.1581705171478955 0.30469457380039056 -0.18944762579057103 0.0 0.0 0.0 -0.5589288734022847 0.0625603206764204 0.0
0.0 0.0 -0.005602038646648331 0.48514980038337724 0.5784516139396011 0.10674247156352261 0.0 0.0 0.0 0.0 0.0 0.3020546306588133 0.051997479843673734 0.1845516167805669 -0.07003093293475911 0.0 0.0 0.0 -0.5340706845149277 -0.021498808137875358 0.0
0.0 0.0 -0.12824386607381758 0.14560631332217797 0.6047060534809378 0.3270559888020928 0.0 0.0 0.0 0.0 0.0 0.2632328805430382 -0.0037925971443555913 0.23245842037232603 -0.30938962447221413 0.0 0.0 0.0 -0.5121112547791113 0.09162179877509358 0.0
0.0 0.0 -0.22094054779378963 0.35651172485499294 0.6197855587545651 0.2528306360372571 0.0 0.0 0.0 0.0 0.0 0.1997956666297212 -0.005664474191149915 0.2269261537440405 -0.19035878622146948 0.0 0.0 0.0 -0.49792649111049975 0.02034853939523185 0.0
0.0 0.0 -0.08778328898811848 0.3690804422326572 0.5867228852026897 0.20513256047500975 0.0 0.0 0.0 0.0 0.0 0.20996059713260296 -0.28341363004487613 0.24467874421408395 -0.14604104684434432 0.0 0.0 0.0 -0.5120642057656566 0.04402778491695554 0.0
0.0 0.0 -0.0568856132745524 0.3507295797186827 0.685344558198769 0.27972025833214403 0.0 0.0 0.0 0.0 0.0 0.22705994186701706 -0.05202539674090996 0.1606605707125443 -0.10803828984981759 0.0 0.0 0.0 -0.4831737102185053 -0.024666133265980605 0.0
0.0 0.0 0.06914001260368904 0.42131888671390444 0.6420720937459122 0.28988626015082497 0.0 0.0 0.0 0.0 0.0 0.011848613580171754 -0.06408798670880594 0.3147220399906528 -0.20059973978248022 0.0 0.0 0.0 -0.42154936022992884 0.013330270542162084 0.0
0.0 0.0 0.05854585961280672 0.38391099824365765 0.6029362321680508 0.25099138438716606 0.0 0.0 0.0 0.0 0.0 0.12674954322282464 -0.0709831463050316 -0.000877250264274928 -0.3545041581591946 0.0 0.0 0.0 -0.5041480485825797 0.14735221842849708 0.0
0.0 0.0 -0.016511163010173878 0.36540382316773984 0.7623905250673945 0.24990823228972325 0.0 0.0 0.0 0.0 0.0 0.07672935137424287 0.07974481707934586 0.3018564873957595 -0.1755893655744312 0.0 0.0 0.0 -0.29562352583674856 0.03041591202841732 0.0
0.0 0.0 0.027814537194354606 0.38699162967636547 0.6655460293303287 0.32866988695637495 0.0 0.0 0.0 0.0 0.0 0.1650188398827516 -0.07658013656778935 0.08959231760148041 -0.31482752138718073 0.0 0.0 0.0 -0.39384877075643776 0.0559703285363226 0.0
0.0 0.0 -0.06689065477579602 0.17300489732923735 0.7345038256051264 0.3289843827217408 0.0 0.0 0.0 0.0 0.0 0.11502014745836903 -0.13461635856608062 0.23263977629225607 -0.22200711227156467 0.0 0.0 0.0 -0.4267511792139919 0.031498590642369165 0.0
0.0 0.0 0.021737804484616936 0.30499115461572396 0.5697117617819566 0.25058190736566516 0.0 0.0 0.0 0.0 0.0 0.13951160411627372 0.053837420324142564 0.2817928394584454 -0.19757077087702557 0.0 0.0 0.0 -0.6150438460162452 0.007923240683973962 0.0
0.0 0.0 -0.0013687514039087427 0.44010951210081434 0.5626989047741888 0.18273773968391005 0.0 0.0 0.0 0.0 0.0 0.24492696601972663 -0.06347423167287286 0.13345724284532354 -0.1601843191920568 0.0 0.0 0.0 -0.5904105914726405 -0.014348862779329076 0.0
0.0 0.0 -0.10869948194866971 0.28035744736195917 0.6685251003431835 0.3592756181498564 0.0 0.0 0.0 0.0 0.0 0.1915307999614424 -0.09522219487814321 0.11841729102503651 -0.19549756988906128 0.0 0.0 0.0 -0.4831283785227179 -0.04661594400464123 0.0
0.0 0.0 -0.11908712816668368 0.37070548109477336 0.6547891612209233 0.15161706102769637 0.0 0.0 0.0 0.0 0.0 0.24075082799492165 0.03509024099683359 0.3997771560953521 -0.14525851056807806 0.0 0.0 0.0 -0.3940796000036803 0.035302925991580324 0.0
0.0 0.0 -0.018435393178115073 0.39377272790839274 0.6661530359312671 0.29977977867384675 0.0 0.0 0.0 0.0 0.0 0.33443895427579434 -0.04831632081151387 0.1884565631656355 -0.13877987244992976 0.0 0.0 0.0 -0.37680807829046853 0.005608386179732142 0.0
0.0 0.0 -0.18161569068843134 0.33768930373232003 0.5496248507919248 0.210019738804316 0.0 0.0 0.0 0.0 0.0 0.14153164444573843 -0.3354132447723917 0.2531008574493897 -0.17888844413764482 0.0 0.0 0.0 -0.5236222106734101 0.06333496347748487 0.0
0.0 0.0 -0.06343860221238709 0.4901200530833825 0.4846431529991743 0.1299775280953036 0.0 0.0 0.0 0.0 0.0 0.12687972806424835 -0.18150502953573672 0.3319772788182527 -0.14890644062101252 0.0 0.0 0.0 -0.5661376410553869 0.045258394646285 0.0
0.0 0.0 -0.15465440248239773 0.28506414550292175 0.6399308509057489 0.29990203914293717 0.0 0.0 0.0 0.0 0.0 0.18417675038446807 -0.12483161379797754 0.22024552001359315 -0.3711889024543193 0.0 0.0 0.0 -0.3793435388176075 0.12519146815537327 0.0
0.0 0.0 -0.18421746153220026 0.22819892211324452 0.6937110173411775 0.2380023956264017 0.0 0.0 0.0 0.0 0.0 0.29339216280296254 -0.10401763825382888 0.2622632244844574 -0.10538381426962948 0.0 0.0 0.0 -0.4460398241866326 -0.019265530332718443 0.0
0.0 0.0 -0.04894312862390961 0.3432096556565794 0.6700979881820242 0.35055879773874116 0.0 0.0 0.0 0.0 0.0 0.06058665815953111 0.05407045447796279 0.2133600034327313 -0.1824755318332673 0.0 0.0 0.0 -0.4716097777311922 0.007679033680166741 0.0
0.0 0.0 -0.12223709263879745 0.2470139815178446 0.6763225213184374 0.1935694205281805 0.0 0.0 0.0 0.0 0.0 0.20381145279167057 0.0027765478960352953 0.38358371807745695 -0.11550880845253095 0.0 0.0 0.0 -0.4763589805435922 0.014746635403436695 0.0
0.0 0.0 -0.10395497445919384 0.3617981035571074 0.5551737196585912 0.21492102054467943 0.0 0.0 0.0 0.0 0.0 0.09498419767812948 -0.16711402399061087 0.3327344323058967 -0.22546579644637718 0.0 0.0 0.0 -0.5466049449915633 0.08132344652618566 0.0
0.0 0.0 -0.05173305031804437 0.2859315579093062 0.7124191730629102 0.37872749115633864 0.0 0.0 0.0 0.0 0.0 0.18228624413438385 0.020090524641886702 0.11706708073747452 -0.03558012346424741 0.0 0.0 0.0 -0.4647325417986239 0.003515540554589905 0.0
0.0 0.0 -0.09980740250332426 0.24111957841631892 0.642053459425733 0.29179047989861234 0.0 0.0 0.0 0.0 0.0 0.27369581739545146 0.030146182121717387 0.18927782172030286 -0.25065917729621595 0.0 0.0 0.0 -0.5029025665690757 0.08449971132388456 0.0
0.0 0.0 -0.050106678972207996 0.14940945097281147 0.5637076570292876 0.36947450603883564 0.0 0.0 0.0 0.0 0.0 0.1428769113083234 0.20626542317376015 0.1072425427752 -0.25984394975886854 0.0 0.0 0.0 -0.6088626272996156 0.0905297010094536 0.0
0.0 0.0 -0.17662570752869444 0.21226556324583898 0.6052305084139961 0.31035741947740597 0.0 0.0 0.0 0.0 0.0 0.2597070974133784 0.08974308613451404 0.25254991807817934 -0.24714038647770828 0.0 0.0 0.0 -0.5066294814138945 0.06392286615124222 0.0
0.0 0.0 -0.08354530519865432 0.33846403781431506 0.6959741923698506 0.3488694129220436 0.0 0.0 0.0 0.0 0.0 0.23971154551449972 0.09825506135612853 0.3219284012015971 -0.14169906969159232 0.0 0.0 0.0 -0.28529689937362546 -0.012075122745790806 0.0
0.0 0.0 -0.16885925227900972 0.2148246755470827 0.7497601109094101 0.2913533305054377 0.0 0.0 0.0 0.0 0.0 0.1535841163329736 -0.06819260437032897 0.10435186963218782 -0.15458371121679929 0.0 0.0 0.0 -0.46395338490423876 -0.005782099478684422 0.0
0.0 0.0 -0.010696720751081978 0.381231304856786 0.6245970285668068 0.2647052300977128 0.0 0.0 0.0 0.0 0.0 0.1540962012839867 -0.18857750614611296 0.31098007857768345 -0.11809565436430572 0.0 0.0 0.0 -0.47367077885370173 0.005625900867233376 0.0
0.0 0.0 -0.02998883066242088 0.22718828974206529 0.6228655793897797 0.4182733331642732 0.0 0.0 0.0 0.0 0.0 0.18754152670259713 0.04698429296689327 0.2616031649954909 -0.1332829588721261 0.0 0.0 0.0 -0.5108674965529053 -0.0025553268909161656 0.0
0.0 0.0 -0.06800294442714719 0.4810755745630452 0.7042156386350515 0.16283485663408237 0.0 0.0 0.0 0.0 0.0 0.2159922637245583 -0.05783050643101589 0.2762224645243444 -0.14513723246219282 0.0 0.0 0.0 -0.30471002940067704 0.03602972716914607 0.0
0.0 0.0 0.08174902383205279 0.42262174469979313 0.645070093106445 0.22726461360565256 0.0 0.0 0.0 0.0 0.0 0.06625843611245899 -0.06695858602502817 0.1749222442157547 -0.24762942232687668 0.0 0.0 0.0 -0.48664536847813283 0.09658084079437694 0.0
0.0 0.0 -0.05009104243223496 0.36937153901813535 0.6475049482542768 0.178997419188966 0.0 0.0 0.0 0.0 0.0 0.29166687868212193 0.05772795302001135 0.30349529203242404 -0.10147054294490815 0.0 0.0 0.0 -0.4679074620513713 0.0027710010021001147 0.0
0.0 0.0 -0.08087283065908302 0.22906174711192487 0.6998929829197507 0.2779104968647332 0.0 0.0 0.0 0.0 0.0 0.2397510189085862 0.04741707460191991 0.18544043627395582 -0.2500044047342566 0.0 0.0 0.0 -0.4615195789487504 0.06546953403503225 0.0
0.0 0.0 -0.02061346578415996 0.26180276583209205 0.5136470835369003 0.2797251625153973 0.0 0.0 0.0 0.0 0.0 0.208544888992021 0.12406737803693284 0.14748824882075154 -0.24016068539449176 0.0 0.0 0.0 -0.6695923368474913 -0.047826592277743614 0.0
0.0 0.0 -0.10647924546736777 0.26508847822045584 0.6824516079207705 0.3240399160774231 0.0 0.0 0.0 0.0 0.0 0.10393159641820404 -0.11108759572619592 0.39293887383419995 -0.16854700272911066 0.0 0.0 0.0 -0.3764261752493404 0.0005078032963764752 0.0
0.0 0.0 -0.1452219460493176 0.3354023392299038 0.5883414795905559 0.2516437681238459 0.0 0.0 0.0 0.0 0.0 0.09096905177711352 0.03907299620745377 0.31991755411267353 -0.2044437755566069 0.0 0.0 0.0 -0.5497155806009039 0.028491907971666865 0.0
0.0 0.0 0.014826292303124567 0.46693420466749774 0.6416515625142812 0.23324371823060824 0.0 0.0 0.0 0.0 0.0 0.1490562164053887 0.1685662560086399 0.23367027684364602 -0.17090273616893298 0.0 0.0 0.0 -0.42550620833205904 0.01165567002859677 0.0
0.0 0.0 -0.09987062346375157 0.31289818945693615 0.5078284845237996 0.14823021058247934 0.0 0.0 0.0 0.0 0.0 0.1807329403565914 -0.1844437439045709 0.2845525562293079 -0.18543187553461432 0.0 0.0 0.0 -0.6508073118220485 0.08166658645391174 0.0
0.0 0.0 -0.020112292657502705 0.17390094810489565 0.5944435721968866 0.5699249757592305 0.0 0.0 0.0 0.0 0.0 0.30394117102481794 0.06077508096788218 0.1466823166268113 -0.17961293595321465 0.0 0.0 0.0 -0.37313875196581986 0.045754065502216903 0.0
0.0 0.0 -0.18145662711924768 0.11106342661533333 0.5076774733153024 0.33464056659126534 0.0 0.0 0.0 0.0 0.0 0.21023579683016166 0.09102752143641886 0.17411802562585002 -0.14026493927178854 0.0 0.0 0.0 -0.6942707547754136 -0.023007849134115466 0.0
0.0 0.0 0.014237962480789993 0.3510332184294304 0.6627861770545661 0.39566826771728036 0.0 0.0 0.0 0.0 0.0 0.21772828574588518 0.19011724729231422 0.1507781351222063 -0.14956103612470395 0.0 0.0 0.0 -0.3899455000086143 0.004883517587663874 0.0
0.0 0.0 0.021900009739822122 0.06386050708369949 0.45807621266831744 -0.016545564055562907 0.0 0.0 0.0 0.0 0.0 0.15506484192470968 -0.7338975665033493 -0.2690620259131119 0.013183144041210433 0.0 0.0 0.0 -0.38593209099793996 0.03423684634932263 0.0
0.0 0.0 -0.12180183447324272 0.4383706821266991 0.6722890755511368 0.23051455486649128 0.0 0.0 0.0 0.0 0.0 0.10143881233713789 -0.014005650861680019 0.28549511245768777 -0.2010066088785255 0.0 0.0 0.0 -0.39180496084131644 0.04447092044988602 0.0
0.0 0.0 -0.05896596006279216 0.3708677811470546 0.6854322652952937 0.34797607754018844 0.0 0.0 0.0 0.0 0.0 0.1706249938357068 -0.13112171292032487 0.15100946958740813 -0.2505377254393415 0.0 0.0 0.0 -0.36369021988041694 0.06265767057743471 0.0
0.0 0.0 -0.10355012629097632 0.4501776417418195 0.5948124733314378 0.20021433294797222 0.0 0.0 0.0 0.0 0.0 0.33281247957898197 0.008124888267294366 0.09147030750042992 -0.22897804676635705 0.0 0.0 0.0 -0.46771864629196674 0.04838542296206091 0.0
0.0 0.0 0.010434626246059705 0.30029425046889574 0.6471035228807164 0.2514051069658107 0.0 0.0 0.0 0.0 0.0 0.21810977313787924 -0.004665094865551531 0.2297257433861041 -0.18633091653191358 0.0 0.0 0.0 -0.53947932382359 0.040525052324009464 0.0
