0.0 0.0 0.0 0.0 0.0 0.0 0.0 0.0 -0.9251335006350815 0.0 0.29325293578630934 0.0 0.0 0.0 0.0 -0.20200603753717167 0.0 0.13152611409080162 0.0 0.0 0.005016349877601715
0.0 0.0 0.0 0.0 0.0 0.0 0.0 0.0 0.9215449812779967 0.0 -0.21989152856750732 0.0 0.0 0.0 0.0 0.28117999230144053 0.0 -0.15275723525712176 0.0 0.0 -0.0023668864662697775
0.0 0.0 0.0 0.0 0.0 0.0 0.0 0.0 0.9254097402638293 0.0 -0.34013281768069464 0.0 0.0 0.0 0.0 0.006349085545876174 0.0 -0.16697446695110765 0.0 0.0 -0.0023865164042690375
0.0 0.0 0.0 0.0 0.0 0.0 0.0 0.0 0.9337245257095335 0.0 -0.1747723433444546 0.0 0.0 0.0 0.0 0.2287434363234054 0.0 -0.21254406674916568 0.0 0.0 -0.010705051101290948
0.0 0.0 0.0 0.0 0.0 0.0 0.0 0.0 0.8316189158656105 0.0 -0.41281163868636733 0.0 0.0 0.0 0.0 0.2372699802157746 0.0 -0.2858293421216099 0.0 0.0 -0.001036055170320768
0.0 0.0 0.0 0.0 0.0 0.0 0.0 0.0 0.9040965234523582 0.0 -0.2631125344166857 0.0 0.0 0.0 0.0 0.28496003293637484 0.0 -0.1788430422016229 0.0 0.0 -0.01393615438909258
0.0 0.0 0.0 0.0 0.0 0.0 0.0 0.0 0.9149663672394559 0.0 -0.20279400057358968 0.0 0.0 0.0 0.0 0.30184130601157766 0.0 -0.17479956272078462 0.0 0.0 -0.006933902929786508
0.0 0.0 0.0 0.0 0.0 0.0 0.0 0.0 0.8953394392962066 0.0 -0.2506265889018494 0.0 0.0 0.0 0.0 0.2801467826423519 0.0 -0.23859214000182324 0.0 0.0 -0.012048746020512145
0.0 0.0 0.0 0.0 0.0 0.0 0.0 0.0 0.8962884137434972 0.0 -0.28630410742949114 0.0 0.0 0.0 0.0 0.25493401633977 0.0 -0.22288813218424552 0.0 0.0 -0.005154153903409699
0.0 0.0 0.0 0.0 0.0 0.0 0.0 0.0 0.9247701144170362 0.0 -0.25563352225686736 0.0 0.0 0.0 0.0 0.24402572127439354 0.0 -0.14088299926696052 0.0 0.0 -0.0074273584609226865
0.0 0.0 0.0 0.0 0.0 0.0 0.0 0.0 0.9339690294353393 0.0 -0.17384135035933085 0.0 0.0 0.0 0.0 0.18269566113816652 0.0 -0.2529565624458703 0.0 0.0 -0.010784705731339342
0.0 0.0 0.0 0.0 0.0 0.0 0.0 0.0 0.9009692458766243 0.0 -0.3522740086343941 0.0 0.0 0.0 0.0 0.1931811700140863 0.0 -0.16382452915228907 0.0 0.0 -5.018105147327841e-06
0.0 0.0 0.0 0.0 0.0 0.0 0.0 0.0 0.9161442988710229 0.0 -0.2268366497896232 0.0 0.0 0.0 0.0 0.2932600164280072 0.0 -0.1523469774857321 0.0 0.0 -0.003703940327304769
0.0 0.0 0.0 0.0 0.0 0.0 0.0 0.0 0.9072824106888276 0.0 -0.34948251982860223 0.0 0.0 0.0 0.0 0.1764023683108447 0.0 -0.15352455134909204 0.0 0.0 -0.0036072394299816175
0.0 0.0 0.0 0.0 0.0 0.0 0.0 0.0 0.8777835632230764 0.0 -0.36629460376413536 0.0 0.0 0.0 0.0 0.1300323147281784 0.0 -0.2800041799257421 0.0 0.0 -0.003679094891284039
0.0 0.0 0.0 0.0 0.0 0.0 0.0 0.0 0.937223862562304 0.0 -0.1994285185401049 0.0 0.0 0.0 0.0 0.2470699742444976 0.0 -0.14414258496008522 0.0 0.0 -0.004363538076213789
0.0 0.0 0.0 0.0 0.0 0.0 0.0 0.0 0.9065794950595593 0.0 -0.2222949403003434 0.0 0.0 0.0 0.0 0.19580166284255549 0.0 -0.3003531626840945 0.0 0.0 -0.01217641770690844
0.0 0.0 0.0 0.0 0.0 0.0 0.0 0.0 0.8611101202137422 0.0 -0.2959872230673624 0.0 0.0 0.0 0.0 0.2529822223236699 0.0 -0.3267650500528254 0.0 0.0 -0.010272385238962447
0.0 0.0 0.0 0.0 0.0 0.0 0.0 0.0 0.91191558299855 0.0 -0.17096553763975283 0.0 0.0 0.0 0.0 0.29762020909303194 0.0 -0.22494710306077034 0.0 0.0 -0.0013290552856320187
0.0 0.0 0.0 0.0 0.0 0.0 0.0 0.0 0.8448932861333467 0.0 -0.35321212096019516 0.0 0.0 0.0 0.0 0.20238213276069886 0.0 -0.3468542754637181 0.0 0.0 -0.011406865711727334
0.0 0.0 0.0 0.0 0.0 0.0 0.0 0.0 0.869110251091499 0.0 -0.27883360010896513 0.0 0.0 0.0 0.0 0.24013652952686812 0.0 -0.33004384264587866 0.0 0.0 -0.017455773150431057
0.0 0.0 0.0 0.0 0.0 0.0 0.0 0.0 0.8949068012917215 0.0 -0.3010527177716329 0.0 0.0 0.0 0.0 0.2531618640637791 0.0 -0.21055898802253933 0.0 0.0 -0.009113795631322448
0.0 0.0 0.0 0.0 0.0 0.0 0.0 0.0 0.8015830471783814 0.0 -0.33572475468029883 0.0 0.0 0.0 0.0 0.18789624093524576 0.0 -0.45755443741252966 0.0 0.0 -0.00961493721152681
0.0 0.0 0.0 0.0 0.0 0.0 0.0 0.0 0.9272499963315347 0.0 -0.15712699370943606 0.0 0.0 0.0 0.0 0.2760734320017674 0.0 -0.19824677193178963 0.0 0.0 -0.0004792832088471571
0.0 0.0 0.0 0.0 0.0 0.0 0.0 0.0 0.846232338538335 0.0 -0.38877635084844636 0.0 0.0 0.0 0.0 0.26586573166737404 0.0 -0.24838517851510716 0.0 0.0 -0.019078628145033923
0.0 0.0 0.0 0.0 0.0 0.0 0.0 0.0 0.8895688513480431 0.0 -0.30540868005074734 0.0 0.0 0.0 0.0 0.15664250015057576 0.0 -0.3013995167034834 0.0 0.0 -0.0037756242486722894
0.0 0.0 0.0 0.0 0.0 0.0 0.0 0.0 0.9096820125110827 0.0 -0.18305503073573015 0.0 0.0 0.0 0.0 0.2275781157999592 0.0 -0.29501501877851455 0.0 0.0 -0.011992987124998931
0.0 0.0 0.0 0.0 0.0 0.0 0.0 0.0 0.982146119289635 0.0 -0.04202758490346771 0.0 0.0 0.0 0.0 0.11829102523430159 0.0 -0.14004727441764606 0.0 0.0 -0.004083717509604873
0.0 0.0 0.0 0.0 0.0 0.0 0.0 0.0 0.9148981460261366 0.0 -0.24160144191601357 0.0 0.0 0.0 0.0 0.12974186495006682 0.0 -0.29578578713405185 0.0 0.0 -0.01636894226299053
0.0 0.0 0.0 0.0 0.0 0.0 0.0 0.0 0.9841763929474378 0.0 -0.06005411146863032 0.0 0.0 0.0 0.0 0.04841304124549079 0.0 -0.15914566770740732 0.0 0.0 -0.010916279036817874
0.0 0.0 0.0 0.0 0.0 0.0 0.0 0.0 0.9228364738315751 0.0 -0.244398004920808 0.0 0.0 0.0 0.0 0.16433863052354275 0.0 -0.2482562815340696 0.0 0.0 -0.0020226105302384007
0.0 0.0 0.0 0.0 0.0 0.0 0.0 0.0 0.9627118673791497 0.0 -0.05885805373111086 0.0 0.0 0.0 0.0 0.2064625115140492 0.0 -0.16443832483202697 0.0 0.0 -0.007406658091469443
0.0 0.0 0.0 0.0 0.0 0.0 0.0 0.0 0.9353968580481311 0.0 -0.11935281769439313 0.0 0.0 0.0 0.0 0.12914243918172066 0.0 -0.3054785131413547 0.0 0.0 -0.02815548389277528
0.0 0.0 0.0 0.0 0.0 0.0 0.0 0.0 0.8763857174758456 0.0 -0.1339517510672841 0.0 0.0 0.0 0.0 0.25931286609242 0.0 -0.3827284154266611 0.0 0.0 -0.01675709086587905
0.0 0.0 0.0 0.0 0.0 0.0 0.0 0.0 0.8786985220948341 0.0 -0.2316980985766878 0.0 0.0 0.0 0.0 0.149477004294976 0.0 -0.389657317465882 0.0 0.0 -0.005357099643878411
0.0 0.0 0.0 0.0 0.0 0.0 0.0 0.0 0.8796402883529932 0.0 -0.17791820962428107 0.0 0.0 0.0 0.0 0.27461790452222357 0.0 -0.3443960308537111 0.0 0.0 -0.023546851984623862
0.0 0.0 0.0 0.0 0.0 0.0 0.0 0.0 0.9307895451334411 0.0 -0.0789944253090898 0.0 0.0 0.0 0.0 0.2659382380761227 0.0 -0.23631262285147703 0.0 0.0 -0.02870368008446542
0.0 0.0 0.0 0.0 0.0 0.0 0.0 0.0 0.8267993070148035 0.0 -0.2185629724623394 0.0 0.0 0.0 0.0 0.1845375275229756 0.0 -0.48361710480813463 0.0 0.0 -0.026334955116193957
0.0 0.0 0.0 0.0 0.0 0.0 0.0 0.0 -0.36474263658456796 0.0 0.7894896316282561 0.0 0.0 0.0 0.0 -0.09021450991559805 0.0 0.48527460127936656 0.0 0.0 0.006231706239748218
0.0 0.0 0.0 0.0 0.0 0.0 0.0 0.0 0.9354626851494454 0.0 -0.24971434283895866 0.0 0.0 0.0 0.0 0.1108833838018563 0.0 -0.22416713094279192 0.0 0.0 -0.0025068456323280924
0.0 0.0 0.0 0.0 0.0 0.0 0.0 0.0 0.9081984848413518 0.0 -0.34005782942936696 0.0 0.0 0.0 0.0 0.1890796351615989 0.0 -0.15408574500788694 0.0 0.0 -0.006531426198131617
0.0 0.0 0.0 0.0 0.0 0.0 0.0 0.0 0.8667276722850851 0.0 -0.2900279108842528 0.0 0.0 0.0 0.0 0.25565443745262817 0.0 -0.3150915082270422 0.0 0.0 -0.005010295139230324
0.0 0.0 0.0 0.0 0.0 0.0 0.0 0.0 0.9464526164911695 0.0 -0.16081816381675867 0.0 0.0 0.0 0.0 0.1813017469066761 0.0 -0.2132494853277141 0.0 0.0 -0.0043927781275588385
0.0 0.0 0.0 0.0 0.0 0.0 0.0 0.0 0.9824595532645318 0.0 -0.005246847404291486 0.0 0.0 0.0 0.0 0.029798563348925864 0.0 -0.18340567762933227 0.0 0.0 -0.014835761768039865
0.0 0.0 0.0 0.0 0.0 0.0 0.0 0.0 0.9318744123978436 0.0 -0.13864702425357173 0.0 0.0 0.0 0.0 0.2748738085283922 0.0 -0.1919137025119139 0.0 0.0 -0.0007761166589944755
0.0 0.0 0.0 0.0 0.0 0.0 0.0 0.0 0.918266273830631 0.0 -0.3519646956959326 0.0 0.0 0.0 0.0 0.05515374904733375 0.0 -0.1728159781850233 0.0 0.0 -0.0007778038668843312
0.0 0.0 0.0 0.0 0.0 0.0 0.0 0.0 0.949958886522583 0.0 -0.13195579829372556 0.0 0.0 0.0 0.0 0.12285362350973382 0.0 -0.25508100160561004 0.0 0.0 -0.002539886581611533
0.0 0.0 0.0 0.0 0.0 0.0 0.0 0.0 0.9477717759147198 0.0 -0.1925488841984134 0.0 0.0 0.0 0.0 0.16621862015297972 0.0 -0.19240136518278553 0.0 0.0 -0.002583208014079585
0.0 0.0 0.0 0.0 0.0 0.0 0.0 0.0 0.9263495958440103 0.0 -0.28276296441976667 0.0 0.0 0.0 0.0 0.17899653703484686 0.0 -0.17283404555445314 0.0 0.0 -0.0031882062351854816
0.0 0.0 0.0 0.0 0.0 0.0 0.0 0.0 0.9664934457919017 0.0 -0.10083464673404073 0.0 0.0 0.0 0.0 0.09587048900445123 0.0 -0.21560006729143852 0.0 0.0 -0.006946479777013249
0.0 0.0 0.0 0.0 0.0 0.0 0.0 0.0 0.9256644378750255 0.0 -0.15516208344365212 0.0 0.0 0.0 0.0 0.23610183187543013 0.0 -0.2516398071820394 0.0 0.0 -0.0018462777121812436
0.0 0.0 0.0 0.0 0.0 0.0 0.0 0.0 0.9168304959477609 0.0 -0.2917037108967989 0.0 0.0 0.0 0.0 0.14078242565051757 0.0 -0.23343471494977447 0.0 0.0 -0.00439650241594844
0.0 0.0 0.0 0.0 0.0 0.0 0.0 0.0 0.953370831071415 0.0 -0.12045108820570437 0.0 0.0 0.0 0.0 0.14998815894295872 0.0 -0.23194909822761073 0.0 0.0 -0.016696161851187694
0.0 0.0 0.0 0.0 0.0 0.0 0.0 0.0 0.9229443909451563 0.0 -0.09610406603760513 0.0 0.0 0.0 0.0 0.1737672149069199 0.0 -0.32972002689510016 0.0 0.0 -0.005226719975323827
0.0 0.0 0.0 0.0 0.0 0.0 0.0 0.0 0.8804819170031151 0.0 -0.23168289326334054 0.0 0.0 0.0 0.0 0.24700077486415337 0.0 -0.331713551700157 0.0 0.0 -0.005600681621205639
0.0 0.0 0.0 0.0 0.0 0.0 0.0 0.0 0.9072994596926677 0.0 -0.18474792194460943 0.0 0.0 0.0 0.0 0.2699995993664708 0.0 -0.2639680384567291 0.0 0.0 -0.009848187335442805
0.0 0.0 0.0 0.0 0.0 0.0 0.0 0.0 0.894726557904603 0.0 -0.2564427363034919 0.0 0.0 0.0 0.0 0.2594330030046079 0.0 -0.2576599848379992 0.0 0.0 -0.002712700251042755
0.0 0.0 0.0 0.0 0.0 0.0 0.0 0.0 0.9110165039234287 0.0 -0.09460987172558 0.0 0.0 0.0 0.0 0.27844072993991514 0.0 -0.28884601014014116 0.0 0.0 -0.011689486209894752
0.0 0.0 0.0 0.0 0.0 0.0 0.0 0.0 0.955336635992644 0.0 -0.19410200408047515 0.0 0.0 0.0 0.0 0.159992060018878 0.0 -0.15510859951734401 0.0 0.0 -0.0004324683641253547
0.0 0.0 0.0 0.0 0.0 0.0 0.0 0.0 0.8754898015947964 0.0 -0.30550365509571925 0.0 0.0 0.0 0.0 0.07487176754633308 0.0 -0.36680341577098796 0.0 0.0 -0.005881889992471249
0.0 0.0 0.0 0.0 0.0 0.0 0.0 0.0 0.8217679975402722 0.0 -0.23867723607575805 0.0 0.0 0.0 0.0 0.2556221498233492 0.0 -0.4491963915400029 0.0 0.0 -0.024707358114898458
0.0 0.0 0.0 0.0 0.0 0.0 0.0 0.0 0.9517449203753744 0.0 -0.20951393000279295 0.0 0.0 0.0 0.0 0.0037148269392263565 0.0 -0.22420185631834416 0.0 0.0 -0.0022907113910597336
0.0 0.0 0.0 0.0 0.0 0.0 0.0 0.0 0.9164209658275392 0.0 -0.3447642673459932 0.0 0.0 0.0 0.0 0.14077844574089604 0.0 -0.14659924045173645 0.0 0.0 -0.0005525095951090966
0.0 0.0 0.0 0.0 0.0 0.0 0.0 0.0 0.9301607077277091 0.0 -0.17243139744702127 0.0 0.0 0.0 0.0 0.22386096796794855 0.0 -0.23420142738675834 0.0 0.0 -0.010219070623727521
0.0 0.0 0.0 0.0 0.0 0.0 0.0 0.0 0.9337079098609569 0.0 -0.07993894800955313 0.0 0.0 0.0 0.0 0.26181920389325253 0.0 -0.23018663694287797 0.0 0.0 -0.016251778359314753
0.0 0.0 0.0 0.0 0.0 0.0 0.0 0.0 0.9362179085250527 0.0 -0.3254010139571945 0.0 0.0 0.0 0.0 0.004338147968486106 0.0 -0.13263202369460603 0.0 0.0 -0.0003669270805305369
0.0 0.0 0.0 0.0 0.0 0.0 0.0 0.0 0.947286533984494 0.0 -0.1475054974810425 0.0 0.0 0.0 0.0 0.20874180604766918 0.0 -0.1930305610270424 0.0 0.0 -0.007510769737971859
0.0 0.0 0.0 0.0 0.0 0.0 0.0 0.0 0.945762248986434 0.0 -0.11942147090640808 0.0 0.0 0.0 0.0 0.07983400067572427 0.0 -0.2910858595919662 0.0 0.0 -0.012955128729084085
0.0 0.0 0.0 0.0 0.0 0.0 0.0 0.0 0.9750425050118937 0.0 -0.1996571357187435 0.0 0.0 0.0 0.0 0.0531850147516061 0.0 -0.08122729717822479 0.0 0.0 -0.0016192515895916493
0.0 0.0 0.0 0.0 0.0 0.0 0.0 0.0 0.9262683138061606 0.0 -0.222901171972151 0.0 0.0 0.0 0.0 0.1415270805585982 0.0 -0.2685733974404668 0.0 0.0 -0.013434806585083756
0.0 0.0 0.0 0.0 0.0 0.0 0.0 0.0 0.852625094317166 0.0 -0.3911612809868437 0.0 0.0 0.0 0.0 0.23726393084667244 0.0 -0.25242742029301485 0.0 0.0 -0.0030863248004901764
0.0 0.0 0.0 0.0 0.0 0.0 0.0 0.0 0.9375920749261366 0.0 -0.25037752499158106 0.0 0.0 0.0 0.0 0.12057620773729365 0.0 -0.20890992987611737 0.0 0.0 -0.007086278405537751
0.0 0.0 0.0 0.0 0.0 0.0 0.0 0.0 0.9387692541059567 0.0 -0.07219226495936187 0.0 0.0 0.0 0.0 0.264203140660055 0.0 -0.20730217355032618 0.0 0.0 -0.026890030346883597
0.0 0.0 0.0 0.0 0.0 0.0 0.0 0.0 0.9350066548784537 0.0 -0.12018877505829138 0.0 0.0 0.0 0.0 0.3048542961248654 0.0 -0.13557147423431146 0.0 0.0 -0.0012029925769549256
0.0 0.0 0.0 0.0 0.0 0.0 0.0 0.0 0.8504773609879817 0.0 -0.2696374003341034 0.0 0.0 0.0 0.0 0.2792068162335475 0.0 -0.35442345172199513 0.0 0.0 -0.020285497927766658
0.0 0.0 0.0 0.0 0.0 0.0 0.0 0.0 0.9610085766339115 0.0 -0.16446112438142205 0.0 0.0 0.0 0.0 0.17088350535832886 0.0 -0.1421297789470737 0.0 0.0 -0.003606623929386564
0.0 0.0 0.0 0.0 0.0 0.0 0.0 0.0 0.9403638390419281 0.0 -0.14544289478313296 0.0 0.0 0.0 0.0 0.04828093370570059 0.0 -0.30319357965124616 0.0 0.0 -0.017459074379769526
0.0 0.0 0.0 0.0 0.0 0.0 0.0 0.0 0.8907990852551719 0.0 -0.15039057507237316 0.0 0.0 0.0 0.0 0.08191629757607867 0.0 -0.4188517596722601 0.0 0.0 -0.04138342964072121
0.0 0.0 0.0 0.0 0.0 0.0 0.0 0.0 0.8974404779817091 0.0 -0.20007815039879576 0.0 0.0 0.0 0.0 0.14598244906949367 0.0 -0.36418970006245005 0.0 0.0 -0.024986179080717714
0.0 0.0 0.0 0.0 0.0 0.0 0.0 0.0 0.8665013983411113 0.0 -0.2509557958100997 0.0 0.0 0.0 0.0 0.27258213804828474 0.0 -0.33441552894093607 0.0 0.0 -0.007857941358781866
0.0 0.0 0.0 0.0 0.0 0.0 0.0 0.0 0.9207475223541128 0.0 -0.09567731409476236 0.0 0.0 0.0 0.0 0.18804178965845358 0.0 -0.3272244721673853 0.0 0.0 -0.025184951919683278
0.0 0.0 0.0 0.0 0.0 0.0 0.0 0.0 0.8578276177492673 0.0 -0.19018803217384814 0.0 0.0 0.0 0.0 0.27327848458122345 0.0 -0.3900761255199163 0.0 0.0 -0.03346306633912718
0.0 0.0 0.0 0.0 0.0 0.0 0.0 0.0 0.8574288278051388 0.0 -0.14412700270789847 0.0 0.0 0.0 0.0 0.23980184032372986 0.0 -0.42987407481939577 0.0 0.0 -0.04179197907091603
0.0 0.0 0.0 0.0 0.0 0.0 0.0 0.0 0.9486637515484808 0.0 -0.21327630930864097 0.0 0.0 0.0 0.0 0.0927653940082722 0.0 -0.21434711707024087 0.0 0.0 -0.00044436900610997316
0.0 0.0 0.0 0.0 0.0 0.0 0.0 0.0 0.8712921112069404 0.0 -0.16082318043479263 0.0 0.0 0.0 0.0 0.279708969982603 0.0 -0.36868716840710347 0.0 0.0 -0.02861163306443951
0.0 0.0 0.0 0.0 0.0 0.0 0.0 0.0 0.9180225020086477 0.0 -0.14216428750641225 0.0 0.0 0.0 0.0 0.18883411570585704 0.0 -0.31828442859820666 0.0 0.0 -0.007791047495473754
0.0 0.0 0.0 0.0 0.0 0.0 0.0 0.0 0.8374857585126904 0.0 -0.3847611277965358 0.0 0.0 0.0 0.0 0.2088824901588993 0.0 -0.32691880216821684 0.0 0.0 -0.008287395192504812
0.0 0.0 0.0 0.0 0.0 0.0 0.0 0.0 0.8733161889335435 0.0 -0.2564197184551452 0.0 0.0 0.0 0.0 0.2584348881466887 0.0 -0.32359676565988826 0.0 0.0 -0.008018976059530608
0.0 0.0 0.0 0.0 0.0 0.0 0.0 0.0 0.9126756251582054 0.0 -0.1282310459783322 0.0 0.0 0.0 0.0 0.2070567094298695 0.0 -0.3276712926310047 0.0 0.0 -0.018413178839698726
0.0 0.0 0.0 0.0 0.0 0.0 0.0 0.0 0.8076121353385171 0.0 -0.3687567709099745 0.0 0.0 0.0 0.0 0.17882019503870392 0.0 -0.4238979343506681 0.0 0.0 -0.01072202693364519
0.0 0.0 0.0 0.0 0.0 0.0 0.0 0.0 0.9373753234232037 0.0 -0.1680756337010964 0.0 0.0 0.0 0.0 0.2136053452348027 0.0 -0.21782797532911796 0.0 0.0 -0.001346864639472381
0.0 0.0 0.0 0.0 0.0 0.0 0.0 0.0 0.9427810186608991 0.0 -0.20394467279551204 0.0 0.0 0.0 0.0 0.2354550992040677 0.0 -0.1188644757677568 0.0 0.0 -0.0016290949351573643
0.0 0.0 0.0 0.0 0.0 0.0 0.0 0.0 0.9358069956774736 0.0 -0.22076870125997305 0.0 0.0 0.0 0.0 0.19610983906923582 0.0 -0.19247303719986744 0.0 0.0 -0.004637710252139128
0.0 0.0 0.0 0.0 0.0 0.0 0.0 0.0 0.8926666859138224 0.0 -0.30093987539143713 0.0 0.0 0.0 0.0 0.20431068815316822 0.0 -0.2661487486998842 0.0 0.0 -0.0018345383299695605
0.0 0.0 0.0 0.0 0.0 0.0 0.0 0.0 0.8539219393527008 0.0 -0.39089076277408374 0.0 0.0 0.0 0.0 0.028064553873513896 0.0 -0.3423922703952351 0.0 0.0 -0.0012833781571641942
0.0 0.0 0.0 0.0 0.0 0.0 0.0 0.0 0.8527241844000024 0.0 -0.26875468094125865 0.0 0.0 0.0 0.0 0.16433720137696362 0.0 -0.41643478464106465 0.0 0.0 -0.01441322989653065
0.0 0.0 0.0 0.0 0.0 0.0 0.0 0.0 0.9162631500383114 0.0 -0.2047878129530813 0.0 0.0 0.0 0.0 0.12824081732743137 0.0 -0.31868501419947914 0.0 0.0 -0.02275842796931994
0.0 0.0 0.0 0.0 0.0 0.0 0.0 0.0 0.941528118267257 0.0 -0.09795187132441487 0.0 0.0 0.0 0.0 0.15612312405503556 0.0 -0.28022447503381986 0.0 0.0 -0.03209434753160592
0.0 0.0 0.0 0.0 0.0 0.0 0.0 0.0 0.8509686802594494 0.0 -0.205219299213965 0.0 0.0 0.0 0.0 0.2552793367509947 0.0 -0.4087278817594366 0.0 0.0 -0.03887574241138409
0.0 0.0 0.0 0.0 0.0 0.0 0.0 0.0 0.883622021683267 0.0 -0.16266159287096052 0.0 0.0 0.0 0.0 0.22061953970625084 0.0 -0.3789830563804397 0.0 0.0 -0.021264775507873004
