0.0 0.0 0.0 0.31622774845649143 0.0 -8.906714158685901e-05 0.0 0.0 0.0 0.0 0.0 0.0 -0.9486832453694742 0.0 0.00017813428317371802 0.0 0.0 0.0 0.0 0.00026720142476057703 0.0
0.0 0.0 0.0 0.31622771395032573 0.0 -0.00015336639369058992 0.0 0.0 0.0 0.0 0.0 0.0 -0.948683141850977 0.0 0.00030673278738117983 0.0 0.0 0.0 0.0 0.0004600991810717698 0.0
0.0 0.0 0.0 0.31622771388483584 0.0 -0.00015346281639954228 0.0 0.0 0.0 0.0 0.0 0.0 -0.9486831416545075 0.0 0.00030692563279908456 0.0 0.0 0.0 0.0 0.0004603884491986268 0.0
0.0 0.0 0.0 -0.3162276905346297 0.0 0.0001846601791681832 0.0 0.0 0.0 0.0 0.0 0.0 0.948683071603889 0.0 -0.0003693203583363664 0.0 0.0 0.0 0.0 -0.0005539805375045496 0.0
0.0 0.0 0.0 0.31622769624165226 0.0 -0.00017754214250722476 0.0 0.0 0.0 0.0 0.0 0.0 -0.9486830887249568 0.0 0.0003550842850144495 0.0 0.0 0.0 0.0 0.0005326264275216742 0.0
0.0 0.0 0.0 0.31622769066680134 0.0 -0.0001844984356024622 0.0 0.0 0.0 0.0 0.0 0.0 -0.9486830720004039 0.0 0.0003689968712049244 0.0 0.0 0.0 0.0 0.0005534953068073867 0.0
0.0 0.0 0.0 -0.316227696389196 0.0 0.00017735433155460157 0.0 0.0 0.0 0.0 0.0 0.0 0.9486830891675879 0.0 -0.00035470866310920315 0.0 0.0 0.0 0.0 -0.0005320629946638047 0.0
0.0 0.0 0.0 0.3162276964613397 0.0 -0.0001772624262091332 0.0 0.0 0.0 0.0 0.0 0.0 -0.9486830893840189 0.0 0.0003545248524182664 0.0 0.0 0.0 0.0 0.0005317872786273996 0.0
0.0 0.0 0.0 0.31622769040906246 0.0 -0.0001848137095717266 0.0 0.0 0.0 0.0 0.0 0.0 -0.9486830712271873 0.0 0.0003696274191434532 0.0 0.0 0.0 0.0 0.0005544411287151798 0.0
0.0 0.0 0.0 0.3162276463593929 0.0 -0.00023249884600236388 0.0 0.0 0.0 0.0 0.0 0.0 -0.9486829390781787 0.0 0.00046499769200472775 0.0 0.0 0.0 0.0 0.0006974965380070916 0.0
0.0 0.0 0.0 -0.31622733051533874 0.0 0.00044355313957951945 0.0 0.0 0.0 0.0 0.0 0.0 0.9486819915460163 0.0 -0.0008871062791590389 0.0 0.0 0.0 0.0 -0.0013306594187385582 0.0
0.0 0.0 0.0 0.316227645957679 0.0 -0.0002328887914168218 0.0 0.0 0.0 0.0 0.0 0.0 -0.948682937873037 0.0 0.0004657775828336436 0.0 0.0 0.0 0.0 0.0006986663742504655 0.0
0.0 0.0 0.0 -0.3162273299311293 0.0 0.0004438505449074702 0.0 0.0 0.0 0.0 0.0 0.0 0.9486819897933879 0.0 -0.0008877010898149404 0.0 0.0 0.0 0.0 -0.0013315516347224107 0.0
0.0 0.0 0.0 0.31622764607084564 0.0 -0.00023277900616590762 0.0 0.0 0.0 0.0 0.0 0.0 -0.9486829382125368 0.0 0.00046555801233181523 0.0 0.0 0.0 0.0 0.0006983370184977228 0.0
0.0 0.0 0.0 0.31622776569955086 0.0 -1.1972289680396029e-05 0.0 0.0 0.0 0.0 0.0 0.0 -0.9486832970986524 0.0 2.3944579360792058e-05 0.0 0.0 0.0 0.0 3.5916869041188085e-05 0.0
0.0 0.0 0.0 0.31622774676553833 0.0 -9.325690544490756e-05 0.0 0.0 0.0 0.0 0.0 0.0 -0.948683240296615 0.0 0.00018651381088981511 0.0 0.0 0.0 0.0 0.00027977071633472265 0.0
0.0 0.0 0.0 0.31622774725630065 0.0 -9.206055941057114e-05 0.0 0.0 0.0 0.0 0.0 0.0 -0.948683241768902 0.0 0.00018412111882114228 0.0 0.0 0.0 0.0 0.00027618167823171343 0.0
0.0 0.0 0.0 0.3162277469013049 0.0 -9.292748423965646e-05 0.0 0.0 0.0 0.0 0.0 0.0 -0.9486832407039145 0.0 0.0001858549684793129 0.0 0.0 0.0 0.0 0.00027878245271896934 0.0
0.0 0.0 0.0 0.3162277606260528 0.0 -4.934884493723554e-05 0.0 0.0 0.0 0.0 0.0 0.0 -0.9486832818781583 0.0 9.869768987447107e-05 0.0 0.0 0.0 0.0 0.00014804653481170665 0.0
0.0 0.0 0.0 0.31622774700741874 0.0 -9.266919657279777e-05 0.0 0.0 0.0 0.0 0.0 0.0 -0.9486832410222561 0.0 0.00018533839314559554 0.0 0.0 0.0 0.0 0.0002780075897183933 0.0
0.0 0.0 0.0 -0.31622776072711817 0.0 4.888406496635378e-05 0.0 0.0 0.0 0.0 0.0 0.0 0.9486832821813544 0.0 -9.776812993270755e-05 0.0 0.0 0.0 0.0 -0.00014665219489906134 0.0
0.0 0.0 0.0 -0.3162277608442301 0.0 4.8339901043934254e-05 0.0 0.0 0.0 0.0 0.0 0.0 0.9486832825326903 0.0 -9.667980208786851e-05 0.0 0.0 0.0 0.0 -0.00014501970313180276 0.0
0.0 0.0 0.0 -0.3162277473047479 0.0 9.194161387607118e-05 0.0 0.0 0.0 0.0 0.0 0.0 0.9486832419142437 0.0 -0.00018388322775214237 0.0 0.0 0.0 0.0 -0.00027582484162821355 0.0
0.0 0.0 0.0 0.31622776058434254 0.0 -4.9539390992120504e-05 0.0 0.0 0.0 0.0 0.0 0.0 -0.9486832817530274 0.0 9.907878198424101e-05 0.0 0.0 0.0 0.0 0.00014861817297636153 0.0
0.0 0.0 0.0 0.31622775110113976 0.0 -8.208669470123423e-05 0.0 0.0 0.0 0.0 0.0 0.0 -0.9486832533034191 0.0 0.00016417338940246846 0.0 0.0 0.0 0.0 0.0002462600841037027 0.0
0.0 0.0 0.0 0.3162277479721359 0.0 -9.028712644967637e-05 0.0 0.0 0.0 0.0 0.0 0.0 -0.9486832439164077 0.0 0.00018057425289935274 0.0 0.0 0.0 0.0 0.0002708613793490291 0.0
0.0 0.0 0.0 0.3162277474226359 0.0 -9.165153577097288e-05 0.0 0.0 0.0 0.0 0.0 0.0 -0.9486832422679077 0.0 0.00018330307154194576 0.0 0.0 0.0 0.0 0.0002749546073129187 0.0
0.0 0.0 0.0 0.31622776065023345 0.0 -4.923804182346579e-05 0.0 0.0 0.0 0.0 0.0 0.0 -0.9486832819507004 0.0 9.847608364693158e-05 0.0 0.0 0.0 0.0 0.00014771412547039735 0.0
0.0 0.0 0.0 -0.31622774794540337 0.0 9.035398011859577e-05 0.0 0.0 0.0 0.0 0.0 0.0 0.9486832438362103 0.0 -0.00018070796023719155 0.0 0.0 0.0 0.0 -0.0002710619403557873 0.0
0.0 0.0 0.0 0.3162277470209777 0.0 -9.263614141812158e-05 0.0 0.0 0.0 0.0 0.0 0.0 -0.948683241062933 0.0 0.00018527228283624317 0.0 0.0 0.0 0.0 0.00027790842425436476 0.0
0.0 0.0 0.0 0.31622775110314055 0.0 -8.208118888292096e-05 0.0 0.0 0.0 0.0 0.0 0.0 -0.9486832533094217 0.0 0.00016416237776584191 0.0 0.0 0.0 0.0 0.0002462435666487629 0.0
0.0 0.0 0.0 0.3162277510656178 0.0 -8.218438179663494e-05 0.0 0.0 0.0 0.0 0.0 0.0 -0.9486832531968534 0.0 0.00016436876359326988 0.0 0.0 0.0 0.0 0.0002465531453899048 0.0
0.0 0.0 0.0 0.31622774641630125 0.0 -9.409898852733753e-05 0.0 0.0 0.0 0.0 0.0 0.0 -0.9486832392489036 0.0 0.00018819797705467507 0.0 0.0 0.0 0.0 0.0002822969655820126 0.0
0.0 0.0 0.0 -0.3162277578659423 0.0 6.0681127638453853e-05 0.0 0.0 0.0 0.0 0.0 0.0 0.948683273597827 0.0 -0.00012136225527690771 0.0 0.0 0.0 0.0 -0.0001820433829153616 0.0
0.0 0.0 0.0 0.3162277608328555 0.0 -4.839302183210793e-05 0.0 0.0 0.0 0.0 0.0 0.0 -0.9486832824985663 0.0 9.678604366421586e-05 0.0 0.0 0.0 0.0 0.00014517906549632378 0.0
0.0 0.0 0.0 0.3162277607833563 0.0 -4.8623512662545315e-05 0.0 0.0 0.0 0.0 0.0 0.0 -0.9486832823500689 0.0 9.724702532509063e-05 0.0 0.0 0.0 0.0 0.00014587053798763595 0.0
0.0 0.0 0.0 0.31622776057036733 0.0 -4.96030705379707e-05 0.0 0.0 0.0 0.0 0.0 0.0 -0.9486832817111019 0.0 9.92061410759414e-05 0.0 0.0 0.0 0.0 0.00014880921161391212 0.0
0.0 0.0 0.0 0.31622774875590753 0.0 -8.830454850958809e-05 0.0 0.0 0.0 0.0 0.0 0.0 -0.9486832462677226 0.0 0.00017660909701917618 0.0 0.0 0.0 0.0 0.00026491364552876426 0.0
0.0 0.0 0.0 0.31622774884791993 0.0 -8.806887265463913e-05 0.0 0.0 0.0 0.0 0.0 0.0 -0.9486832465437598 0.0 0.00017613774530927825 0.0 0.0 0.0 0.0 0.00026420661796391735 0.0
0.0 0.0 0.0 -0.31622775041569917 0.0 8.395162846337639e-05 0.0 0.0 0.0 0.0 0.0 0.0 0.9486832512470974 0.0 -0.00016790325692675278 0.0 0.0 0.0 0.0 -0.0002518548853901292 0.0
0.0 0.0 0.0 -0.31622773693952444 0.0 0.0001146114771017479 0.0 0.0 0.0 0.0 0.0 0.0 0.9486832108185732 0.0 -0.0002292229542034958 0.0 0.0 0.0 0.0 -0.00034383443130524364 0.0
0.0 0.0 0.0 -0.31622774567766004 0.0 9.585563983022572e-05 0.0 0.0 0.0 0.0 0.0 0.0 0.9486832370329801 0.0 -0.00019171127966045143 0.0 0.0 0.0 0.0 -0.0002875669194906771 0.0
0.0 0.0 0.0 0.31622775040198997 0.0 -8.39885056703925e-05 0.0 0.0 0.0 0.0 0.0 0.0 -0.94868325120597 0.0 0.000167977011340785 0.0 0.0 0.0 0.0 0.0002519655170111775 0.0
0.0 0.0 0.0 0.3162277368988222 0.0 -0.00011469166515697902 0.0 0.0 0.0 0.0 0.0 0.0 -0.9486832106964667 0.0 0.00022938333031395804 0.0 0.0 0.0 0.0 0.0003440749954709371 0.0
0.0 0.0 0.0 0.31622773700227474 0.0 -0.00011448774164673359 0.0 0.0 0.0 0.0 0.0 0.0 -0.9486832110068243 0.0 0.00022897548329346717 0.0 0.0 0.0 0.0 0.00034346322494020076 0.0
0.0 0.0 0.0 0.31622773685381517 0.0 -0.00011478026900608356 0.0 0.0 0.0 0.0 0.0 0.0 -0.9486832105614456 0.0 0.00022956053801216712 0.0 0.0 0.0 0.0 0.0003443408070182507 0.0
0.0 0.0 0.0 0.3162277367942932 0.0 -0.00011489734300493688 0.0 0.0 0.0 0.0 0.0 0.0 -0.9486832103828797 0.0 0.00022979468600987376 0.0 0.0 0.0 0.0 0.00034469202901481064 0.0
0.0 0.0 0.0 0.3162277368933348 0.0 -0.0001147024718039093 0.0 0.0 0.0 0.0 0.0 0.0 -0.9486832106800043 0.0 0.0002294049436078186 0.0 0.0 0.0 0.0 0.00034410741541172793 0.0
0.0 0.0 0.0 0.3162276958884733 0.0 -0.00017799090518288776 0.0 0.0 0.0 0.0 0.0 0.0 -0.9486830876654199 0.0 0.0003559818103657755 0.0 0.0 0.0 0.0 0.0005339727155486634 0.0
0.0 0.0 0.0 0.31622774519796215 0.0 -9.697942618517333e-05 0.0 0.0 0.0 0.0 0.0 0.0 -0.9486832355938863 0.0 0.00019395885237034666 0.0 0.0 0.0 0.0 0.00029093827855552 0.0
0.0 0.0 0.0 0.3162277008062056 0.0 -0.00017163670297587686 0.0 0.0 0.0 0.0 0.0 0.0 -0.9486831024186165 0.0 0.0003432734059517537 0.0 0.0 0.0 0.0 0.0005149101089276305 0.0
0.0 0.0 0.0 0.3162277127337409 0.0 -0.00015514782503801982 0.0 0.0 0.0 0.0 0.0 0.0 -0.9486831382012226 0.0 0.00031029565007603964 0.0 0.0 0.0 0.0 0.00046544347511405943 0.0
0.0 0.0 0.0 -0.3162273332589646 0.0 0.0004421537577951426 0.0 0.0 0.0 0.0 0.0 0.0 0.9486819997768938 0.0 -0.0008843075155902852 0.0 0.0 0.0 0.0 -0.0013264612733854277 0.0
0.0 0.0 0.0 -0.31622774398484016 0.0 9.976493214418575e-05 0.0 0.0 0.0 0.0 0.0 0.0 0.9486832319545205 0.0 -0.0001995298642883715 0.0 0.0 0.0 0.0 -0.00029929479643255724 0.0
0.0 0.0 0.0 -0.31622774459170394 0.0 9.838134281423726e-05 0.0 0.0 0.0 0.0 0.0 0.0 0.9486832337751118 0.0 -0.00019676268562847452 0.0 0.0 0.0 0.0 -0.0002951440284427118 0.0
0.0 0.0 0.0 -0.3162277077696595 0.0 0.00016221402719191668 0.0 0.0 0.0 0.0 0.0 0.0 0.9486831233089783 0.0 -0.00032442805438383335 0.0 0.0 0.0 0.0 -0.00048664208157575003 0.0
0.0 0.0 0.0 -0.3162276469594382 0.0 0.00023191515829090772 0.0 0.0 0.0 0.0 0.0 0.0 0.9486829408783147 0.0 -0.00046383031658181543 0.0 0.0 0.0 0.0 -0.0006957454748727232 0.0
0.0 0.0 0.0 -0.3162276478588113 0.0 0.00023103754126720344 0.0 0.0 0.0 0.0 0.0 0.0 0.9486829435764338 0.0 -0.0004620750825344069 0.0 0.0 0.0 0.0 -0.0006931126238016104 0.0
0.0 0.0 0.0 -0.31622774517601476 0.0 9.703053090393877e-05 0.0 0.0 0.0 0.0 0.0 0.0 0.9486832355280441 0.0 -0.00019406106180787754 0.0 0.0 0.0 0.0 -0.0002910915927118163 0.0
0.0 0.0 0.0 -0.3162277449957372 0.0 9.744929463147867e-05 0.0 0.0 0.0 0.0 0.0 0.0 0.9486832349872114 0.0 -0.00019489858926295735 0.0 0.0 0.0 0.0 -0.00029234788389443604 0.0
0.0 0.0 0.0 -0.31622771269298344 0.0 0.00015520715175212265 0.0 0.0 0.0 0.0 0.0 0.0 0.9486831380789503 0.0 -0.0003104143035042453 0.0 0.0 0.0 0.0 -0.00046562145525636797 0.0
0.0 0.0 0.0 -0.3162277081395454 0.0 0.0001616981546897424 0.0 0.0 0.0 0.0 0.0 0.0 0.9486831244186361 0.0 -0.0003233963093794848 0.0 0.0 0.0 0.0 -0.00048509446406922715 0.0
0.0 0.0 0.0 -0.3162277100939458 0.0 0.0001589445981256346 0.0 0.0 0.0 0.0 0.0 0.0 0.9486831302818374 0.0 -0.0003178891962512692 0.0 0.0 0.0 0.0 -0.0004768337943769038 0.0
0.0 0.0 0.0 0.3162273268370083 0.0 -0.0004454223677002882 0.0 0.0 0.0 0.0 0.0 0.0 -0.948681980511025 0.0 0.0008908447354005764 0.0 0.0 0.0 0.0 0.0013362671031008646 0.0
0.0 0.0 0.0 0.3162276473300513 0.0 -0.0002315539133380796 0.0 0.0 0.0 0.0 0.0 0.0 -0.9486829419901538 0.0 0.0004631078266761592 0.0 0.0 0.0 0.0 0.0006946617400142388 0.0
0.0 0.0 0.0 0.31622770505284725 0.0 -0.00016595397264694317 0.0 0.0 0.0 0.0 0.0 0.0 -0.9486831151585418 0.0 0.00033190794529388635 0.0 0.0 0.0 0.0 0.0004978619179408295 0.0
0.0 0.0 0.0 0.3162273336493002 0.0 -0.0004419543077294812 0.0 0.0 0.0 0.0 0.0 0.0 -0.9486820009479006 0.0 0.0008839086154589624 0.0 0.0 0.0 0.0 0.0013258629231884438 0.0
0.0 0.0 0.0 0.316227697751008 0.0 -0.00017561137525766709 0.0 0.0 0.0 0.0 0.0 0.0 -0.9486830932530239 0.0 0.00035122275051533417 0.0 0.0 0.0 0.0 0.0005268341257730012 0.0
0.0 0.0 0.0 0.3162273274127475 0.0 -0.0004451303107973516 0.0 0.0 0.0 0.0 0.0 0.0 -0.9486819822382424 0.0 0.0008902606215947031 0.0 0.0 0.0 0.0 0.0013353909323920547 0.0
0.0 0.0 0.0 0.31622764702012474 0.0 -0.00023185604429364854 0.0 0.0 0.0 0.0 0.0 0.0 -0.9486829410603742 0.0 0.0004637120885872971 0.0 0.0 0.0 0.0 0.0006955681328809456 0.0
0.0 0.0 0.0 0.31622770118399307 0.0 -0.00017113880587397667 0.0 0.0 0.0 0.0 0.0 0.0 -0.948683103551979 0.0 0.00034227761174795334 0.0 0.0 0.0 0.0 0.00051341641762193 0.0
0.0 0.0 0.0 0.31622771164427116 0.0 -0.00015672593846469487 0.0 0.0 0.0 0.0 0.0 0.0 -0.9486831349328134 0.0 0.00031345187692938974 0.0 0.0 0.0 0.0 0.0004701778153940846 0.0
0.0 0.0 0.0 0.3162277014387486 0.0 -0.00017080223664161115 0.0 0.0 0.0 0.0 0.0 0.0 -0.9486831043162459 0.0 0.0003416044732832223 0.0 0.0 0.0 0.0 0.0005124067099248335 0.0
0.0 0.0 0.0 0.3162277436449129 0.0 -0.00010053161276642429 0.0 0.0 0.0 0.0 0.0 0.0 -0.9486832309347387 0.0 0.00020106322553284858 0.0 0.0 0.0 0.0 0.00030159483829927285 0.0
0.0 0.0 0.0 0.3162277026712495 0.0 -0.00016916446737963475 0.0 0.0 0.0 0.0 0.0 0.0 -0.9486831080137483 0.0 0.0003383289347592695 0.0 0.0 0.0 0.0 0.0005074934021389043 0.0
0.0 0.0 0.0 0.316227709498295 0.0 -0.0001597888382804053 0.0 0.0 0.0 0.0 0.0 0.0 -0.9486831284948849 0.0 0.0003195776765608106 0.0 0.0 0.0 0.0 0.00047936651484121594 0.0
0.0 0.0 0.0 0.3162277446038957 0.0 -9.835334757582093e-05 0.0 0.0 0.0 0.0 0.0 0.0 -0.9486832338116868 0.0 0.00019670669515164187 0.0 0.0 0.0 0.0 0.00029506004272746283 0.0
0.0 0.0 0.0 0.3162277434559959 0.0 -0.0001009551840090569 0.0 0.0 0.0 0.0 0.0 0.0 -0.9486832303679877 0.0 0.0002019103680181138 0.0 0.0 0.0 0.0 0.00030286555202717075 0.0
0.0 0.0 0.0 0.31622771499184626 0.0 -0.0001518247008082597 0.0 0.0 0.0 0.0 0.0 0.0 -0.9486831449755386 0.0 0.0003036494016165194 0.0 0.0 0.0 0.0 0.00045547410242477914 0.0
0.0 0.0 0.0 0.3162277431602033 0.0 -0.00010161483485613149 0.0 0.0 0.0 0.0 0.0 0.0 -0.9486832294806097 0.0 0.00020322966971226297 0.0 0.0 0.0 0.0 0.00030484450456839447 0.0
0.0 0.0 0.0 0.3162276472888666 0.0 -0.00023159408482594765 0.0 0.0 0.0 0.0 0.0 0.0 -0.9486829418665998 0.0 0.0004631881696518953 0.0 0.0 0.0 0.0 0.000694782254477843 0.0
0.0 0.0 0.0 -0.31622770091969893 0.0 0.00017148727871313954 0.0 0.0 0.0 0.0 0.0 0.0 0.9486831027590966 0.0 -0.0003429745574262791 0.0 0.0 0.0 0.0 -0.0005144618361394187 0.0
0.0 0.0 0.0 -0.3162277112877317 0.0 0.00015723895151895556 0.0 0.0 0.0 0.0 0.0 0.0 0.948683133863195 0.0 -0.0003144779030379111 0.0 0.0 0.0 0.0 -0.00047171685455686663 0.0
0.0 0.0 0.0 -0.31622733241192386 0.0 0.00044258626167172635 0.0 0.0 0.0 0.0 0.0 0.0 0.9486819972357715 0.0 -0.0008851725233434527 0.0 0.0 0.0 0.0 -0.0013277587850151792 0.0
0.0 0.0 0.0 0.316227743723078 0.0 -0.0001003558357913611 0.0 0.0 0.0 0.0 0.0 0.0 -0.948683231169234 0.0 0.0002007116715827222 0.0 0.0 0.0 0.0 0.0003010675073740833 0.0
0.0 0.0 0.0 0.31622771177965003 0.0 -0.00015653070586580932 0.0 0.0 0.0 0.0 0.0 0.0 -0.94868313533895 0.0 0.00031306141173161864 0.0 0.0 0.0 0.0 0.0004695921175974279 0.0
0.0 0.0 0.0 0.31622771043251796 0.0 -0.00015846272114538253 0.0 0.0 0.0 0.0 0.0 0.0 -0.9486831312975539 0.0 0.00031692544229076507 0.0 0.0 0.0 0.0 0.00047538816343614763 0.0
0.0 0.0 0.0 0.31622770282857277 0.0 -0.0001689542708497161 0.0 0.0 0.0 0.0 0.0 0.0 -0.9486831084857182 0.0 0.0003379085416994322 0.0 0.0 0.0 0.0 0.0005068628125491483 0.0
0.0 0.0 0.0 0.31622770955021967 0.0 -0.00015971542092156943 0.0 0.0 0.0 0.0 0.0 0.0 -0.9486831286506588 0.0 0.00031943084184313887 0.0 0.0 0.0 0.0 0.0004791462627647083 0.0
0.0 0.0 0.0 0.3162277040079067 0.0 -0.00016737017951115127 0.0 0.0 0.0 0.0 0.0 0.0 -0.9486831120237199 0.0 0.00033474035902230254 0.0 0.0 0.0 0.0 0.0005021105385334538 0.0
0.0 0.0 0.0 0.3162277146202124 0.0 -0.00015237659530878265 0.0 0.0 0.0 0.0 0.0 0.0 -0.948683143860637 0.0 0.0003047531906175653 0.0 0.0 0.0 0.0 0.0004571297859263479 0.0
0.0 0.0 0.0 0.31622770399076716 0.0 -0.00016739330874561276 0.0 0.0 0.0 0.0 0.0 0.0 -0.9486831119723015 0.0 0.0003347866174912255 0.0 0.0 0.0 0.0 0.0005021799262368383 0.0
0.0 0.0 0.0 0.31622770215593443 0.0 -0.00016985114832300072 0.0 0.0 0.0 0.0 0.0 0.0 -0.9486831064678033 0.0 0.00033970229664600143 0.0 0.0 0.0 0.0 0.0005095534449690021 0.0
0.0 0.0 0.0 0.31622770936507133 0.0 -0.00015997705189205386 0.0 0.0 0.0 0.0 0.0 0.0 -0.9486831280952139 0.0 0.0003199541037841077 0.0 0.0 0.0 0.0 0.0004799311556761615 0.0
0.0 0.0 0.0 0.31622770470018047 0.0 -0.00016643328888410634 0.0 0.0 0.0 0.0 0.0 0.0 -0.9486831141005412 0.0 0.0003328665777682127 0.0 0.0 0.0 0.0 0.0004992998666523191 0.0
0.0 0.0 0.0 0.3162273325006068 0.0 -0.0004425409994695494 0.0 0.0 0.0 0.0 0.0 0.0 -0.9486819975018203 0.0 0.0008850819989390988 0.0 0.0 0.0 0.0 0.0013276229984086484 0.0
0.0 0.0 0.0 0.31622771012149264 0.0 -0.0001589054463232759 0.0 0.0 0.0 0.0 0.0 0.0 -0.9486831303644779 0.0 0.0003178108926465518 0.0 0.0 0.0 0.0 0.00047671633896982776 0.0
0.0 0.0 0.0 0.3162277134629962 0.0 -0.00015408245741561658 0.0 0.0 0.0 0.0 0.0 0.0 -0.9486831403889886 0.0 0.00030816491483123316 0.0 0.0 0.0 0.0 0.0004622473722468497 0.0
0.0 0.0 0.0 0.316227697902843 0.0 -0.00017541597151298445 0.0 0.0 0.0 0.0 0.0 0.0 -0.9486830937085288 0.0 0.0003508319430259689 0.0 0.0 0.0 0.0 0.0005262479145389533 0.0
0.0 0.0 0.0 0.3162277011471678 0.0 -0.0001711874026555279 0.0 0.0 0.0 0.0 0.0 0.0 -0.9486831034415032 0.0 0.0003423748053110558 0.0 0.0 0.0 0.0 0.0005135622079665837 0.0
