0.0 0.0 -0.4991397148894091 0.0 0.24183401205628896 0.0 0.0 0.18325317890516404 0.0 -0.12583859809052975 0.0 0.0003218381281742531 0.0 0.7719202211422674 0.0 0.0 0.2159313839348805 0.0 0.021713620805832338 0.0 0.0
0.0 0.0 0.019322826893294762 0.0 0.4892148080351542 0.0 0.0 0.11408659613403316 0.0 0.533218517106694 0.0 -0.3778970183617563 0.0 -0.3780656882482129 0.0 0.0 -0.3718655720038476 0.0 0.19731684367538943 0.0 0.0
0.0 0.0 -0.6463746519554439 0.0 0.13040452570306724 0.0 0.0 -0.26630290467583784 0.0 0.008152358330362756 0.0 -0.0037596702599047723 0.0 -0.3087146324366671 0.0 0.0 -0.21729598298381833 0.0 0.5930213886350378 0.0 0.0
0.0 0.0 0.13303874481866007 0.0 -0.37355783278883664 0.0 0.0 -0.6280871180712488 0.0 -0.15774438851171885 0.0 0.4676021671777487 0.0 -0.22812335564818717 0.0 0.0 0.3687159784655325 0.0 -0.12936380107235726 0.0 0.0
0.0 0.0 0.43082913956514546 0.0 -0.2648339977486764 0.0 0.0 0.1453860121398646 0.0 -0.5096728085347213 0.0 0.009283582060490018 0.0 0.2394343712884731 0.0 0.0 0.5605184176426066 0.0 -0.3029023642787476 0.0 0.0
0.0 0.0 0.4515589127412518 0.0 -0.16751617876935812 0.0 0.0 -0.39829152574023874 0.0 0.27081749371066 0.0 0.0538706367071688 0.0 -0.6412062897349847 0.0 0.0 -0.33091128280116716 0.0 -0.11182484168638594 0.0 0.0
0.0 0.0 -0.4953349944554214 0.0 0.026981307039992942 0.0 0.0 0.2530119856067984 0.0 -0.004751497370967069 0.0 -0.029715694443200585 0.0 0.6260000231444713 0.0 0.0 0.531704931253817 0.0 0.12003510052294564 0.0 0.0
0.0 0.0 0.769570060246495 0.0 -0.07238358884036035 0.0 0.0 -0.13372858840345317 0.0 -0.14640274901154593 0.0 -0.05417411643381941 0.0 0.26231012648799884 0.0 0.0 0.345715146434511 0.0 -0.4146625596078181 0.0 0.0
0.0 0.0 0.4534265179883951 0.0 -0.13846909121726667 0.0 0.0 -0.5533977976437553 0.0 0.28152694683861557 0.0 0.04030753489622809 0.0 0.274818850883084 0.0 0.0 -0.43002244461510103 0.0 -0.3572880606545585 0.0 0.0
0.0 0.0 -0.5316894733864761 0.0 0.24688118993385835 0.0 0.0 0.2015624805364768 0.0 -0.2455753239474036 0.0 0.0024084047790931076 0.0 0.4349576488600658 0.0 0.0 0.5729518606366504 0.0 0.1948166248873744 0.0 0.0
0.0 0.0 0.06946339671767641 0.0 -0.358167304658063 0.0 0.0 -0.5981689971336125 0.0 -0.6018278008858352 0.0 0.32231223071366333 0.0 -0.016961292242085996 0.0 0.0 0.20010086061633686 0.0 -0.05171995183650923 0.0 0.0
0.0 0.0 -0.0016544654393358075 0.0 -0.1201816252002818 0.0 0.0 -0.19374903410868974 0.0 0.42293658184431165 0.0 0.7547365950697384 0.0 -0.19121165286531974 0.0 0.0 -0.3916747224625915 0.0 -0.09767951107079975 0.0 0.0
0.0 0.0 0.36775573702078346 0.0 -0.21154810071963434 0.0 0.0 0.3793497753263535 0.0 -0.6509836927430054 0.0 0.012770199512020712 0.0 -0.26777120432447377 0.0 0.0 0.40534673071162475 0.0 -0.12706939345563467 0.0 0.0
0.0 0.0 0.8186444629077864 0.0 -0.3648506889955814 0.0 0.0 0.2024205530457467 0.0 -0.0692980159283432 0.0 -0.15022424792574252 0.0 0.33247289020125237 0.0 0.0 -0.03547550614521236 0.0 -0.12870456038164543 0.0 0.0
0.0 0.0 -0.04777190127007638 0.0 -0.08846335358264842 0.0 0.0 -0.06095790853230686 0.0 -0.40238454761713177 0.0 0.4404800832380657 0.0 -0.21402758050292447 0.0 0.0 0.482839403640444 0.0 -0.5927043876124657 0.0 0.0
0.0 0.0 0.11142176347549647 0.0 -0.014387234564729632 0.0 0.0 0.2767793320678512 0.0 -0.019675381840234665 0.0 0.12800650347151815 0.0 -0.8949424914881408 0.0 0.0 -0.3011506810387072 0.0 -0.04883459944571265 0.0 0.0
0.0 0.0 0.05495507992088951 0.0 -0.11793486659396733 0.0 0.0 -0.3299135704932028 0.0 -0.4634246735924048 0.0 0.42007919029610624 0.0 -0.6482880000948014 0.0 0.0 -0.0892433627946413 0.0 -0.2340035883333968 0.0 0.0
0.0 0.0 -0.6551220877871937 0.0 0.23210467987126562 0.0 0.0 0.14027604343249075 0.0 -0.5204015353511271 0.0 -0.0009968332721922452 0.0 0.2978947384137203 0.0 0.0 0.36294122794835404 0.0 0.07732229641255342 0.0 0.0
0.0 0.0 0.03478834593881992 0.0 -0.02648721134180198 0.0 0.0 0.3038250910660672 0.0 0.19576822095406898 0.0 0.2879378863877497 0.0 -0.8193459916033429 0.0 0.0 0.2916536710572934 0.0 -0.16779562601642742 0.0 0.0
0.0 0.0 -0.1310552770450441 0.0 0.13417840870843412 0.0 0.0 0.5322506734177498 0.0 0.44886107650962476 0.0 -0.26771844714996623 0.0 0.5292562173898747 0.0 0.0 -0.35353750828174174 0.0 0.057267296808927476 0.0 0.0
0.0 0.0 -0.13939082193202257 0.0 0.013484778072331676 0.0 0.0 -0.32546557404862736 0.0 0.03940778006901207 0.0 -0.16815255710089427 0.0 0.8434495831817951 0.0 0.0 -0.2711167845984212 0.0 0.2443783005517986 0.0 0.0
0.0 0.0 0.4405314042329345 0.0 -0.35244439047087905 0.0 0.0 0.308576068093005 0.0 -0.6065578811930952 0.0 0.02980163864073936 0.0 -0.45218689731037737 0.0 0.0 0.11220061336510362 0.0 -0.025164957154922774 0.0 0.0
0.0 0.0 0.5556949499807238 0.0 -0.4883327562750025 0.0 0.0 0.12569687191008325 0.0 -0.49879922662009274 0.0 0.0045822477166864335 0.0 -0.42998300365075004 0.0 0.0 0.05672706606503793 0.0 -0.0030869374778886103 0.0 0.0
0.0 0.0 0.14886605003310674 0.0 -0.07577530812570028 0.0 0.0 -0.5130453778957716 0.0 -0.3999794293534725 0.0 0.39100022130075396 0.0 -0.6058650566216093 0.0 0.0 -0.07669729136055874 0.0 -0.151861067247205 0.0 0.0
0.0 0.0 -0.0036072866497276544 0.0 -0.3401458811650256 0.0 0.0 0.14450924153049963 0.0 0.6527564409067312 0.0 0.2921297045372845 0.0 -0.1885024748054862 0.0 0.0 -0.4525301706059117 0.0 -0.3341517206107162 0.0 0.0
0.0 0.0 0.07588212868106455 0.0 0.3566355384312405 0.0 0.0 -0.007700276823502455 0.0 -0.36934705659779005 0.0 -0.8380412613862036 0.0 -0.05289931108838616 0.0 0.0 0.10278869051514214 0.0 0.12206328275471244 0.0 0.0
0.0 0.0 -0.7306230570340381 0.0 0.5097756238247585 0.0 0.0 0.112186880428877 0.0 -0.32797282662702604 0.0 0.0032776787408344164 0.0 -0.26640773370764304 0.0 0.0 0.021394363535444192 0.0 0.12134722159972855 0.0 0.0
0.0 0.0 0.06953723371233017 0.0 -0.061199366724789574 0.0 0.0 0.34214999937272755 0.0 0.41039046521995265 0.0 0.23243015213156162 0.0 -0.8040855306927088 0.0 0.0 0.042417759784816766 0.0 -0.05962945573687788 0.0 0.0
0.0 0.0 0.4614638911998823 0.0 -0.14748273133005885 0.0 0.0 0.6152161582170124 0.0 0.06100117849373121 0.0 0.13993837554170346 0.0 -0.5955159656739876 0.0 0.0 0.09160472986922766 0.0 -0.021781072353717523 0.0 0.0
0.0 0.0 0.45440429573521207 0.0 -0.18578662439197943 0.0 0.0 -0.4562934287610784 0.0 0.20705889605633462 0.0 0.1075432098628633 0.0 -0.6331138616238938 0.0 0.0 -0.2818992492472061 0.0 -0.12671659778318137 0.0 0.0
0.0 0.0 0.4635256734538151 0.0 -0.18368311721578015 0.0 0.0 -0.381353369359267 0.0 0.24432861132604033 0.0 0.0080014625271441 0.0 -0.5947383002658433 0.0 0.0 -0.4280450963383882 0.0 -0.09631887748456398 0.0 0.0
0.0 0.0 0.5847662012139995 0.0 -0.1795295288375035 0.0 0.0 -0.21556111161137614 0.0 0.3562139631337945 0.0 -0.001980367970520143 0.0 -0.5184476837664506 0.0 0.0 -0.4227495264925409 0.0 -0.07038162411277701 0.0 0.0
0.0 0.0 0.4084960564298732 0.0 -0.24878843638568518 0.0 0.0 -0.3494703632098647 0.0 0.40766357411919407 0.0 0.05944031808888811 0.0 -0.5971650036872962 0.0 0.0 -0.3316363763418287 0.0 -0.11311181291024196 0.0 0.0
0.0 0.0 0.41851357659526944 0.0 -0.16002240026226175 0.0 0.0 -0.3899461556228165 0.0 0.20963424170537912 0.0 0.08561913990038313 0.0 -0.6751447737167205 0.0 0.0 -0.33934273825288536 0.0 -0.15789268963472436 0.0 0.0
0.0 0.0 0.424864240483777 0.0 -0.03720707758498586 0.0 0.0 -0.2719336105804682 0.0 0.2545071176894863 0.0 0.038321972733457464 0.0 -0.7437765982603483 0.0 0.0 -0.3325371077167844 0.0 -0.11887438452090827 0.0 0.0
0.0 0.0 0.3101679701062387 0.0 -0.1318727590353224 0.0 0.0 -0.42918428461213076 0.0 0.2549589823833207 0.0 0.1386477465612958 0.0 -0.7122725549451336 0.0 0.0 -0.29102719339834443 0.0 -0.16108989861785603 0.0 0.0
0.0 0.0 0.4239785547217829 0.0 -0.20401689553586566 0.0 0.0 -0.4047073743641912 0.0 0.33138108348443374 0.0 0.06879873764078898 0.0 -0.644813741657797 0.0 0.0 -0.271325127317648 0.0 -0.10431901873689564 0.0 0.0
0.0 0.0 0.38501138399659707 0.0 -0.07708225436350664 0.0 0.0 -0.4767678937305209 0.0 0.17297006933523737 0.0 0.10432239648110356 0.0 -0.6451327753108149 0.0 0.0 -0.37460076262869474 0.0 -0.14557849884991872 0.0 0.0
0.0 0.0 0.5158022853092971 0.0 -0.14909704489809097 0.0 0.0 -0.4773032761420495 0.0 0.17880559557756465 0.0 0.05901383496846575 0.0 -0.595977215660104 0.0 0.0 -0.300350676702762 0.0 -0.05519249901136152 0.0 0.0
0.0 0.0 0.40405751628821746 0.0 -0.11130364940947962 0.0 0.0 -0.4762659653267482 0.0 0.3504228418865841 0.0 0.07942990401089801 0.0 -0.6377307518749193 0.0 0.0 -0.23436081738177486 0.0 -0.08239520042244713 0.0 0.0
0.0 0.0 0.43425806432572744 0.0 -0.20398010808930064 0.0 0.0 -0.49647837108196263 0.0 0.17580363008046707 0.0 0.11217439017739421 0.0 -0.6320258724043287 0.0 0.0 -0.2811373331574046 0.0 -0.03655629187021566 0.0 0.0
0.0 0.0 0.4299943901426168 0.0 -0.07837105255861997 0.0 0.0 -0.4488213856863712 0.0 0.22991949620074031 0.0 0.09491844780371987 0.0 -0.6277100893404812 0.0 0.0 -0.3605516583192321 0.0 -0.14707897631560293 0.0 0.0
0.0 0.0 0.38704301763829585 0.0 -0.2680531559746651 0.0 0.0 -0.3372873744528916 0.0 0.27270178972762976 0.0 0.04312304657336738 0.0 -0.6537070668248138 0.0 0.0 -0.3887768330487405 0.0 -0.09937915629349775 0.0 0.0
0.0 0.0 0.37163781119392486 0.0 -0.14162331360201752 0.0 0.0 -0.4064657123389007 0.0 0.2692758399424848 0.0 0.09116362216207702 0.0 -0.6919797728086964 0.0 0.0 -0.3160119212059028 0.0 -0.13074392806223073 0.0 0.0
0.0 0.0 0.36056232601536625 0.0 -0.17770440807029042 0.0 0.0 -0.3040885387620153 0.0 0.1668868537872236 0.0 0.012226284709435027 0.0 -0.7194121746309056 0.0 0.0 -0.4363476632929575 0.0 -0.0999612361426749 0.0 0.0
0.0 0.0 0.5183944983614379 0.0 -0.1773332462526785 0.0 0.0 -0.41776001642277577 0.0 0.3335445764424471 0.0 0.04860653356795519 0.0 -0.4908421692645701 0.0 0.0 -0.3991268716998026 0.0 -0.10702223180086658 0.0 0.0
0.0 0.0 0.43074327914154853 0.0 -0.16852213004684302 0.0 0.0 -0.4057131491618606 0.0 0.3810014523091984 0.0 0.05778042450308341 0.0 -0.6027652369397078 0.0 0.0 -0.31874773140345913 0.0 -0.0896137740568824 0.0 0.0
0.0 0.0 0.5397824634387609 0.0 -0.12006448816864906 0.0 0.0 -0.3900355726579685 0.0 0.1163892460112182 0.0 -0.00452984437870981 0.0 -0.6207821867832755 0.0 0.0 -0.3736765234101072 0.0 -0.059329750157138296 0.0 0.0
0.0 0.0 0.456476277551678 0.0 -0.23959739305645442 0.0 0.0 -0.43687747016792294 0.0 0.34343098192352856 0.0 0.07001752324606383 0.0 -0.508525220315491 0.0 0.0 -0.3797758768089171 0.0 -0.13298745851928084 0.0 0.0
0.0 0.0 0.437000671197293 0.0 -0.09764999560867134 0.0 0.0 -0.5433863028072544 0.0 0.2506570106538423 0.0 0.038756665154731106 0.0 -0.5537677656090378 0.0 0.0 -0.360057236430118 0.0 -0.05996040222553597 0.0 0.0
0.0 0.0 0.3961895369661313 0.0 -0.14364737569379846 0.0 0.0 -0.390326236795191 0.0 0.4193312046354559 0.0 0.08506144412628296 0.0 -0.6617223369194353 0.0 0.0 -0.19441549932521168 0.0 -0.10628624139694812 0.0 0.0
0.0 0.0 0.37200174199287317 0.0 -0.0651948477082261 0.0 0.0 -0.3969195637983556 0.0 0.22407880966918353 0.0 0.08754384895545207 0.0 -0.6359495160434872 0.0 0.0 -0.4207602673376238 0.0 -0.24591252042550604 0.0 0.0
0.0 0.0 0.4136045901301299 0.0 -0.23629443119253601 0.0 0.0 -0.3834696938674139 0.0 0.15612372609319283 0.0 0.08684389449227642 0.0 -0.6449325763451677 0.0 0.0 -0.39916297279274726 0.0 -0.13733751110366 0.0 0.0
0.0 0.0 0.6162382656120118 0.0 -0.14318727321005176 0.0 0.0 -0.4490386269500836 0.0 0.21544317586476427 0.0 0.03697120430503446 0.0 -0.4592925798609391 0.0 0.0 -0.35223562510593065 0.0 -0.12373307888115398 0.0 0.0
0.0 0.0 0.44923561114284294 0.0 -0.24972281729999882 0.0 0.0 -0.4697651517524793 0.0 0.19703052423449954 0.0 0.10694625719835717 0.0 -0.5703359179796055 0.0 0.0 -0.36321847714122296 0.0 -0.08762038299705437 0.0 0.0
0.0 0.0 0.4677763988862013 0.0 -0.15151456791990017 0.0 0.0 -0.42357667706481394 0.0 0.235322018651916 0.0 0.06726820439421159 0.0 -0.6424804189917457 0.0 0.0 -0.3117291286963325 0.0 -0.09462437714149566 0.0 0.0
0.0 0.0 0.47846741017540734 0.0 -0.1176134775960043 0.0 0.0 -0.47071102588467256 0.0 0.3872742528300312 0.0 0.06937560908207298 0.0 -0.5629553164303354 0.0 0.0 -0.234718891993225 0.0 -0.09413378140783499 0.0 0.0
0.0 0.0 0.616813887593391 0.0 -0.18467555277131145 0.0 0.0 -0.40519652246587123 0.0 0.3494113337070145 0.0 0.032917976980575706 0.0 -0.4615655133163801 0.0 0.0 -0.2799339838967272 0.0 -0.0816928069501101 0.0 0.0
0.0 0.0 0.41900539229914285 0.0 -0.1528764022728146 0.0 0.0 -0.4345575480236337 0.0 0.25623844834648224 0.0 0.09873963787771949 0.0 -0.6136328520556085 0.0 0.0 -0.35235851095298854 0.0 -0.19003570308209375 0.0 0.0
0.0 0.0 0.6165277159302416 0.0 -0.06697304297726045 0.0 0.0 -0.40151351750746933 0.0 0.34583810684767397 0.0 0.026629662655391347 0.0 -0.3942487458255522 0.0 0.0 -0.39063762378437017 0.0 -0.16078594615494682 0.0 0.0
0.0 0.0 0.5144800351505349 0.0 -0.15848620929628413 0.0 0.0 -0.46417863359596384 0.0 0.2331772309669828 0.0 0.06474939393262935 0.0 -0.5699586302896302 0.0 0.0 -0.319220736849151 0.0 -0.09701436427232862 0.0 0.0
0.0 0.0 0.5196011271017347 0.0 -0.20491426823450645 0.0 0.0 -0.3581689514931113 0.0 0.22593869520215742 0.0 0.052740921807798366 0.0 -0.6629980261431572 0.0 0.0 -0.24560662520566479 0.0 -0.07759457286061358 0.0 0.0
0.0 0.0 0.5620877887200063 0.0 -0.08945624590411069 0.0 0.0 -0.38591047459424643 0.0 0.2213070383637116 0.0 0.05633012960616955 0.0 -0.5753276266191674 0.0 0.0 -0.357545995132562 0.0 -0.12703187836797888 0.0 0.0
0.0 0.0 0.382286175396166 0.0 -0.1114438709381182 0.0 0.0 -0.441886264186075 0.0 0.4270866302772613 0.0 0.026472167151838456 0.0 -0.5396531078214701 0.0 0.0 -0.40199936925454277 0.0 -0.10119949702074518 0.0 0.0
0.0 0.0 0.43961933491077454 0.0 -0.15540788104745515 0.0 0.0 -0.4678811800253455 0.0 0.34497956134426644 0.0 0.06407888782879859 0.0 -0.5559767808768966 0.0 0.0 -0.35160035445770077 0.0 -0.08843325460121167 0.0 0.0
0.0 0.0 0.5060799101422918 0.0 -0.12038297779783169 0.0 0.0 -0.39864853398892797 0.0 0.3918788644475673 0.0 0.01567532995855383 0.0 -0.5516588982162843 0.0 0.0 -0.32905220679395314 0.0 -0.06366124730301302 0.0 0.0
0.0 0.0 0.5109685838554214 0.0 -0.1854887846465194 0.0 0.0 -0.36708191670609586 0.0 0.17855495006652422 0.0 0.050997290420397336 0.0 -0.6244593176295611 0.0 0.0 -0.36069758609897906 0.0 -0.12337382905232551 0.0 0.0
0.0 0.0 0.26040113069817356 0.0 -0.10539005547473922 0.0 0.0 -0.4214410786917574 0.0 0.2764459336471887 0.0 0.1286252874716772 0.0 -0.6641737452010066 0.0 0.0 -0.4336772390303801 0.0 -0.1459523012997382 0.0 0.0
0.0 0.0 0.3730868725213551 0.0 -0.12800092424198634 0.0 0.0 -0.5035622856179629 0.0 0.301106261796541 0.0 0.16828313569365363 0.0 -0.6660784961256633 0.0 0.0 -0.12877764149011364 0.0 -0.10778930766957984 0.0 0.0
0.0 0.0 0.4918487345832915 0.0 -0.11511224431692132 0.0 0.0 -0.3717311705409348 0.0 0.278805061285879 0.0 0.05768461266776433 0.0 -0.6271129199092991 0.0 0.0 -0.3348715373257513 0.0 -0.14205841326746899 0.0 0.0
0.0 0.0 0.5447207309508341 0.0 -0.11809226869947469 0.0 0.0 -0.48406087543143556 0.0 0.27542903433910265 0.0 0.05628470050712748 0.0 -0.5525716206323373 0.0 0.0 -0.255910957550758 0.0 -0.07185871993997055 0.0 0.0
0.0 0.0 0.31605770155873797 0.0 -0.09872120218202379 0.0 0.0 -0.3881909827959964 0.0 0.06841232085474837 0.0 0.08856919846683524 0.0 -0.6840915226876263 0.0 0.0 -0.4807714339131168 0.0 -0.16739857454375753 0.0 0.0
0.0 0.0 0.5060524303359653 0.0 -0.10969642507816975 0.0 0.0 -0.43631201940300507 0.0 0.3170137937248984 0.0 0.06981594507494211 0.0 -0.5097388700140382 0.0 0.0 -0.40411832444874185 0.0 -0.11398292171898927 0.0 0.0
0.0 0.0 0.40054245179033604 0.0 -0.2159196026574117 0.0 0.0 -0.3066623398843427 0.0 0.17869533509927457 0.0 0.05839562387267869 0.0 -0.7214595008893843 0.0 0.0 -0.3700330932915358 0.0 -0.07830903888140014 0.0 0.0
0.0 0.0 0.611267324269804 0.0 -0.1292538196475725 0.0 0.0 -0.35465310771137387 0.0 0.2796001560294072 0.0 0.031180764771496165 0.0 -0.43025798319188463 0.0 0.0 -0.42222379908462904 0.0 -0.20328188709278092 0.0 0.0
0.0 0.0 0.45010847635068474 0.0 -0.13390503028585288 0.0 0.0 -0.4056088969021365 0.0 0.2453452673033975 0.0 0.016197048760325242 0.0 -0.5555089730247186 0.0 0.0 -0.4712092618194037 0.0 -0.15449334297359435 0.0 0.0
0.0 0.0 0.357155040602992 0.0 -0.09512615318381985 0.0 0.0 -0.2807460282785249 0.0 0.22600905631917492 0.0 0.052638012442268615 0.0 -0.7629963673815109 0.0 0.0 -0.37309296340964476 0.0 -0.09674859008186419 0.0 0.0
0.0 0.0 0.417884436306557 0.0 -0.07471859140955123 0.0 0.0 -0.5373601049307162 0.0 0.021227131392325366 0.0 0.02787765288617937 0.0 -0.5925304523933134 0.0 0.0 -0.4100692012467535 0.0 -0.10274729270014415 0.0 0.0
0.0 0.0 0.5227632701636852 0.0 -0.10538153732749705 0.0 0.0 -0.4351232058402609 0.0 0.2695786344328535 0.0 -0.030428955270243273 0.0 -0.5081672553358424 0.0 0.0 -0.43138559969120077 0.0 -0.09140587628558926 0.0 0.0
0.0 0.0 0.48858826471587447 0.0 -0.04766888889605391 0.0 0.0 -0.3087440532272277 0.0 0.21166040013004125 0.0 0.046249872655657734 0.0 -0.6824394898717037 0.0 0.0 -0.3798365795370308 0.0 -0.08214398344098667 0.0 0.0
0.0 0.0 0.4258973901310029 0.0 -0.1930710347967027 0.0 0.0 -0.4174673731518176 0.0 0.39585631726356135 0.0 0.059190335158789326 0.0 -0.5890883183891977 0.0 0.0 -0.30840206073272175 0.0 -0.0686540846226237 0.0 0.0
0.0 0.0 0.6474919183692264 0.0 -0.13113849222695464 0.0 0.0 -0.35342782222306157 0.0 0.08215196434433134 0.0 -0.05832419764451291 0.0 -0.5457303150781389 0.0 0.0 -0.3572555332214393 0.0 -0.05515374776491541 0.0 0.0
0.0 0.0 0.29178101515796073 0.0 -0.2601331739466641 0.0 0.0 -0.34581514301124544 0.0 0.37299545854096644 0.0 0.09972469096886712 0.0 -0.6656544672624023 0.0 0.0 -0.3580392442513203 0.0 -0.08513437365991122 0.0 0.0
0.0 0.0 0.49107449202223186 0.0 -0.14516336153113094 0.0 0.0 -0.5768225751803723 0.0 0.20279395382587354 0.0 0.16419539475453557 0.0 -0.48516766280620804 0.0 0.0 -0.30544899318655716 0.0 -0.09097744048897331 0.0 0.0
0.0 0.0 0.4280992724818147 0.0 -0.2195419159362774 0.0 0.0 -0.33580452364111585 0.0 0.3232734636130987 0.0 0.01915232169225905 0.0 -0.6282718619247325 0.0 0.0 -0.3910281495672856 0.0 -0.05715410752285485 0.0 0.0
0.0 0.0 0.34829603445778784 0.0 -0.13283936666522717 0.0 0.0 -0.5243048556293587 0.0 0.31254021923847375 0.0 0.1683145003515787 0.0 -0.6352831801416499 0.0 0.0 -0.2149049554113925 0.0 -0.10182325327224002 0.0 0.0
0.0 0.0 0.5626844250768568 0.0 -0.1412965885911471 0.0 0.0 -0.4378276779221943 0.0 0.2953909598493831 0.0 0.06224134903008929 0.0 -0.551780994399664 0.0 0.0 -0.25557204104035564 0.0 -0.1040158528381612 0.0 0.0
0.0 0.0 0.3269224397210307 0.0 -0.09962240120548937 0.0 0.0 -0.42199213970929655 0.0 0.420897165297574 0.0 0.06795463786087531 0.0 -0.614168629862168 0.0 0.0 -0.36302694780451344 0.0 -0.11981570142139668 0.0 0.0
0.0 0.0 0.4027054638784977 0.0 -0.11234613463173566 0.0 0.0 -0.4028829213132124 0.0 0.12479093562084768 0.0 0.07704192236143714 0.0 -0.6848113908421639 0.0 0.0 -0.390178386384234 0.0 -0.1420491375087784 0.0 0.0
0.0 0.0 0.48520538295940185 0.0 -0.03566602338662183 0.0 0.0 -0.4760398492033541 0.0 0.2910231513811197 0.0 0.05863569577806041 0.0 -0.5949097719260813 0.0 0.0 -0.29187290734153937 0.0 -0.09720947927611095 0.0 0.0
0.0 0.0 0.43524968338370473 0.0 -0.29924852858462025 0.0 0.0 -0.36316796001402496 0.0 0.19775479840393084 0.0 0.03895049563390932 0.0 -0.6799732898211529 0.0 0.0 -0.2908861572528792 0.0 -0.03891697984326238 0.0 0.0
0.0 0.0 0.36205334584470944 0.0 -0.1809259135821661 0.0 0.0 -0.3950273844028932 0.0 0.39637641220853986 0.0 0.0867017807810129 0.0 -0.503714629197296 0.0 0.0 -0.49265183175558547 0.0 -0.1380972128013531 0.0 0.0
0.0 0.0 0.28496767208761786 0.0 -0.12880390768556518 0.0 0.0 -0.4036298982968692 0.0 0.14679173015904223 0.0 0.09847033318206523 0.0 -0.6878005504081813 0.0 0.0 -0.4687619228965097 0.0 -0.12342742147208918 0.0 0.0
0.0 0.0 0.5080548514093971 0.0 -0.08234607276427988 0.0 0.0 -0.3832304988498475 0.0 0.29212262685717616 0.0 0.05089818371882901 0.0 -0.5933539496514081 0.0 0.0 -0.35990855326350063 0.0 -0.13676420037425005 0.0 0.0
0.0 0.0 0.5832917048432235 0.0 -0.1928608924066237 0.0 0.0 -0.38866681019030636 0.0 0.18193478024707138 0.0 0.06058280267732291 0.0 -0.5134389212872055 0.0 0.0 -0.37946000444584876 0.0 -0.16472283626533668 0.0 0.0
0.0 0.0 0.5452713340430844 0.0 -0.11699067086066021 0.0 0.0 -0.3155111038891773 0.0 0.4630811185457695 0.0 0.04160923562700091 0.0 -0.5404289941081148 0.0 0.0 -0.28187757380029027 0.0 -0.04184714324502098 0.0 0.0
0.0 0.0 0.4740607581662268 0.0 -0.1081181607149121 0.0 0.0 -0.4831923938882757 0.0 0.34379248578433624 0.0 0.08674478795408178 0.0 -0.5432904364627352 0.0 0.0 -0.2891381216715176 0.0 -0.1600583896721126 0.0 0.0
0.0 0.0 0.2669183915678514 0.0 -0.19388923563902827 0.0 0.0 -0.33507334771976205 0.0 0.20624328722990312 0.0 0.08409948473009844 0.0 -0.7127627395412414 0.0 0.0 -0.45713447266985024 0.0 -0.11079585891753406 0.0 0.0
0.0 0.0 0.5650354882892216 0.0 -0.19040405933523394 0.0 0.0 -0.4291823499413933 0.0 0.11212960161145187 0.0 0.07841642170410663 0.0 -0.49151047267952536 0.0 0.0 -0.43754303011520784 0.0 -0.09238544774336328 0.0 0.0
0.0 0.0 0.47973619093204545 0.0 -0.13537262136775594 0.0 0.0 -0.2493019068770685 0.0 0.3564777837208059 0.0 0.01730636142588116 0.0 -0.6593321901486119 0.0 0.0 -0.3491759254120534 0.0 -0.07319368439736743 0.0 0.0
