0.0 0.0 -0.08406157285330454 -0.2502306312355449 -0.020997215519652498 0.14298374322144275 0.0 0.0 -0.10555178824488673 0.0 0.19387309056247637 -0.08406157285330454 0.7506918937066346 -0.041994431039304995 -0.2859674864428855 0.03518392941496225 0.0 0.12924872704165094 -0.020997215519652498 -0.42895122966432825 -0.06462436352082547
0.0 0.0 -0.054569608827307686 -0.2340444918109712 -0.025226545379589006 0.06505839442118921 0.0 0.0 0.5858988865230644 0.0 -0.03384654499673128 -0.054569608827307686 0.7021334754329135 -0.05045309075917801 -0.13011678884237843 -0.19529962884102148 0.0 -0.022564363331154188 -0.025226545379589006 -0.19517518326356761 0.011282181665577094
0.0 0.0 0.1834238757301855 -0.05030726956216664 -0.14423208350426184 -0.024283381224297542 0.0 0.0 -0.5201572428479152 0.0 0.5518369646050636 0.1834238757301855 0.15092180868649993 -0.2884641670085237 0.048566762448595084 0.17338574761597178 0.0 0.3678913097367091 -0.14423208350426184 0.07285014367289264 -0.18394565486835454
0.0 0.0 0.1137175661593393 0.2609273899978561 -0.045527530445364395 -0.13425106417323374 0.0 0.0 -0.14873355394453966 0.0 0.050471358660383464 0.1137175661593393 -0.7827821699935682 -0.09105506089072879 0.2685021283464675 0.04957785131484656 0.0 0.03364757244025564 -0.045527530445364395 0.4027531925197012 -0.01682378622012782
0.0 0.0 -0.09782267200777603 -0.022981215579112244 0.15483271892844996 0.008453004448385992 0.0 0.0 0.5642659319399452 0.0 -0.5537344659966288 -0.09782267200777603 0.06894364673733673 0.3096654378568999 -0.016906008896771983 -0.18808864397998176 0.0 -0.3691563106644192 0.15483271892844996 -0.02535901334515797 0.1845781553322096
0.0 0.0 -0.3894278395086856 -0.18857265060538014 0.11291522652895625 0.08948913469458647 0.0 0.0 0.34113370756238415 0.0 -0.12206523280854133 -0.3894278395086856 0.5657179518161404 0.2258304530579125 -0.17897826938917294 -0.11371123585412807 0.0 -0.08137682187236087 0.11291522652895625 -0.2684674040837594 0.04068841093618043
0.0 0.0 -0.34427451851947544 0.07309417967543219 0.26988882128131897 -0.11098433200708835 0.0 0.0 -0.050643997250640914 0.0 -0.24995543609938906 -0.34427451851947544 -0.21928253902629655 0.5397776425626379 0.2219686640141767 0.016881332416880307 0.0 -0.16663695739959272 0.26988882128131897 0.33295299602126505 0.08331847869979636
0.0 0.0 0.27305205712405206 0.18468900779924233 -0.030423938395014283 -0.05744599851831078 0.0 0.0 -0.5822303646097738 0.0 0.2287158317107286 0.27305205712405206 -0.554067023397727 -0.060847876790028566 0.11489199703662156 0.19407678820325794 0.0 0.15247722114048573 -0.030423938395014283 0.17233799555493237 -0.07623861057024287
0.0 0.0 0.04128888626656932 -0.004850179886937347 -0.11794201944484593 0.05759934675100019 0.0 0.0 -0.6885744591559114 0.0 0.46726128406917244 0.04128888626656932 0.014550539660812038 -0.23588403888969187 -0.11519869350200038 0.22952481971863714 0.0 0.31150752271278165 -0.11794201944484593 -0.17279804025300055 -0.15575376135639082
0.0 0.0 -0.2747602844175505 0.03570052606007792 0.2741769814733276 -0.017729638986620538 0.0 0.0 -0.059807519524641715 0.0 0.4922031734910055 -0.2747602844175505 -0.10710157818023378 0.5483539629466552 0.035459277973241075 0.01993583984154724 0.0 0.3281354489940037 0.2741769814733276 0.05318891695986161 -0.16406772449700185
0.0 0.0 0.11069863684432282 -0.2049512498597644 0.003926444129107038 0.19607534747892688 0.0 0.0 -0.09840570510581458 0.0 -0.06390040055933244 0.11069863684432282 0.6148537495792932 0.007852888258214076 -0.39215069495785376 0.032801901701938196 0.0 -0.04260026703955496 0.003926444129107038 -0.5882260424367806 0.02130013351977748
0.0 0.0 0.02923748956094362 0.12676046327160148 0.013160652982007798 -0.16927607982754903 0.0 0.0 0.27648493162056537 0.0 -0.4746598989374338 0.02923748956094362 -0.3802813898148044 0.026321305964015596 0.33855215965509805 -0.0921616438735218 0.0 -0.3164399326249559 0.013160652982007798 0.507828239482647 0.15821996631247795
0.0 0.0 -0.017811327086391972 -0.25251270667134446 0.022269437472730517 0.08238463317392407 0.0 0.0 -0.4775818958601546 0.0 0.08143100045146699 -0.017811327086391972 0.7575381200140334 0.044538874945461035 -0.16476926634784814 0.15919396528671823 0.0 0.054287333634311326 0.022269437472730517 -0.2471538995217722 -0.027143666817155663
0.0 0.0 0.1276798664620833 -0.07742917066490876 -0.03830995179744719 0.10861479209196741 0.0 0.0 -0.5844537449448026 0.0 0.47700161820967857 0.1276798664620833 0.23228751199472628 -0.07661990359489439 -0.21722958418393482 0.1948179149816009 0.0 0.31800107880645234 -0.03830995179744719 -0.3258443762759022 -0.15900053940322617
0.0 0.0 0.04858013473651688 0.19873506211660028 0.032479340324759125 -0.16156733049069552 0.0 0.0 -0.36952732594856974 0.0 0.2222192426932505 0.04858013473651688 -0.5962051863498008 0.06495868064951825 0.32313466098139104 0.12317577531618992 0.0 0.14814616179550036 0.032479340324759125 0.4847019914720865 -0.07407308089775018
0.0 0.0 -0.21066084121885828 0.2693700099860929 0.057078880259772834 -0.09431645249602566 0.0 0.0 0.17059689571235126 0.0 0.07698251128554014 -0.21066084121885828 -0.8081100299582785 0.11415776051954567 0.18863290499205132 -0.05686563190411709 0.0 0.0513216741903601 0.057078880259772834 0.282949357488077 -0.02566083709518005
0.0 0.0 -0.17735341703433755 -0.0485598301420076 -0.012279931123651815 -0.0028592777226038348 0.0 0.0 -0.8721135437145257 0.0 0.20815605005136473 -0.17735341703433755 0.1456794904260228 -0.02455986224730363 0.0057185554452076695 0.2907045145715086 0.0 0.13877070003424316 -0.012279931123651815 0.008577833167811504 -0.06938535001712158
0.0 0.0 -0.1497498884430268 0.08809702948408887 0.1909781635113818 -0.21599068300597615 0.0 0.0 -0.028803676643281324 0.0 0.0546957253411018 -0.1497498884430268 -0.2642910884522666 0.3819563270227636 0.4319813660119523 0.009601225547760443 0.0 0.03646381689406787 0.1909781635113818 0.6479720490179285 -0.018231908447033936
0.0 0.0 0.32281064207284765 0.04337218955335795 -0.2868243041510592 -0.08956031524023975 0.0 0.0 -0.15764932894473577 0.0 0.2992023656197149 0.32281064207284765 -0.13011656866007382 -0.5736486083021184 0.1791206304804795 0.05254977631491192 0.0 0.19946824374647662 -0.2868243041510592 0.2686809457207192 -0.09973412187323831
0.0 0.0 -0.2844987048982872 0.218366679813206 0.11484326326022205 -0.07874404776541119 0.0 0.0 -0.33683149474720264 0.0 0.21103320244535692 -0.2844987048982872 -0.655100039439618 0.2296865265204441 0.15748809553082238 0.11227716491573421 0.0 0.14068880163023795 0.11484326326022205 0.2362321432962336 -0.07034440081511897
0.0 0.0 0.03507071717157282 -0.10667368105471145 0.015622592079226037 0.14492873872538456 0.0 0.0 0.48519831261130714 0.0 -0.4582439943093647 0.03507071717157282 0.3200210431641344 0.031245184158452073 -0.2898574774507691 -0.16173277087043575 0.0 -0.3054959962062431 0.015622592079226037 -0.43478621617615365 0.15274799810312156
0.0 0.0 -0.4109120263354256 -0.09943915594088629 0.017811876023159794 0.010556540538112164 0.0 0.0 -0.7022468194180073 0.0 0.08787602548734949 -0.4109120263354256 0.29831746782265883 0.03562375204631959 -0.021113081076224328 0.23408227313933577 0.0 0.05858401699156634 0.017811876023159794 -0.03166962161433649 -0.02929200849578317
0.0 0.0 0.01913089845310621 0.26684485504007316 -0.007196777703609969 -0.0983542687045019 0.0 0.0 -0.36130425877879474 0.0 -0.06424445210876013 0.01913089845310621 -0.8005345651202194 -0.014393555407219937 0.1967085374090038 0.12043475292626492 0.0 -0.04282963473917343 -0.007196777703609969 0.2950628061135057 0.021414817369586715
0.0 0.0 -0.032740334933279686 -0.04279888833494741 0.08998387561708708 0.18934763799109325 0.0 0.0 -0.09266910329184674 0.0 0.519292842712086 -0.032740334933279686 0.1283966650048422 0.17996775123417416 -0.3786952759821865 0.030889701097282247 0.0 0.346195228474724 0.08998387561708708 -0.5680429139732797 -0.173097614237362
0.0 0.0 -0.16939850998405506 0.1737322337464325 0.026949678216159113 -0.1315342056941641 0.0 0.0 0.452721110746634 0.0 -0.32713845884217696 -0.16939850998405506 -0.5211967012392975 0.053899356432318225 0.2630684113883282 -0.1509070369155447 0.0 -0.21809230589478465 0.026949678216159113 0.3946026170824923 0.10904615294739232
0.0 0.0 -0.3007436118557852 -0.03446839395389007 0.3181763532460513 -0.009333658473017318 0.0 0.0 0.26802593779911105 0.0 0.27631795466248127 -0.3007436118557852 0.1034051818616702 0.6363527064921026 0.018667316946034636 -0.08934197926637034 0.0 0.1842119697749875 0.3181763532460513 0.028000975419051957 -0.09210598488749375
0.0 0.0 -0.06915518466789304 0.27241419070057266 0.03652046649150299 -0.08232953394368601 0.0 0.0 0.2415365898516671 0.0 -0.2276578346156667 -0.06915518466789304 -0.8172425721017179 0.07304093298300599 0.16465906788737203 -0.08051219661722236 0.0 -0.1517718897437778 0.03652046649150299 0.24698860183105803 0.0758859448718889
0.0 0.0 -0.23879903442734987 0.010095468795714223 0.12085028598955606 -0.013745531873782175 0.0 0.0 -0.7697885031235198 0.0 0.2959451177580025 -0.23879903442734987 -0.030286406387142667 0.24170057197911213 0.02749106374756435 0.25659616770783994 0.0 0.19729674517200166 0.12085028598955606 0.041236595621346524 -0.09864837258600083
0.0 0.0 -0.34168322084065805 -0.066337114038163 0.23563721436147145 0.05258337989154353 0.0 0.0 0.3284638283851513 0.0 -0.3851595635519884 -0.34168322084065805 0.19901134211448898 0.4712744287229429 -0.10516675978308707 -0.10948794279505045 0.0 -0.2567730423679922 0.23563721436147145 -0.1577501396746306 0.1283865211839961
0.0 0.0 0.09267643275283459 -0.1921312828716095 -0.02875252305388652 0.04671499677882849 0.0 0.0 -0.4558937242650335 0.0 0.47246307393967263 0.09267643275283459 0.5763938486148285 -0.05750504610777304 -0.09342999355765698 0.15196457475501118 0.0 0.3149753826264484 -0.02875252305388652 -0.14014499033648548 -0.1574876913132242
0.0 0.0 -0.2786681210147179 -0.23423351872144593 0.053341511587685235 0.07741012841628643 0.0 0.0 -0.40178985802742767 0.0 0.10045658531073864 -0.2786681210147179 0.7027005561643377 0.10668302317537047 -0.15482025683257286 0.13392995267580923 0.0 0.06697105687382576 0.053341511587685235 -0.23223038524885928 -0.03348552843691288
0.0 0.0 -0.1767028617780414 0.20893385240768833 0.10425910698807188 -0.1530094277624253 0.0 0.0 0.31163924770233775 0.0 -0.008873008783161116 -0.1767028617780414 -0.626801557223065 0.20851821397614376 0.3060188555248506 -0.10387974923411258 0.0 -0.0059153391887740775 0.10425910698807188 0.45902828328727585 0.0029576695943870387
0.0 0.0 -0.16771708109940836 0.19724643586008334 0.07924563418974893 -0.1324162220613419 0.0 0.0 -0.48671802555110255 0.0 0.073082712127417 -0.16771708109940836 -0.59173930758025 0.15849126837949787 0.2648324441226838 0.16223934185036754 0.0 0.04872180808494466 0.07924563418974893 0.3972486661840257 -0.02436090404247233
0.0 0.0 -0.14957263290308243 0.23883230351027013 -0.010242543938125506 -0.045544461277034966 0.0 0.0 0.4891430895765494 0.0 -0.2396410976748921 -0.14957263290308243 -0.7164969105308103 -0.020485087876251012 0.09108892255406993 -0.1630476965255165 0.0 -0.15976073178326142 -0.010242543938125506 0.1366333838311049 0.07988036589163071
0.0 0.0 -0.05130117835255343 -0.03664250943107448 0.01985517543674358 -0.008548500147799173 0.0 0.0 0.39673372548311314 0.0 -0.7184961628498917 -0.05130117835255343 0.10992752829322343 0.03971035087348716 0.017097000295598345 -0.13224457516103771 0.0 -0.4789974418999278 0.01985517543674358 0.025645500443397518 0.2394987209499639
0.0 0.0 -0.21517937477193214 0.2203807360630603 0.15289095319934004 -0.13150499434701302 0.0 0.0 0.10078257617006289 0.0 -0.13433057050668787 -0.21517937477193214 -0.6611422081891809 0.3057819063986801 0.26300998869402603 -0.033594192056687636 0.0 -0.08955371367112525 0.15289095319934004 0.3945149830410391 0.04477685683556262
0.0 0.0 -0.22094715503237333 0.08567562928229765 0.018899156165786482 0.010840070045691184 0.0 0.0 0.7157274719910042 0.0 -0.4056654601093114 -0.22094715503237333 -0.257026887846893 0.037798312331572964 -0.021680140091382367 -0.23857582399700142 0.0 -0.2704436400728743 0.018899156165786482 -0.03252021013707355 0.13522182003643715
0.0 0.0 -0.17646471060791538 0.17462428944320818 0.07881091406485394 -0.18413204169193642 0.0 0.0 0.3279652099615621 0.0 -0.029351003558117542 -0.17646471060791538 -0.5238728683296245 0.15762182812970787 0.36826408338387284 -0.10932173665385404 0.0 -0.019567335705411693 0.07881091406485394 0.5523961250758092 0.009783667852705846
0.0 0.0 -0.21852745057023845 0.12653344222768861 0.14688059524174646 -0.07446129773903276 0.0 0.0 -0.39613149968624023 0.0 0.483045519682073 -0.21852745057023845 -0.3796003266830658 0.2937611904834929 0.14892259547806552 0.13204383322874674 0.0 0.32203034645471534 0.14688059524174646 0.22338389321709834 -0.16101517322735767
0.0 0.0 0.49562313354413 0.18063368770366814 -0.05664783472323516 -0.014260988236543275 0.0 0.0 0.3727259757956209 0.0 -0.061941505794985356 0.49562313354413 -0.5419010631110043 -0.11329566944647032 0.02852197647308655 -0.12424199193187364 0.0 -0.041294337196656906 -0.05664783472323516 0.04278296470962983 0.020647168598328453
0.0 0.0 0.02967552735773129 0.2167900253638745 -0.04145155630797416 -0.19052637306770617 0.0 0.0 -0.07698054339060972 0.0 -0.0450824488988971 0.02967552735773129 -0.6503700760916236 -0.08290311261594832 0.38105274613541235 0.025660181130203245 0.0 -0.030054965932598064 -0.04145155630797416 0.5715791192031185 0.015027482966299032
0.0 0.0 -0.09586301916451587 -0.11751994460276326 -0.055028394447902626 0.03493214733028605 0.0 0.0 0.6476847242442588 0.0 -0.46899397327563075 -0.09586301916451587 0.3525598338082897 -0.11005678889580525 -0.0698642946605721 -0.2158949080814196 0.0 -0.3126626488504205 -0.055028394447902626 -0.10479644199085816 0.15633132442521025
0.0 0.0 0.03558797651346349 0.005101298370866544 -0.05380363177668074 -0.10888512451787737 0.0 0.0 0.2883074339733473 0.0 -0.6810431045730565 0.03558797651346349 -0.01530389511259963 -0.10760726355336148 0.21777024903575473 -0.09610247799111578 0.0 -0.4540287363820376 -0.05380363177668074 0.3266553735536321 0.2270143681910188
0.0 0.0 0.35367005068495905 -0.04765639054266949 -0.1395459688496088 0.014912180786500617 0.0 0.0 0.6953182927815673 0.0 -0.2121105835974611 0.35367005068495905 0.14296917162800848 -0.2790919376992176 -0.029824361573001234 -0.23177276426052243 0.0 -0.14140705573164072 -0.1395459688496088 -0.04473654235950185 0.07070352786582036
0.0 0.0 -0.2308832844982822 -0.16138643901580738 0.17194812330487746 0.16591168346955673 0.0 0.0 0.05868696908035075 0.0 0.20650031220319656 -0.2308832844982822 0.4841593170474221 0.34389624660975493 -0.33182336693911346 -0.019562323026783585 0.0 0.13766687480213102 0.17194812330487746 -0.4977350504086702 -0.06883343740106551
0.0 0.0 -0.13865084748099002 0.1586884164791593 0.12308646339358933 -0.11307161876057681 0.0 0.0 0.4302032337763199 0.0 -0.38801587583531216 -0.13865084748099002 -0.4760652494374778 0.24617292678717867 0.22614323752115362 -0.14340107792544 0.0 -0.2586772505568748 0.12308646339358933 0.33921485628173037 0.1293386252784374
0.0 0.0 -0.16253180375287274 0.045035558664286005 0.26455491590199093 -0.10741854504401893 0.0 0.0 -0.005949666066077053 0.0 0.47119189250312604 -0.16253180375287274 -0.13510667599285803 0.5291098318039819 0.21483709008803786 0.0019832220220256844 0.0 0.31412792833541736 0.26455491590199093 0.3222556351320568 -0.15706396416770868
0.0 0.0 0.13382875298784994 -0.19033157851802113 -0.07115158516134318 0.16689054383708757 0.0 0.0 -0.020513181150101034 0.0 -0.3412448878925109 0.13382875298784994 0.5709947355540634 -0.14230317032268636 -0.33378108767417514 0.006837727050033678 0.0 -0.2274965919283406 -0.07115158516134318 -0.5006716315112627 0.1137482959641703
0.0 0.0 -0.12123794480045794 -0.22565505738517627 -0.07769975119000926 0.04372273506830775 0.0 0.0 -0.591397068759239 0.0 0.0793807173244842 -0.12123794480045794 0.6769651721555288 -0.1553995023800185 -0.0874454701366155 0.19713235625307968 0.0 0.0529204782163228 -0.07769975119000926 -0.13116820520492323 -0.0264602391081614
0.0 0.0 -0.11826014259447382 0.03420964138960982 -0.027450884501163075 -0.03819850594729357 0.0 0.0 -0.7709754719257006 0.0 0.42040468064251313 -0.11826014259447382 -0.10262892416882947 -0.05490176900232615 0.07639701189458714 0.25699182397523357 0.0 0.2802697870950087 -0.027450884501163075 0.1145955178418807 -0.14013489354750436
0.0 0.0 -0.11081863086224467 -0.18258522733026894 0.06903372646129483 0.12110210086148615 0.0 0.0 -0.3530174566545078 0.0 0.41637415149194906 -0.11081863086224467 0.5477556819908068 0.13806745292258965 -0.2422042017229723 0.1176724855515026 0.0 0.2775827676612994 0.06903372646129483 -0.3633063025844584 -0.1387913838306497
0.0 0.0 -0.46714894966221354 -0.03013932155702786 0.2628289800943425 -0.06394953768056963 0.0 0.0 0.064141852839476 0.0 -0.22415638803804602 -0.46714894966221354 0.09041796467108357 0.525657960188685 0.12789907536113926 -0.021380617613158667 0.0 -0.14943759202536402 0.2628289800943425 0.19184861304170886 0.07471879601268201
0.0 0.0 -0.35905003107977973 -0.034778436217022826 0.289235369336264 0.06727448485308635 0.0 0.0 0.2576263527178937 0.0 0.24189463116505952 -0.35905003107977973 0.10433530865106848 0.578470738672528 -0.1345489697061727 -0.08587545090596456 0.0 0.16126308744337303 0.289235369336264 -0.20182345455925907 -0.08063154372168652
0.0 0.0 0.3003511361098905 -0.09551168392148228 -0.2617421086116617 -0.043983160700732465 0.0 0.0 0.17905675811369823 0.0 -0.4045577221072198 0.3003511361098905 0.2865350517644468 -0.5234842172233234 0.08796632140146493 -0.05968558603789942 0.0 -0.2697051480714798 -0.2617421086116617 0.1319494821021974 0.1348525740357399
0.0 0.0 -0.17857338731374736 0.1922204814061722 -0.05791789426309716 -0.09338311917985669 0.0 0.0 -0.5670456987002587 0.0 0.2079323431239247 -0.17857338731374736 -0.5766614442185165 -0.11583578852619432 0.18676623835971337 0.18901523290008623 0.0 0.13862156208261647 -0.05791789426309716 0.28014935753957004 -0.06931078104130824
0.0 0.0 -0.5696712959108069 0.005468134087518995 0.22008781705428965 0.027910478019177527 0.0 0.0 -0.07885582521399054 0.0 0.1647138893653555 -0.5696712959108069 -0.016404402262556985 0.4401756341085793 -0.05582095603835505 0.02628527507133019 0.0 0.10980925957690366 0.22008781705428965 -0.08373143405753258 -0.05490462978845183
0.0 0.0 -0.06857097742873067 0.16785386561677976 0.30594996415883496 0.06986510544971769 0.0 0.0 -0.232099509823677 0.0 -0.11058494877567975 -0.06857097742873067 -0.5035615968503392 0.6118999283176699 -0.13973021089943538 0.07736650327455902 0.0 -0.07372329918378649 0.30594996415883496 -0.20959531634915302 0.036861649591893246
0.0 0.0 -0.22292451738084623 0.13600651050986712 0.1998912844909614 -0.181891853465496 0.0 0.0 0.08400362367251334 0.0 0.055934003637840096 -0.22292451738084623 -0.40801953152960135 0.3997825689819228 0.363783706930992 -0.02800120789083778 0.0 0.03728933575856007 0.1998912844909614 0.5456755603964879 -0.018644667879280034
0.0 0.0 0.3742449816931425 -0.15746301330432164 -0.1138680853509747 0.09658487082824403 0.0 0.0 -0.47479111007487923 0.0 0.09164502594537063 0.3742449816931425 0.47238903991296494 -0.2277361707019494 -0.19316974165648806 0.1582637033582931 0.0 0.061096683963580416 -0.1138680853509747 -0.2897546124847321 -0.030548341981790208
0.0 0.0 -0.0359489173012358 0.13264563625207634 0.09136076186090339 -0.23117587704543466 0.0 0.0 -0.11152686075196365 0.0 0.07762697814190285 -0.0359489173012358 -0.397936908756229 0.18272152372180678 0.4623517540908693 0.037175620250654545 0.0 0.05175131876126857 0.09136076186090339 0.693527631136304 -0.025875659380634283
0.0 0.0 0.14552551200312192 -0.23522647143057768 -0.1488181123483927 0.1362939960865544 0.0 0.0 0.09603967828344244 0.0 0.027018149838671634 0.14552551200312192 0.705679414291733 -0.2976362246967854 -0.2725879921731088 -0.03201322609448082 0.0 0.018012099892447755 -0.1488181123483927 -0.40888198825966315 -0.009006049946223877
0.0 0.0 -0.12131311077085598 0.11108888683813015 0.0550387191424064 -0.20402276009192377 0.0 0.0 0.3981272954417118 0.0 -0.21230201401924068 -0.12131311077085598 -0.3332666605143904 0.1100774382848128 0.40804552018384754 -0.13270909848057064 0.0 -0.14153467601282713 0.0550387191424064 0.6120682802757713 0.07076733800641356
0.0 0.0 0.35682539398818186 0.00793348648852944 -0.296125181056749 -0.11944072945719177 0.0 0.0 0.0724360040491805 0.0 0.09150855480291147 0.35682539398818186 -0.023800459465588314 -0.592250362113498 0.23888145891438353 -0.024145334683060172 0.0 0.06100570320194098 -0.296125181056749 0.3583221883715753 -0.03050285160097049
0.0 0.0 -0.256826052602512 -0.2752535903951623 0.04544186768140092 0.05150554371182498 0.0 0.0 0.2294067181247829 0.0 -0.039533359105310174 -0.256826052602512 0.8257607711854869 0.09088373536280184 -0.10301108742364996 -0.0764689060415943 0.0 -0.02635557273687345 0.04544186768140092 -0.15451663113547495 0.013177786368436724
0.0 0.0 -0.10422100347508198 0.08190963508980006 -0.11074822201495842 -0.039318296885787446 0.0 0.0 0.776651336456612 0.0 -0.3060902825340405 -0.10422100347508198 -0.24572890526940014 -0.22149644402991683 0.07863659377157489 -0.2588837788188707 0.0 -0.20406018835602702 -0.11074822201495842 0.11795489065736234 0.10203009417801351
0.0 0.0 0.09813977519214355 -0.2750707774471532 -0.004007013712739282 0.10408496742910495 0.0 0.0 -0.1296814419696657 0.0 0.18570272989028877 0.09813977519214355 0.8252123323414596 -0.008014027425478564 -0.2081699348582099 0.0432271473232219 0.0 0.12380181992685918 -0.004007013712739282 -0.31225490228731484 -0.06190090996342959
0.0 0.0 0.051977343553697514 0.17259172184915128 -0.05539058760890342 -0.17171232811685 0.0 0.0 0.05022888469265315 0.0 -0.41095931923016454 0.051977343553697514 -0.5177751655474537 -0.11078117521780684 0.3434246562337 -0.01674296156421772 0.0 -0.27397287948677634 -0.05539058760890342 0.51513698435055 0.13698643974338817
0.0 0.0 0.050002268230619235 0.07807631641591069 -0.1540936352799939 -0.15306442898163267 0.0 0.0 0.20312722249797943 0.0 -0.5182054724140965 0.050002268230619235 -0.23422894924773205 -0.3081872705599878 0.30612885796326533 -0.06770907416599314 0.0 -0.345470314942731 -0.1540936352799939 0.459193286944898 0.1727351574713655
0.0 0.0 0.09935873382605998 0.15086516089416951 -0.021382454755205706 -0.1836413734610436 0.0 0.0 -0.39254863949191765 0.0 0.2617246900270631 0.09935873382605998 -0.45259548268250843 -0.04276490951041141 0.3672827469220872 0.13084954649730587 0.0 0.17448312668470875 -0.021382454755205706 0.5509241203831308 -0.08724156334235438
0.0 0.0 0.2715195514061273 -0.0066394567044545955 -0.2839297336671767 -0.155417911345337 0.0 0.0 0.12914479114392377 0.0 -0.0867971903379173 0.2715195514061273 0.019918370113363785 -0.5678594673343534 0.310835822690674 -0.043048263714641266 0.0 -0.05786479355861153 -0.2839297336671767 0.46625373403601106 0.028932396779305765
0.0 0.0 -0.05213479348457729 -0.056060076024121705 -0.03106880179753012 0.049063514957497334 0.0 0.0 -0.598162897014431 0.0 0.5815499941488123 -0.05213479348457729 0.1681802280723651 -0.06213760359506024 -0.09812702991499467 0.1993876323381437 0.0 0.38769999609920824 -0.03106880179753012 -0.147190544872492 -0.19384999804960412
0.0 0.0 -0.05820612968226933 -0.021258989156117902 0.14211821558106125 -0.010198999743730246 0.0 0.0 -0.7381030899063215 0.0 0.40940757979076386 -0.05820612968226933 0.06377696746835369 0.2842364311621225 0.020397999487460492 0.24603436330210718 0.0 0.2729383865271759 0.14211821558106125 0.030596999231190736 -0.13646919326358795
0.0 0.0 -0.040868518642964966 -0.2733882456214236 0.022830245501172294 0.07428983734981875 0.0 0.0 0.24472626996545624 0.0 -0.25645759461573614 -0.040868518642964966 0.8201647368642708 0.04566049100234459 -0.1485796746996375 -0.08157542332181876 0.0 -0.17097172974382413 0.022830245501172294 -0.22286951204945626 0.08548586487191207
0.0 0.0 0.0978109829163511 -0.14986315499608588 -0.021141312355218333 0.0019749348748166118 0.0 0.0 0.6193594400013642 0.0 -0.45870930404228316 0.0978109829163511 0.44958946498825764 -0.042282624710436666 -0.0039498697496332235 -0.20645314666712145 0.0 -0.3058062026948555 -0.021141312355218333 -0.005924804624449835 0.15290310134742774
0.0 0.0 -0.02501179245860255 0.11779261381596011 -0.013984517584800496 -0.13843786559473087 0.0 0.0 0.4717015829065139 0.0 -0.4697720258570397 -0.02501179245860255 -0.3533778414478803 -0.027969035169600993 0.27687573118946174 -0.15723386096883799 0.0 -0.3131813505713598 -0.013984517584800496 0.4153135967841926 0.1565906752856799
0.0 0.0 0.09063246189448709 0.1686829772255416 -0.15052485478216798 -0.19447682106115607 0.0 0.0 -0.06389317872147238 0.0 0.13666226089996186 0.09063246189448709 -0.5060489316766248 -0.30104970956433597 0.38895364212231215 0.02129772624049079 0.0 0.09110817393330792 -0.15052485478216798 0.5834304631834683 -0.04555408696665396
0.0 0.0 -0.184093507645116 -0.023346499660838283 0.1299433643050977 -0.10177361085240373 0.0 0.0 0.5008545284003946 0.0 -0.5081808022208384 -0.184093507645116 0.07003949898251485 0.2598867286101954 0.20354722170480746 -0.16695150946679815 0.0 -0.33878720148055896 0.1299433643050977 0.3053208325572112 0.16939360074027948
0.0 0.0 0.03396044261273376 -0.11974955517140976 -0.041268988397991695 0.002215790560875778 0.0 0.0 -0.6565556204567915 0.0 0.4844292600810191 0.03396044261273376 0.35924866551422924 -0.08253797679598339 -0.004431581121751556 0.21885187348559718 0.0 0.3229528400540127 -0.041268988397991695 -0.006647371682627336 -0.16147642002700635
0.0 0.0 -0.08728166015165388 -0.23335331675463497 0.002216600604482185 0.08775472069685566 0.0 0.0 0.3054147652643813 0.0 -0.3834687264775759 -0.08728166015165388 0.7000599502639049 0.00443320120896437 -0.17550944139371133 -0.10180492175479378 0.0 -0.2556458176517173 0.002216600604482185 -0.26326416209056697 0.12782290882585864
0.0 0.0 -0.0798207177457675 -0.004676629877609996 0.13215032697293264 -0.04109335266624071 0.0 0.0 0.299302389759608 0.0 -0.6985554621458625 -0.0798207177457675 0.014029889632829987 0.26430065394586527 0.08218670533248142 -0.09976746325320267 0.0 -0.4657036414305751 0.13215032697293264 0.12328005799872213 0.23285182071528754
0.0 0.0 0.2027280900301589 0.20777198826241908 -0.06328381620131981 -0.12299142576677936 0.0 0.0 0.28013083006882084 0.0 -0.32381800119152493 0.2027280900301589 -0.6233159647872571 -0.12656763240263963 0.24598285153355873 -0.09337694335627361 0.0 -0.2158786674610166 -0.06328381620131981 0.36897427730033805 0.1079393337305083
0.0 0.0 0.09426804045591153 -0.18469158461265167 -0.11073522390811262 0.17307512515384924 0.0 0.0 0.3389161525046534 0.0 -0.11492862005357445 0.09426804045591153 0.554074753837955 -0.22147044781622524 -0.34615025030769847 -0.11297205083488446 0.0 -0.0766190800357163 -0.11073522390811262 -0.5192253754615477 0.03830954001785815
0.0 0.0 0.13187055717120721 -0.15624839197296547 -0.09282447446956318 0.13023370391929706 0.0 0.0 -0.589170084089125 0.0 0.17241992425522745 0.13187055717120721 0.46874517591889636 -0.18564894893912637 -0.2604674078385941 0.19639002802970837 0.0 0.11494661617015163 -0.09282447446956318 -0.39070111175789113 -0.057473308085075815
0.0 0.0 -0.026980367332403714 0.10547594517491984 -0.015204229256731648 -0.03272988019614284 0.0 0.0 -0.7723641670314613 0.0 0.36573871225096977 -0.026980367332403714 -0.3164278355247595 -0.030408458513463296 0.06545976039228568 0.2574547223438204 0.0 0.24382580816731314 -0.015204229256731648 0.09818964058842854 -0.12191290408365657
0.0 0.0 0.14192008914311893 -0.04014015291363403 -0.07875611832296471 0.0056937980902676015 0.0 0.0 -0.8726029814122056 0.0 0.19622593374676234 0.14192008914311893 0.12042045874090207 -0.15751223664592942 -0.011387596180535203 0.29086766047073526 0.0 0.13081728916450822 -0.07875611832296471 -0.017081394270802804 -0.06540864458225411
0.0 0.0 -0.4277191721325358 -0.015943579157352353 0.1623295421221215 0.06209450845951871 0.0 0.0 -0.536843300215007 0.0 0.2526091324345014 -0.4277191721325358 0.04783073747205706 0.324659084244243 -0.12418901691903741 0.1789477667383357 0.0 0.16840608828966763 0.1623295421221215 -0.1862835253785561 -0.08420304414483382
0.0 0.0 0.6707431207375273 0.00830255943832673 -0.1065465231549257 0.00963702440943729 0.0 0.0 0.16030984614871124 0.0 0.031567351135180464 0.6707431207375273 -0.02490767831498019 -0.2130930463098514 -0.01927404881887458 -0.05343661538290376 0.0 0.02104490075678698 -0.1065465231549257 -0.028911073228311872 -0.01052245037839349
0.0 0.0 0.41622502345257545 -0.0764601169065085 -0.12175989884904666 0.04688329948073243 0.0 0.0 -0.5844011367817148 0.0 0.24823545020689725 0.41622502345257545 0.22938035071952548 -0.24351979769809332 -0.09376659896146486 0.19480037892723828 0.0 0.1654903001379315 -0.12175989884904666 -0.14064989844219727 -0.08274515006896575
0.0 0.0 -0.3142153802077238 -0.044547446539253674 0.2754620880878947 0.14829468067613247 0.0 0.0 0.10354962277843388 0.0 -0.0700089869090079 -0.3142153802077238 0.13364233961776104 0.5509241761757894 -0.29658936135226494 -0.03451654092614463 0.0 -0.046672657939338606 0.2754620880878947 -0.44488404202839743 0.023336328969669303
0.0 0.0 -0.38253168840165713 0.20858962973653566 0.15266929307044244 -0.074773833264084 0.0 0.0 -0.2022560408279174 0.0 0.07464192943155668 -0.38253168840165713 -0.6257688892096069 0.3053385861408849 0.149547666528168 0.06741868027597246 0.0 0.04976128628770445 0.15266929307044244 0.22432149979225205 -0.024880643143852226
0.0 0.0 0.07912666206165878 0.16441982326568033 -0.06031981847601316 -0.13046150115910082 0.0 0.0 0.5897237394819892 0.0 -0.21305398190256367 0.07912666206165878 -0.493259469797041 -0.12063963695202631 0.26092300231820165 -0.19657457982732973 0.0 -0.14203598793504243 -0.06031981847601316 0.39138450347730247 0.07101799396752122
0.0 0.0 -0.18438940952269783 0.15823556608829362 0.15145999893645604 -0.11391097621652672 0.0 0.0 -0.4878375359659323 0.0 0.25085341489835855 -0.18438940952269783 -0.4747066982648808 0.3029199978729121 0.22782195243305345 0.1626125119886441 0.0 0.16723560993223902 0.15145999893645604 0.3417329286495801 -0.08361780496611951
0.0 0.0 -0.32578233635617954 0.2627600385530399 0.044661544707362215 -0.02614254909496932 0.0 0.0 -0.2461501542847684 0.0 0.07368243667632005 -0.32578233635617954 -0.7882801156591197 0.08932308941472443 0.05228509818993864 0.08205005142825612 0.0 0.04912162445088004 0.044661544707362215 0.07842764728490796 -0.02456081222544002
0.0 0.0 -0.2980221513054936 0.11825560134986099 0.21729139007053586 -0.1680065778141376 0.0 0.0 -0.04878936192738366 0.0 -0.030177326527153818 -0.2980221513054936 -0.35476680404958294 0.4345827801410717 0.3360131556282752 0.01626312064246122 0.0 -0.02011821768476921 0.21729139007053586 0.5040197334424128 0.010059108842384605
0.0 0.0 0.1435270757850578 -0.0021372927446970916 -0.03473136928466671 0.09331935124688284 0.0 0.0 -0.6362637412417099 0.0 0.4941127234502763 0.1435270757850578 0.006411878234091274 -0.06946273856933342 -0.18663870249376568 0.21208791374723668 0.0 0.3294084823001842 -0.03473136928466671 -0.2799580537406485 -0.1647042411500921
0.0 0.0 0.2948241326157792 -0.264012529143771 -0.020758712805581822 0.03639249668659079 0.0 0.0 -0.2856854113950106 0.0 0.10551715087934255 0.2948241326157792 0.7920375874313129 -0.041517425611163644 -0.07278499337318158 0.09522847046500353 0.0 0.07034476725289503 -0.020758712805581822 -0.10917749005977237 -0.03517238362644751
0.0 0.0 0.3595124990826569 -0.21033758281149453 -0.03680279252557158 0.06280646499347307 0.0 0.0 -0.44891238339133754 0.0 0.08715886598172673 0.3595124990826569 0.6310127484344835 -0.07360558505114316 -0.12561292998694615 0.14963746113044585 0.0 0.05810591065448449 -0.03680279252557158 -0.18841939498041924 -0.029052955327242246
0.0 0.0 -0.2741976069823723 0.13511601217785613 0.12756206310629378 -0.038873986152119094 0.0 0.0 0.46852245005888177 0.0 -0.44234578255779694 -0.2741976069823723 -0.4053480365335684 0.25512412621258757 0.07774797230423819 -0.15617415001962726 0.0 -0.2948971883718646 0.12756206310629378 0.11662195845635728 0.1474485941859323
0.0 0.0 0.1111879821958628 -0.3066974457112932 0.03776593456862935 0.010897563501164402 0.0 0.0 -0.1482465128099194 0.0 0.0011677458595812248 0.1111879821958628 0.9200923371338794 0.0755318691372587 -0.021795127002328805 0.04941550426997314 0.0 0.0007784972397208165 0.03776593456862935 -0.0326926905034932 -0.00038924861986040825
0.0 0.0 -0.14605999935486072 0.018078818295972195 -0.0076724744506326825 -0.023557923259532283 0.0 0.0 -0.741658547061036 0.0 0.4639043073249258 -0.14605999935486072 -0.05423645488791658 -0.015344948901265365 0.047115846519064565 0.247219515687012 0.0 0.3092695382166172 -0.0076724744506326825 0.07067376977859685 -0.1546347691083086
