0.0 0.0 0.5197849658163447 0.0 -0.2420054838184825 0.0 0.0 0.0 0.0 0.0 0.14655248087106368 0.5197849658163447 0.0 -0.484010967636965 0.0 0.0 0.0 -0.29310496174212736 -0.2420054838184825 0.0 0.029310496174212736
0.0 0.0 -0.28029350348998583 0.0 0.3240299303949211 0.0 0.0 0.0 0.0 0.0 -0.205528127807071 -0.28029350348998583 0.0 0.6480598607898422 0.0 0.0 0.0 0.411056255614142 0.3240299303949211 0.0 -0.04110562556141421
0.0 0.0 -0.1735407025426706 0.0 0.2955029460161027 0.0 0.0 0.0 0.0 0.0 0.2872403252742456 -0.1735407025426706 0.0 0.5910058920322054 0.0 0.0 0.0 -0.5744806505484912 0.2955029460161027 0.0 0.057448065054849125
0.0 0.0 -0.26638935844095424 0.0 0.282961416912714 0.0 0.0 0.0 0.0 0.0 0.27374186899982567 -0.26638935844095424 0.0 0.565922833825428 0.0 0.0 0.0 -0.5474837379996513 0.282961416912714 0.0 0.05474837379996513
0.0 0.0 0.33626757890507153 0.0 -0.21945582444993433 0.0 0.0 0.0 0.0 0.0 -0.3101724678472359 0.33626757890507153 0.0 -0.43891164889986867 0.0 0.0 0.0 0.6203449356944718 -0.21945582444993433 0.0 -0.06203449356944718
0.0 0.0 0.1612792415260069 0.0 -0.2394818657264666 0.0 0.0 0.0 0.0 0.0 -0.346143328773627 0.1612792415260069 0.0 -0.4789637314529332 0.0 0.0 0.0 0.692286657547254 -0.2394818657264666 0.0 -0.06922866575472542
0.0 0.0 -0.40061553780380504 0.0 0.30320606257611527 0.0 0.0 0.0 0.0 0.0 -0.15899665779834968 -0.40061553780380504 0.0 0.6064121251522305 0.0 0.0 0.0 0.31799331559669936 0.30320606257611527 0.0 -0.031799331559669936
0.0 0.0 0.3154909074146769 0.0 -0.26709124486287034 0.0 0.0 0.0 0.0 0.0 0.2720091969233779 0.3154909074146769 0.0 -0.5341824897257407 0.0 0.0 0.0 -0.5440183938467558 -0.26709124486287034 0.0 0.05440183938467558
0.0 0.0 -0.14432836458919074 0.0 0.27545796912105164 0.0 0.0 0.0 0.0 0.0 -0.31593778579226667 -0.14432836458919074 0.0 0.5509159382421033 0.0 0.0 0.0 0.6318755715845333 0.27545796912105164 0.0 -0.06318755715845334
0.0 0.0 0.012751595798580222 0.0 -0.18289360191160714 0.0 0.0 0.0 0.0 0.0 0.3981540680220835 0.012751595798580222 0.0 -0.3657872038232143 0.0 0.0 0.0 -0.796308136044167 -0.18289360191160714 0.0 0.07963081360441669
0.0 0.0 0.5119512984642975 0.0 -0.25474966918631964 0.0 0.0 0.0 0.0 0.0 0.13095147251713316 0.5119512984642975 0.0 -0.5094993383726393 0.0 0.0 0.0 -0.2619029450342663 -0.25474966918631964 0.0 0.026190294503426633
0.0 0.0 0.6130783335245451 0.0 -0.1355244548094683 0.0 0.0 0.0 0.0 0.0 0.1655130592466132 0.6130783335245451 0.0 -0.2710489096189366 0.0 0.0 0.0 -0.3310261184932264 -0.1355244548094683 0.0 0.033102611849322644
0.0 0.0 0.13923836690103697 0.0 -0.1590890240169936 0.0 0.0 0.0 0.0 0.0 0.4007357937429388 0.13923836690103697 0.0 -0.3181780480339872 0.0 0.0 0.0 -0.8014715874858775 -0.1590890240169936 0.0 0.08014715874858776
0.0 0.0 0.28364297713808667 0.0 -0.1693804462098686 0.0 0.0 0.0 0.0 0.0 -0.36377509996065027 0.28364297713808667 0.0 -0.3387608924197372 0.0 0.0 0.0 0.7275501999213005 -0.1693804462098686 0.0 -0.07275501999213005
0.0 0.0 0.0864603904559065 0.0 -0.2717410127672318 0.0 0.0 0.0 0.0 0.0 0.327929451147246 0.0864603904559065 0.0 -0.5434820255344636 0.0 0.0 0.0 -0.655858902294492 -0.2717410127672318 0.0 0.06558589022944919
0.0 0.0 0.16341339001514454 0.0 -0.24314069885403844 0.0 0.0 0.0 0.0 0.0 0.34269234295945794 0.16341339001514454 0.0 -0.4862813977080769 0.0 0.0 0.0 -0.6853846859189159 -0.24314069885403844 0.0 0.06853846859189158
0.0 0.0 -0.42544193199879354 0.0 0.2850986609359839 0.0 0.0 0.0 0.0 0.0 -0.1726950508645781 -0.42544193199879354 0.0 0.5701973218719678 0.0 0.0 0.0 0.3453901017291562 0.2850986609359839 0.0 -0.03453901017291563
0.0 0.0 0.44110621699084795 0.0 -0.26366066407264277 0.0 0.0 0.0 0.0 0.0 0.19606695082064177 0.44110621699084795 0.0 -0.5273213281452855 0.0 0.0 0.0 -0.39213390164128353 -0.26366066407264277 0.0 0.03921339016412835
0.0 0.0 -0.6387332143399798 0.0 0.14500513901579734 0.0 0.0 0.0 0.0 0.0 -0.1071647779511143 -0.6387332143399798 0.0 0.2900102780315947 0.0 0.0 0.0 0.2143295559022286 0.14500513901579734 0.0 -0.02143295559022286
0.0 0.0 -0.19700899986396556 0.0 0.2976577580753575 0.0 0.0 0.0 0.0 0.0 -0.2784502400227954 -0.19700899986396556 0.0 0.595315516150715 0.0 0.0 0.0 0.5569004800455908 0.2976577580753575 0.0 -0.05569004800455908
0.0 0.0 -0.5944654939154413 0.0 0.16693124996147013 0.0 0.0 0.0 0.0 0.0 -0.1581297562215538 -0.5944654939154413 0.0 0.33386249992294026 0.0 0.0 0.0 0.3162595124431076 0.16693124996147013 0.0 -0.031625951244310765
0.0 0.0 -0.5770914767585856 0.0 0.15828396634034356 0.0 0.0 0.0 0.0 0.0 -0.19086684614375998 -0.5770914767585856 0.0 0.3165679326806871 0.0 0.0 0.0 0.38173369228751997 0.15828396634034356 0.0 -0.038173369228752
0.0 0.0 0.4454368509993293 0.0 -0.2921249655488172 0.0 0.0 0.0 0.0 0.0 -0.13448169947060978 0.4454368509993293 0.0 -0.5842499310976343 0.0 0.0 0.0 0.26896339894121957 -0.2921249655488172 0.0 -0.02689633989412196
0.0 0.0 -0.45773182687358194 0.0 0.23443513797996185 0.0 0.0 0.0 0.0 0.0 -0.22325342645473228 -0.45773182687358194 0.0 0.4688702759599237 0.0 0.0 0.0 0.44650685290946457 0.23443513797996185 0.0 -0.04465068529094646
0.0 0.0 -0.275197227608116 0.0 0.3010951768676656 0.0 0.0 0.0 0.0 0.0 0.24583157329304914 -0.275197227608116 0.0 0.6021903537353313 0.0 0.0 0.0 -0.4916631465860983 0.3010951768676656 0.0 0.04916631465860983
0.0 0.0 0.2645122999030317 0.0 -0.27637570257032 0.0 0.0 0.0 0.0 0.0 -0.28233905113559593 0.2645122999030317 0.0 -0.55275140514064 0.0 0.0 0.0 0.5646781022711919 -0.27637570257032 0.0 -0.05646781022711919
0.0 0.0 -0.30238921086998943 0.0 0.21654768297300356 0.0 0.0 0.0 0.0 0.0 -0.32604050054347716 -0.30238921086998943 0.0 0.4330953659460071 0.0 0.0 0.0 0.6520810010869543 0.21654768297300356 0.0 -0.06520810010869543
0.0 0.0 0.6820182648380672 0.0 -0.09332679256292109 0.0 0.0 0.0 0.0 0.0 0.0588292383473861 0.6820182648380672 0.0 -0.18665358512584218 0.0 0.0 0.0 -0.1176584766947722 -0.09332679256292109 0.0 0.01176584766947722
0.0 0.0 -0.3812294223718738 0.0 0.2526485375451921 0.0 0.0 0.0 0.0 0.0 0.2544604289463048 -0.3812294223718738 0.0 0.5052970750903842 0.0 0.0 0.0 -0.5089208578926095 0.2526485375451921 0.0 0.05089208578926096
0.0 0.0 0.1730079850435068 0.0 -0.26775408130948336 0.0 0.0 0.0 0.0 0.0 -0.31809919894906286 0.1730079850435068 0.0 -0.5355081626189667 0.0 0.0 0.0 0.6361983978981257 -0.26775408130948336 0.0 -0.06361983978981257
0.0 0.0 0.10856425960983233 0.0 -0.20282115653367355 0.0 0.0 0.0 0.0 0.0 0.3804782584168717 0.10856425960983233 0.0 -0.4056423130673471 0.0 0.0 0.0 -0.7609565168337434 -0.20282115653367355 0.0 0.07609565168337434
0.0 0.0 -0.5089306668953948 0.0 0.17358781722135141 0.0 0.0 0.0 0.0 0.0 -0.24445548936749267 -0.5089306668953948 0.0 0.34717563444270283 0.0 0.0 0.0 0.48891097873498535 0.17358781722135141 0.0 -0.04889109787349854
0.0 0.0 0.2704856273178784 0.0 -0.28909011925521116 0.0 0.0 0.0 0.0 0.0 -0.26436374221704245 0.2704856273178784 0.0 -0.5781802385104223 0.0 0.0 0.0 0.5287274844340849 -0.28909011925521116 0.0 -0.052872748443408495
0.0 0.0 -0.12597939127854507 0.0 0.3115123164514181 0.0 0.0 0.0 0.0 0.0 -0.2767508643182771 -0.12597939127854507 0.0 0.6230246329028362 0.0 0.0 0.0 0.5535017286365542 0.3115123164514181 0.0 -0.055350172863655435
0.0 0.0 0.18021050602780148 0.0 -0.28089738734071396 0.0 0.0 0.0 0.0 0.0 -0.302643214735882 0.18021050602780148 0.0 -0.5617947746814279 0.0 0.0 0.0 0.605286429471764 -0.28089738734071396 0.0 -0.0605286429471764
0.0 0.0 0.3224590831894828 0.0 -0.18226948373369972 0.0 0.0 0.0 0.0 0.0 -0.3429295160856789 0.3224590831894828 0.0 -0.36453896746739944 0.0 0.0 0.0 0.6858590321713578 -0.18226948373369972 0.0 -0.06858590321713577
0.0 0.0 0.35623351826204025 0.0 -0.29467962146790927 0.0 0.0 0.0 0.0 0.0 -0.21137253893251337 0.35623351826204025 0.0 -0.5893592429358185 0.0 0.0 0.0 0.42274507786502674 -0.29467962146790927 0.0 -0.04227450778650268
0.0 0.0 0.38701188442618967 0.0 -0.2714644419985154 0.0 0.0 0.0 0.0 0.0 0.2263784683099578 0.38701188442618967 0.0 -0.5429288839970308 0.0 0.0 0.0 -0.4527569366199156 -0.2714644419985154 0.0 0.045275693661991565
0.0 0.0 -0.5278133407833014 0.0 0.2487204098448685 0.0 0.0 0.0 0.0 0.0 0.11923624420840177 -0.5278133407833014 0.0 0.497440819689737 0.0 0.0 0.0 -0.23847248841680355 0.2487204098448685 0.0 0.023847248841680355
0.0 0.0 0.6679383164160408 0.0 -0.12003895475370467 0.0 0.0 0.0 0.0 0.0 0.06494916659478214 0.6679383164160408 0.0 -0.24007790950740934 0.0 0.0 0.0 -0.12989833318956429 -0.12003895475370467 0.0 0.01298983331895643
0.0 0.0 -0.38453435850969253 0.0 0.2961576973230269 0.0 0.0 0.0 0.0 0.0 -0.18793487354994196 -0.38453435850969253 0.0 0.5923153946460538 0.0 0.0 0.0 0.3758697470998839 0.2961576973230269 0.0 -0.0375869747099884
0.0 0.0 0.20096430753512617 0.0 -0.28912217552389696 0.0 0.0 0.0 0.0 0.0 -0.2878756689561484 0.20096430753512617 0.0 -0.5782443510477939 0.0 0.0 0.0 0.5757513379122968 -0.28912217552389696 0.0 -0.05757513379122969
0.0 0.0 -0.2860164529909579 0.0 0.31968113033500556 0.0 0.0 0.0 0.0 0.0 -0.21044785326799473 -0.2860164529909579 0.0 0.6393622606700111 0.0 0.0 0.0 0.42089570653598946 0.31968113033500556 0.0 -0.04208957065359894
0.0 0.0 -0.2416896940113929 0.0 0.2583697825020938 0.0 0.0 0.0 0.0 0.0 0.30945501139685494 -0.2416896940113929 0.0 0.5167395650041876 0.0 0.0 0.0 -0.6189100227937099 0.2583697825020938 0.0 0.06189100227937099
0.0 0.0 -0.26377050646316735 0.0 0.3130056450770877 0.0 0.0 0.0 0.0 0.0 -0.23274374351793692 -0.26377050646316735 0.0 0.6260112901541754 0.0 0.0 0.0 0.46548748703587384 0.3130056450770877 0.0 -0.046548748703587384
0.0 0.0 -0.4398472540025592 0.0 0.23342672062217318 0.0 0.0 0.0 0.0 0.0 -0.23827279571248508 -0.4398472540025592 0.0 0.46685344124434636 0.0 0.0 0.0 0.47654559142497016 0.23342672062217318 0.0 -0.04765455914249702
0.0 0.0 -0.4643942099256944 0.0 0.26180416053877686 0.0 0.0 0.0 0.0 0.0 -0.17673601779100548 -0.4643942099256944 0.0 0.5236083210775537 0.0 0.0 0.0 0.35347203558201096 0.26180416053877686 0.0 -0.0353472035582011
0.0 0.0 -0.46050726825326865 0.0 0.20701271142321984 0.0 0.0 0.0 0.0 0.0 -0.2514799589773998 -0.46050726825326865 0.0 0.4140254228464397 0.0 0.0 0.0 0.5029599179547996 0.20701271142321984 0.0 -0.05029599179547995
0.0 0.0 -0.5061512965034747 0.0 0.23225121420195388 0.0 0.0 0.0 0.0 0.0 -0.18037547429565737 -0.5061512965034747 0.0 0.46450242840390776 0.0 0.0 0.0 0.36075094859131474 0.23225121420195388 0.0 -0.036075094859131476
0.0 0.0 -0.3309239061018544 0.0 0.24347357003222653 0.0 0.0 0.0 0.0 0.0 -0.29049166754269823 -0.3309239061018544 0.0 0.48694714006445305 0.0 0.0 0.0 0.5809833350853965 0.24347357003222653 0.0 -0.05809833350853965
0.0 0.0 -0.3955461913530813 0.0 0.22688362218730626 0.0 0.0 0.0 0.0 0.0 -0.27394434933027906 -0.3955461913530813 0.0 0.4537672443746125 0.0 0.0 0.0 0.5478886986605581 0.22688362218730626 0.0 -0.054788869866055814
0.0 0.0 -0.41276789364829514 0.0 0.231606488994266 0.0 0.0 0.0 0.0 0.0 -0.2587346872552002 -0.41276789364829514 0.0 0.463212977988532 0.0 0.0 0.0 0.5174693745104004 0.231606488994266 0.0 -0.05174693745104004
0.0 0.0 -0.44064782629463733 0.0 0.22202628812310282 0.0 0.0 0.0 0.0 0.0 -0.25035092459959835 -0.44064782629463733 0.0 0.44405257624620564 0.0 0.0 0.0 0.5007018491991967 0.22202628812310282 0.0 -0.05007018491991967
0.0 0.0 -0.6184755035090426 0.0 0.13912692042767552 0.0 0.0 0.0 0.0 0.0 -0.1535546430791936 -0.6184755035090426 0.0 0.27825384085535104 0.0 0.0 0.0 0.3071092861583872 0.13912692042767552 0.0 -0.03071092861583872
0.0 0.0 -0.3673816542582501 0.0 0.24724733807015944 0.0 0.0 0.0 0.0 0.0 0.2684737739298716 -0.3673816542582501 0.0 0.4944946761403189 0.0 0.0 0.0 -0.5369475478597432 0.24724733807015944 0.0 0.05369475478597432
0.0 0.0 -0.26353876717597674 0.0 0.23950680289023765 0.0 0.0 0.0 0.0 0.0 -0.32025336714538866 -0.26353876717597674 0.0 0.4790136057804753 0.0 0.0 0.0 0.6405067342907773 0.23950680289023765 0.0 -0.06405067342907773
0.0 0.0 -0.342027833952061 0.0 0.1887707550840879 0.0 0.0 0.0 0.0 0.0 0.3310120165642407 -0.342027833952061 0.0 0.3775415101681758 0.0 0.0 0.0 -0.6620240331284813 0.1887707550840879 0.0 0.06620240331284813
0.0 0.0 0.5241404794019685 0.0 -0.21461466874062918 0.0 0.0 0.0 0.0 0.0 0.18591087399603629 0.5241404794019685 0.0 -0.42922933748125836 0.0 0.0 0.0 -0.37182174799207257 -0.21461466874062918 0.0 0.03718217479920727
0.0 0.0 0.21410518997761924 0.0 -0.27416748875917446 0.0 0.0 0.0 0.0 0.0 0.3012247038362469 0.21410518997761924 0.0 -0.5483349775183489 0.0 0.0 0.0 -0.6024494076724938 -0.27416748875917446 0.0 0.060244940767249386
0.0 0.0 -0.6608599204376271 0.0 0.12637293853186513 0.0 0.0 0.0 0.0 0.0 0.07805626475889098 -0.6608599204376271 0.0 0.25274587706373025 0.0 0.0 0.0 -0.15611252951778196 0.12637293853186513 0.0 0.015611252951778197
0.0 0.0 0.29045440460509486 0.0 -0.2837030485872066 0.0 0.0 0.0 0.0 0.0 0.2629004726825277 0.29045440460509486 0.0 -0.5674060971744131 0.0 0.0 0.0 -0.5258009453650554 -0.2837030485872066 0.0 0.05258009453650554
0.0 0.0 -0.3185512255199968 0.0 0.23295880318322287 0.0 0.0 0.0 0.0 0.0 0.30583979153556784 -0.3185512255199968 0.0 0.46591760636644575 0.0 0.0 0.0 -0.6116795830711357 0.23295880318322287 0.0 0.06116795830711358
0.0 0.0 0.5821002655488188 0.0 -0.1768486187825189 0.0 0.0 0.0 0.0 0.0 -0.16346080904033017 0.5821002655488188 0.0 -0.3536972375650378 0.0 0.0 0.0 0.32692161808066034 -0.1768486187825189 0.0 -0.03269216180806603
0.0 0.0 0.2859571462118505 0.0 -0.3027665082852719 0.0 0.0 0.0 0.0 0.0 -0.2384022834933513 0.2859571462118505 0.0 -0.6055330165705438 0.0 0.0 0.0 0.4768045669867026 -0.3027665082852719 0.0 -0.047680456698670264
0.0 0.0 0.5511924772868192 0.0 -0.23861369771151153 0.0 0.0 0.0 0.0 0.0 -0.10035129323463689 0.5511924772868192 0.0 -0.47722739542302306 0.0 0.0 0.0 0.20070258646927377 -0.23861369771151153 0.0 -0.02007025864692738
0.0 0.0 0.6671769162183945 0.0 -0.11701066806737347 0.0 0.0 0.0 0.0 0.0 0.07400255556664616 0.6671769162183945 0.0 -0.23402133613474693 0.0 0.0 0.0 -0.14800511113329232 -0.11701066806737347 0.0 0.01480051111332923
0.0 0.0 -0.4822678504034611 0.0 0.24941833264984808 0.0 0.0 0.0 0.0 0.0 0.1790508556844202 -0.4822678504034611 0.0 0.49883666529969617 0.0 0.0 0.0 -0.3581017113688404 0.24941833264984808 0.0 0.03581017113688404
0.0 0.0 -0.18085351775386493 0.0 0.32647950551231153 0.0 0.0 0.0 0.0 0.0 -0.24195418246364664 -0.18085351775386493 0.0 0.6529590110246231 0.0 0.0 0.0 0.4839083649272933 0.32647950551231153 0.0 -0.048390836492729336
0.0 0.0 -0.3405877091072769 0.0 0.30725209434629663 0.0 0.0 0.0 0.0 0.0 0.1999885551928784 -0.3405877091072769 0.0 0.6145041886925933 0.0 0.0 0.0 -0.3999771103857568 0.30725209434629663 0.0 0.039997711038575676
0.0 0.0 0.28909660671447274 0.0 -0.2421360101561114 0.0 0.0 0.0 0.0 0.0 -0.30894958348603874 0.28909660671447274 0.0 -0.4842720203122228 0.0 0.0 0.0 0.6178991669720775 -0.2421360101561114 0.0 -0.06178991669720775
0.0 0.0 0.6119566043213308 0.0 -0.17460009983248712 0.0 0.0 0.0 0.0 0.0 -0.11624674401134526 0.6119566043213308 0.0 -0.34920019966497423 0.0 0.0 0.0 0.23249348802269051 -0.17460009983248712 0.0 -0.023249348802269053
0.0 0.0 -0.54712943320139 0.0 0.1641506565457766 0.0 0.0 0.0 0.0 0.0 0.21804785879889912 -0.54712943320139 0.0 0.3283013130915532 0.0 0.0 0.0 -0.43609571759779825 0.1641506565457766 0.0 0.04360957175977983
0.0 0.0 0.24173351671066698 0.0 -0.3268369000167458 0.0 0.0 0.0 0.0 0.0 -0.2192138092164823 0.24173351671066698 0.0 -0.6536738000334916 0.0 0.0 0.0 0.4384276184329646 -0.3268369000167458 0.0 -0.04384276184329647
0.0 0.0 0.18603380023878113 0.0 -0.2814317140813476 0.0 0.0 0.0 0.0 0.0 -0.3006474469205579 0.18603380023878113 0.0 -0.5628634281626952 0.0 0.0 0.0 0.6012948938411158 -0.2814317140813476 0.0 -0.06012948938411158
0.0 0.0 -0.5556825551361209 0.0 0.1673913953722246 0.0 0.0 0.0 0.0 0.0 -0.20621038357707475 -0.5556825551361209 0.0 0.3347827907444492 0.0 0.0 0.0 0.4124207671541495 0.1673913953722246 0.0 -0.04124207671541496
0.0 0.0 -0.6268277192972683 0.0 0.16915882884308525 0.0 0.0 0.0 0.0 0.0 -0.09181348025375412 -0.6268277192972683 0.0 0.3383176576861705 0.0 0.0 0.0 0.18362696050750824 0.16915882884308525 0.0 -0.018362696050750825
0.0 0.0 0.26726635556654765 0.0 -0.3206458127273368 0.0 0.0 0.0 0.0 0.0 -0.218333772739882 0.26726635556654765 0.0 -0.6412916254546736 0.0 0.0 0.0 0.436667545479764 -0.3206458127273368 0.0 -0.043666754547976395
0.0 0.0 -0.2266511150276636 0.0 0.2865774450130272 0.0 0.0 0.0 0.0 0.0 0.28329788019515534 -0.2266511150276636 0.0 0.5731548900260544 0.0 0.0 0.0 -0.5665957603903107 0.2865774450130272 0.0 0.056659576039031066
0.0 0.0 0.6985484901653156 0.0 -0.05788185793442563 0.0 0.0 0.0 0.0 0.0 0.028024071667609046 0.6985484901653156 0.0 -0.11576371586885126 0.0 0.0 0.0 -0.05604814333521809 -0.05788185793442563 0.0 0.00560481433352181
0.0 0.0 0.22227964774552378 0.0 -0.25387159705768114 0.0 0.0 0.0 0.0 0.0 0.3194982393201561 0.22227964774552378 0.0 -0.5077431941153623 0.0 0.0 0.0 -0.6389964786403122 -0.25387159705768114 0.0 0.06389964786403123
0.0 0.0 -0.06334079018430225 0.0 0.1986139372802175 0.0 0.0 0.0 0.0 0.0 -0.3871166593645007 -0.06334079018430225 0.0 0.397227874560435 0.0 0.0 0.0 0.7742333187290014 0.1986139372802175 0.0 -0.07742333187290015
0.0 0.0 -0.33120231292733704 0.0 0.18391043359703166 0.0 0.0 0.0 0.0 0.0 -0.33855193802969996 -0.33120231292733704 0.0 0.3678208671940633 0.0 0.0 0.0 0.6771038760593999 0.18391043359703166 0.0 -0.06771038760593999
0.0 0.0 0.5842536224068932 0.0 -0.21124305980098113 0.0 0.0 0.0 0.0 0.0 0.09915678974859138 0.5842536224068932 0.0 -0.42248611960196225 0.0 0.0 0.0 -0.19831357949718276 -0.21124305980098113 0.0 0.019831357949718277
0.0 0.0 -0.46396070511492227 0.0 0.20791775523441822 0.0 0.0 0.0 0.0 0.0 0.24804880254916314 -0.46396070511492227 0.0 0.41583551046883643 0.0 0.0 0.0 -0.4960976050983263 0.20791775523441822 0.0 0.04960976050983263
0.0 0.0 0.6432606324523323 0.0 -0.15721855017704492 0.0 0.0 0.0 0.0 0.0 0.06918671877352334 0.6432606324523323 0.0 -0.31443710035408984 0.0 0.0 0.0 -0.13837343754704667 -0.15721855017704492 0.0 0.013837343754704667
0.0 0.0 0.6079052945821423 0.0 -0.17207364814534706 0.0 0.0 0.0 0.0 0.0 0.12851893143982163 0.6079052945821423 0.0 -0.3441472962906941 0.0 0.0 0.0 -0.25703786287964325 -0.17207364814534706 0.0 0.025703786287964325
0.0 0.0 -0.48114239280728377 0.0 0.2057152354362497 0.0 0.0 0.0 0.0 0.0 0.23699986904080703 -0.48114239280728377 0.0 0.4114304708724994 0.0 0.0 0.0 -0.47399973808161405 0.2057152354362497 0.0 0.04739997380816141
0.0 0.0 -0.11460460656057353 0.0 0.2878173438500747 0.0 0.0 0.0 0.0 0.0 0.30754359214328747 -0.11460460656057353 0.0 0.5756346877001494 0.0 0.0 0.0 -0.6150871842865749 0.2878173438500747 0.0 0.06150871842865749
0.0 0.0 -0.09656851991385786 0.0 0.2818861291630492 0.0 0.0 0.0 0.0 0.0 0.3164129005244252 -0.09656851991385786 0.0 0.5637722583260985 0.0 0.0 0.0 -0.6328258010488504 0.2818861291630492 0.0 0.06328258010488505
0.0 0.0 0.2340917901837042 0.0 -0.2692243168735336 0.0 0.0 0.0 0.0 0.0 0.300631501599844 0.2340917901837042 0.0 -0.5384486337470672 0.0 0.0 0.0 -0.601263003199688 -0.2692243168735336 0.0 0.0601263003199688
0.0 0.0 -0.41610947878718135 0.0 0.2787811541374416 0.0 0.0 0.0 0.0 0.0 0.19282373927325647 -0.41610947878718135 0.0 0.5575623082748832 0.0 0.0 0.0 -0.38564747854651293 0.2787811541374416 0.0 0.0385647478546513
0.0 0.0 -0.15407884557646928 0.0 0.2621153721201664 0.0 0.0 0.0 0.0 0.0 -0.32741550736123076 -0.15407884557646928 0.0 0.5242307442403328 0.0 0.0 0.0 0.6548310147224615 0.2621153721201664 0.0 -0.06548310147224616
0.0 0.0 -0.5928405864001363 0.0 0.15352400781078848 0.0 0.0 0.0 0.0 0.0 -0.1757423892477974 -0.5928405864001363 0.0 0.30704801562157696 0.0 0.0 0.0 0.3514847784955948 0.15352400781078848 0.0 -0.035148477849559476
0.0 0.0 -0.3961062337557163 0.0 0.18869523915823153 0.0 0.0 0.0 0.0 0.0 -0.30620706484708665 -0.3961062337557163 0.0 0.37739047831646305 0.0 0.0 0.0 0.6124141296941733 0.18869523915823153 0.0 -0.061241412969417326
0.0 0.0 0.21787429814393214 0.0 -0.3883828063841687 0.0 0.0 0.0 0.0 0.0 0.0016876446158947233 0.21787429814393214 0.0 -0.7767656127683374 0.0 0.0 0.0 -0.0033752892317894466 -0.3883828063841687 0.0 0.00033752892317894466
0.0 0.0 0.5842172284291121 0.0 -0.22999111917592086 0.0 0.0 0.0 0.0 0.0 -0.0009930926579740293 0.5842172284291121 0.0 -0.4599822383518417 0.0 0.0 0.0 0.0019861853159480586 -0.22999111917592086 0.0 -0.00019861853159480584
0.0 0.0 -0.3362906653519263 0.0 0.3591204337417506 0.0 0.0 0.0 0.0 0.0 0.001559737026246969 -0.3362906653519263 0.0 0.7182408674835012 0.0 0.0 0.0 -0.003119474052493938 0.3591204337417506 0.0 0.0003119474052493938
0.0 0.0 0.3039901291572901 0.0 -0.3685935162685159 0.0 0.0 0.0 0.0 0.0 0.0016011738461962264 0.3039901291572901 0.0 -0.7371870325370318 0.0 0.0 0.0 -0.0032023476923924528 -0.3685935162685159 0.0 0.0003202347692392453
0.0 0.0 0.007650967414381328 0.0 -0.06520308724035224 0.0 0.0 0.0 0.0 0.0 0.4396910598943692 0.007650967414381328 0.0 -0.1304061744807045 0.0 0.0 0.0 -0.8793821197887384 -0.06520308724035224 0.0 0.08793821197887385
0.0 0.0 -0.06235599443299975 0.0 0.14435301317141597 0.0 0.0 0.0 0.0 0.0 0.4148045785454282 -0.06235599443299975 0.0 0.28870602634283193 0.0 0.0 0.0 -0.8296091570908564 0.14435301317141597 0.0 0.08296091570908563
