0.0 0.0 0.0 0.0 0.0 0.0 0.0 0.0007582665148314535 0.0 -0.03131215654703638 0.0 0.0 0.0 0.0 0.0 0.0 -0.9995093665815575 0.0 0.0 0.0 0.0
0.0 0.0 0.0 0.0 0.0 0.0 0.0 -0.0010127950259850684 0.0 0.9998117603510102 0.0 0.0 0.0 0.0 0.0 0.0 0.019375709278616298 0.0 0.0 0.0 0.0
0.0 0.0 0.0 0.0 0.0 0.0 0.0 -0.0009172792826668154 0.0 0.9998365604292473 0.0 0.0 0.0 0.0 0.0 0.0 0.018055775467416466 0.0 0.0 0.0 0.0
0.0 0.0 0.0 0.0 0.0 0.0 0.0 -0.0012164621135951602 0.0 0.9992095289191777 0.0 0.0 0.0 0.0 0.0 0.0 0.03973458867336496 0.0 0.0 0.0 0.0
0.0 0.0 0.0 0.0 0.0 0.0 0.0 -0.0017747108888251277 0.0 0.9997645785450625 0.0 0.0 0.0 0.0 0.0 0.0 0.021624936713774544 0.0 0.0 0.0 0.0
0.0 0.0 0.0 0.0 0.0 0.0 0.0 -0.003481827991425934 0.0 0.9997015288888822 0.0 0.0 0.0 0.0 0.0 0.0 0.02418119126655608 0.0 0.0 0.0 0.0
0.0 0.0 0.0 0.0 0.0 0.0 0.0 -0.007305339239207625 0.0 0.999127958346431 0.0 0.0 0.0 0.0 0.0 0.0 0.04110906066906179 0.0 0.0 0.0 0.0
0.0 0.0 0.0 0.0 0.0 0.0 0.0 -0.0025572766301461794 0.0 0.9998117519404007 0.0 0.0 0.0 0.0 0.0 0.0 0.01923333091546068 0.0 0.0 0.0 0.0
0.0 0.0 0.0 0.0 0.0 0.0 0.0 -0.9649853598579273 0.0 0.0004307788709335278 0.0 0.0 0.0 0.0 0.0 0.0 0.2623033924474309 0.0 0.0 0.0 0.0
0.0 0.0 0.0 0.0 0.0 0.0 0.0 -0.011982442889209891 0.0 0.044660207586999616 0.0 0.0 0.0 0.0 0.0 0.0 0.9989303714076838 0.0 0.0 0.0 0.0
0.0 0.0 0.0 0.0 0.0 0.0 0.0 -0.03004908757823491 0.0 0.07673843675078484 0.0 0.0 0.0 0.0 0.0 0.0 0.9965983467078207 0.0 0.0 0.0 0.0
0.0 0.0 0.0 0.0 0.0 0.0 0.0 -0.003564857941378208 0.0 0.9365937789177985 0.0 0.0 0.0 0.0 0.0 0.0 0.3503988942338944 0.0 0.0 0.0 0.0
0.0 0.0 0.0 0.0 0.0 0.0 0.0 -0.008801173588856959 0.0 0.9981947585061419 0.0 0.0 0.0 0.0 0.0 0.0 0.05941181224574577 0.0 0.0 0.0 0.0
0.0 0.0 0.0 0.0 0.0 0.0 0.0 0.018228643381327143 0.0 -0.995181946660284 0.0 0.0 0.0 0.0 0.0 0.0 -0.09633592062114589 0.0 0.0 0.0 0.0
0.0 0.0 0.0 0.0 0.0 0.0 0.0 -0.019018174040281808 0.0 0.999340902218787 0.0 0.0 0.0 0.0 0.0 0.0 0.030920385002687078 0.0 0.0 0.0 0.0
0.0 0.0 0.0 0.0 0.0 0.0 0.0 -0.02987249513183972 0.0 0.9989113045559831 0.0 0.0 0.0 0.0 0.0 0.0 0.03583070840580773 0.0 0.0 0.0 0.0
0.0 0.0 0.0 0.0 0.0 0.0 0.0 -0.0221968698367566 0.0 0.998231107709622 0.0 0.0 0.0 0.0 0.0 0.0 0.055153917089097296 0.0 0.0 0.0 0.0
0.0 0.0 0.0 0.0 0.0 0.0 0.0 -0.0351134348664228 0.0 0.997906708328424 0.0 0.0 0.0 0.0 0.0 0.0 0.05430698081288869 0.0 0.0 0.0 0.0
0.0 0.0 0.0 0.0 0.0 0.0 0.0 -0.03108974426027853 0.0 0.9935176986941784 0.0 0.0 0.0 0.0 0.0 0.0 0.10934354202811467 0.0 0.0 0.0 0.0
0.0 0.0 0.0 0.0 0.0 0.0 0.0 -0.014660326318543932 0.0 0.9859231564245585 0.0 0.0 0.0 0.0 0.0 0.0 0.1665551093724511 0.0 0.0 0.0 0.0
0.0 0.0 0.0 0.0 0.0 0.0 0.0 -0.010147831058957361 0.0 0.9996926886235914 0.0 0.0 0.0 0.0 0.0 0.0 0.02261746752697886 0.0 0.0 0.0 0.0
0.0 0.0 0.0 0.0 0.0 0.0 0.0 -0.027103310717794975 0.0 0.9989838241813367 0.0 0.0 0.0 0.0 0.0 0.0 0.03601013152109888 0.0 0.0 0.0 0.0
0.0 0.0 0.0 0.0 0.0 0.0 0.0 -0.018328116260917803 0.0 0.9981639817505618 0.0 0.0 0.0 0.0 0.0 0.0 0.05772993755574593 0.0 0.0 0.0 0.0
0.0 0.0 0.0 0.0 0.0 0.0 0.0 -0.0002025081838055446 0.0 0.9998128622269045 0.0 0.0 0.0 0.0 0.0 0.0 0.019344237283505556 0.0 0.0 0.0 0.0
0.0 0.0 0.0 0.0 0.0 0.0 0.0 0.00023082890486248605 0.0 -0.02352007749507405 0.0 0.0 0.0 0.0 0.0 0.0 -0.9997233380654081 0.0 0.0 0.0 0.0
0.0 0.0 0.0 0.0 0.0 0.0 0.0 -0.00018606322817340368 0.0 0.9999635409097091 0.0 0.0 0.0 0.0 0.0 0.0 0.008537109100369075 0.0 0.0 0.0 0.0
0.0 0.0 0.0 0.0 0.0 0.0 0.0 -0.0010424162815578862 0.0 0.9993742964909815 0.0 0.0 0.0 0.0 0.0 0.0 0.03535433327686555 0.0 0.0 0.0 0.0
0.0 0.0 0.0 0.0 0.0 0.0 0.0 -0.0008722964490548463 0.0 0.9991785334859314 0.0 0.0 0.0 0.0 0.0 0.0 0.04051539608356599 0.0 0.0 0.0 0.0
0.0 0.0 0.0 0.0 0.0 0.0 0.0 -0.0009163000099280833 0.0 0.9998270214851998 0.0 0.0 0.0 0.0 0.0 0.0 0.018576530955099285 0.0 0.0 0.0 0.0
0.0 0.0 0.0 0.0 0.0 0.0 0.0 -0.0012040385132008708 0.0 0.04555521098496936 0.0 0.0 0.0 0.0 0.0 0.0 0.9989610968618216 0.0 0.0 0.0 0.0
0.0 0.0 0.0 0.0 0.0 0.0 0.0 -0.0011984620765055156 0.0 0.058956154272881436 0.0 0.0 0.0 0.0 0.0 0.0 0.9982598537264751 0.0 0.0 0.0 0.0
0.0 0.0 0.0 0.0 0.0 0.0 0.0 -0.0008192968720216314 0.0 0.9999564790820066 0.0 0.0 0.0 0.0 0.0 0.0 0.009293475913344175 0.0 0.0 0.0 0.0
0.0 0.0 0.0 0.0 0.0 0.0 0.0 -0.001213500570558692 0.0 0.9992129355510022 0.0 0.0 0.0 0.0 0.0 0.0 0.03964891983287805 0.0 0.0 0.0 0.0
0.0 0.0 0.0 0.0 0.0 0.0 0.0 -0.14936260891662942 0.0 0.9887824837928676 0.0 0.0 0.0 0.0 0.0 0.0 0.00010393279339895218 0.0 0.0 0.0 0.0
0.0 0.0 0.0 0.0 0.0 0.0 0.0 -0.0010543033118735924 0.0 0.9999343119112329 0.0 0.0 0.0 0.0 0.0 0.0 0.011413163765398979 0.0 0.0 0.0 0.0
0.0 0.0 0.0 0.0 0.0 0.0 0.0 -0.0015891190931207944 0.0 0.9983608900482642 0.0 0.0 0.0 0.0 0.0 0.0 0.05721020820225715 0.0 0.0 0.0 0.0
0.0 0.0 0.0 0.0 0.0 0.0 0.0 -0.0016988337078908053 0.0 0.999291696023153 0.0 0.0 0.0 0.0 0.0 0.0 0.03759282143180191 0.0 0.0 0.0 0.0
0.0 0.0 0.0 0.0 0.0 0.0 0.0 -0.0009524281199208521 0.0 0.998323323503584 0.0 0.0 0.0 0.0 0.0 0.0 0.057876028106934325 0.0 0.0 0.0 0.0
0.0 0.0 0.0 0.0 0.0 0.0 0.0 -0.014491625380716773 0.0 0.9998949905829357 0.0 0.0 0.0 0.0 0.0 0.0 2.451480852346684e-05 0.0 0.0 0.0 0.0
0.0 0.0 0.0 0.0 0.0 0.0 0.0 -0.001230944389693373 0.0 0.999667464736799 0.0 0.0 0.0 0.0 0.0 0.0 0.02575742072898441 0.0 0.0 0.0 0.0
0.0 0.0 0.0 0.0 0.0 0.0 0.0 -0.00028040814040188175 0.0 0.9999972338164195 0.0 0.0 0.0 0.0 0.0 0.0 0.0023353224154544694 0.0 0.0 0.0 0.0
0.0 0.0 0.0 0.0 0.0 0.0 0.0 -0.0010313547371128202 0.0 0.9987713874789168 0.0 0.0 0.0 0.0 0.0 0.0 0.049544443289291126 0.0 0.0 0.0 0.0
0.0 0.0 0.0 0.0 0.0 0.0 0.0 -0.0016078527744296694 0.0 0.9992026095056067 0.0 0.0 0.0 0.0 0.0 0.0 0.039894360085624705 0.0 0.0 0.0 0.0
0.0 0.0 0.0 0.0 0.0 0.0 0.0 0.0015803309335826305 0.0 -0.05634662777188707 0.0 0.0 0.0 0.0 0.0 0.0 -0.998410016021913 0.0 0.0 0.0 0.0
0.0 0.0 0.0 0.0 0.0 0.0 0.0 0.14772493914961013 0.0 -0.00010680955336815584 0.0 0.0 0.0 0.0 0.0 0.0 -0.9890284783285885 0.0 0.0 0.0 0.0
0.0 0.0 0.0 0.0 0.0 0.0 0.0 0.003223929064181258 0.0 -0.04216932634519028 0.0 0.0 0.0 0.0 0.0 0.0 -0.999105276833719 0.0 0.0 0.0 0.0
0.0 0.0 0.0 0.0 0.0 0.0 0.0 0.0010582255607290145 0.0 -0.06307434896784316 0.0 0.0 0.0 0.0 0.0 0.0 -0.9980082698359496 0.0 0.0 0.0 0.0
0.0 0.0 0.0 0.0 0.0 0.0 0.0 0.001565508436829092 0.0 -0.0563093995747923 0.0 0.0 0.0 0.0 0.0 0.0 -0.9984121397012661 0.0 0.0 0.0 0.0
0.0 0.0 0.0 0.0 0.0 0.0 0.0 -0.0015517096305039523 0.0 0.9984996850562924 0.0 0.0 0.0 0.0 0.0 0.0 0.054735465099946666 0.0 0.0 0.0 0.0
0.0 0.0 0.0 0.0 0.0 0.0 0.0 -0.0014548005146944548 0.0 0.4398949595271127 0.0 0.0 0.0 0.0 0.0 0.0 0.8980480544704178 0.0 0.0 0.0 0.0
0.0 0.0 0.0 0.0 0.0 0.0 0.0 -0.0014885933041531775 0.0 0.9999189255211246 0.0 0.0 0.0 0.0 0.0 0.0 0.012646203962241705 0.0 0.0 0.0 0.0
0.0 0.0 0.0 0.0 0.0 0.0 0.0 -0.0014526750894169958 0.0 0.9989578317987027 0.0 0.0 0.0 0.0 0.0 0.0 0.04561951362212827 0.0 0.0 0.0 0.0
0.0 0.0 0.0 0.0 0.0 0.0 0.0 -0.0010463138360002047 0.0 0.999468086923623 0.0 0.0 0.0 0.0 0.0 0.0 0.03259522125388991 0.0 0.0 0.0 0.0
0.0 0.0 0.0 0.0 0.0 0.0 0.0 -0.0014733965930718274 0.0 0.999558133590989 0.0 0.0 0.0 0.0 0.0 0.0 0.029687820306953695 0.0 0.0 0.0 0.0
0.0 0.0 0.0 0.0 0.0 0.0 0.0 -0.0012875186352477304 0.0 0.9884537570452467 0.0 0.0 0.0 0.0 0.0 0.0 0.15151736692174975 0.0 0.0 0.0 0.0
0.0 0.0 0.0 0.0 0.0 0.0 0.0 -0.001612279795735526 0.0 0.9998106609732499 0.0 0.0 0.0 0.0 0.0 0.0 0.019391821938471412 0.0 0.0 0.0 0.0
0.0 0.0 0.0 0.0 0.0 0.0 0.0 -0.0009664663450663011 0.0 0.9988349445105681 0.0 0.0 0.0 0.0 0.0 0.0 0.048247482497785744 0.0 0.0 0.0 0.0
0.0 0.0 0.0 0.0 0.0 0.0 0.0 -0.0013486593211293257 0.0 0.9997876891704419 0.0 0.0 0.0 0.0 0.0 0.0 0.020561072473567525 0.0 0.0 0.0 0.0
0.0 0.0 0.0 0.0 0.0 0.0 0.0 -0.0015390233837046935 0.0 0.9994689909989891 0.0 0.0 0.0 0.0 0.0 0.0 0.0325479252562575 0.0 0.0 0.0 0.0
0.0 0.0 0.0 0.0 0.0 0.0 0.0 -0.0012576092399291243 0.0 0.9996450664295939 0.0 0.0 0.0 0.0 0.0 0.0 0.026611267951234314 0.0 0.0 0.0 0.0
0.0 0.0 0.0 0.0 0.0 0.0 0.0 -0.0012484720274280113 0.0 0.9998712381527841 0.0 0.0 0.0 0.0 0.0 0.0 0.015998388431813858 0.0 0.0 0.0 0.0
0.0 0.0 0.0 0.0 0.0 0.0 0.0 0.001920602621167857 0.0 -0.3866766038523339 0.0 0.0 0.0 0.0 0.0 0.0 -0.9222133784102229 0.0 0.0 0.0 0.0
0.0 0.0 0.0 0.0 0.0 0.0 0.0 -0.1545816033531049 0.0 0.987980012309837 0.0 0.0 0.0 0.0 0.0 0.0 0.00015225320218529618 0.0 0.0 0.0 0.0
0.0 0.0 0.0 0.0 0.0 0.0 0.0 -0.012541143172735964 0.0 0.9989193749865033 0.0 0.0 0.0 0.0 0.0 0.0 0.04475267594786351 0.0 0.0 0.0 0.0
0.0 0.0 0.0 0.0 0.0 0.0 0.0 -0.0016063295329088957 0.0 0.1940120821024102 0.0 0.0 0.0 0.0 0.0 0.0 0.9809978245152838 0.0 0.0 0.0 0.0
0.0 0.0 0.0 0.0 0.0 0.0 0.0 -0.04693492880243566 0.0 0.07691352099504759 0.0 0.0 0.0 0.0 0.0 0.0 0.995932438846358 0.0 0.0 0.0 0.0
0.0 0.0 0.0 0.0 0.0 0.0 0.0 -0.0013530632972373502 0.0 0.20059641029332542 0.0 0.0 0.0 0.0 0.0 0.0 0.9796730318821406 0.0 0.0 0.0 0.0
0.0 0.0 0.0 0.0 0.0 0.0 0.0 -0.002121666112469542 0.0 0.029621192192542323 0.0 0.0 0.0 0.0 0.0 0.0 0.9995589444880175 0.0 0.0 0.0 0.0
0.0 0.0 0.0 0.0 0.0 0.0 0.0 -0.001683033177335131 0.0 0.1822540250637618 0.0 0.0 0.0 0.0 0.0 0.0 0.9832500382646225 0.0 0.0 0.0 0.0
0.0 0.0 0.0 0.0 0.0 0.0 0.0 -0.0024940380832178125 0.0 0.052909328711666745 0.0 0.0 0.0 0.0 0.0 0.0 0.9985962060359134 0.0 0.0 0.0 0.0
0.0 0.0 0.0 0.0 0.0 0.0 0.0 -0.004022900534157795 0.0 0.32453493364144537 0.0 0.0 0.0 0.0 0.0 0.0 0.9458651558851479 0.0 0.0 0.0 0.0
0.0 0.0 0.0 0.0 0.0 0.0 0.0 -0.0015464915442285746 0.0 0.2088683965607671 0.0 0.0 0.0 0.0 0.0 0.0 0.9779425347544903 0.0 0.0 0.0 0.0
0.0 0.0 0.0 0.0 0.0 0.0 0.0 -0.0023206336790315626 0.0 0.1554928460783185 0.0 0.0 0.0 0.0 0.0 0.0 0.9878342925196472 0.0 0.0 0.0 0.0
0.0 0.0 0.0 0.0 0.0 0.0 0.0 -0.0010995880696936056 0.0 0.17205591286552185 0.0 0.0 0.0 0.0 0.0 0.0 0.9850865717052938 0.0 0.0 0.0 0.0
0.0 0.0 0.0 0.0 0.0 0.0 0.0 -0.0022091565392681548 0.0 0.5573495610736301 0.0 0.0 0.0 0.0 0.0 0.0 0.8302750064878605 0.0 0.0 0.0 0.0
0.0 0.0 0.0 0.0 0.0 0.0 0.0 0.006068451517847138 0.0 -0.056099087270390056 0.0 0.0 0.0 0.0 0.0 0.0 -0.9984067639512488 0.0 0.0 0.0 0.0
0.0 0.0 0.0 0.0 0.0 0.0 0.0 0.016670275792383952 0.0 -0.9986942123745144 0.0 0.0 0.0 0.0 0.0 0.0 -0.04829049673232149 0.0 0.0 0.0 0.0
0.0 0.0 0.0 0.0 0.0 0.0 0.0 -0.019642046612928333 0.0 0.9979042352679349 0.0 0.0 0.0 0.0 0.0 0.0 0.061654904421088084 0.0 0.0 0.0 0.0
0.0 0.0 0.0 0.0 0.0 0.0 0.0 -0.012174209566470784 0.0 0.9939294135358152 0.0 0.0 0.0 0.0 0.0 0.0 0.10934399631338712 0.0 0.0 0.0 0.0
0.0 0.0 0.0 0.0 0.0 0.0 0.0 -0.0026180939099710618 0.0 0.9997893105699036 0.0 0.0 0.0 0.0 0.0 0.0 0.020358783225811757 0.0 0.0 0.0 0.0
0.0 0.0 0.0 0.0 0.0 0.0 0.0 -0.013507075001690185 0.0 0.9964956488083238 0.0 0.0 0.0 0.0 0.0 0.0 0.08254684022405905 0.0 0.0 0.0 0.0
0.0 0.0 0.0 0.0 0.0 0.0 0.0 -0.002250056403260163 0.0 0.9998311957920736 0.0 0.0 0.0 0.0 0.0 0.0 0.01823505325394326 0.0 0.0 0.0 0.0
0.0 0.0 0.0 0.0 0.0 0.0 0.0 -0.006763397301327334 0.0 0.9983989870287691 0.0 0.0 0.0 0.0 0.0 0.0 0.05615798391032587 0.0 0.0 0.0 0.0
0.0 0.0 0.0 0.0 0.0 0.0 0.0 -0.00447073286104444 0.0 0.9995048747860229 0.0 0.0 0.0 0.0 0.0 0.0 0.031145109193285562 0.0 0.0 0.0 0.0
0.0 0.0 0.0 0.0 0.0 0.0 0.0 -0.0023739638793842974 0.0 0.9870054925323245 0.0 0.0 0.0 0.0 0.0 0.0 0.1606689827145331 0.0 0.0 0.0 0.0
0.0 0.0 0.0 0.0 0.0 0.0 0.0 -0.002221568021616572 0.0 0.9996988215221002 0.0 0.0 0.0 0.0 0.0 0.0 0.02444035357455825 0.0 0.0 0.0 0.0
0.0 0.0 0.0 0.0 0.0 0.0 0.0 -0.016912297542916177 0.0 0.9910297182039596 0.0 0.0 0.0 0.0 0.0 0.0 0.13256723512391905 0.0 0.0 0.0 0.0
0.0 0.0 0.0 0.0 0.0 0.0 0.0 -0.0024703504607488315 0.0 0.998675415577153 0.0 0.0 0.0 0.0 0.0 0.0 0.05139369309946441 0.0 0.0 0.0 0.0
0.0 0.0 0.0 0.0 0.0 0.0 0.0 -0.013625567548737437 0.0 0.9963465324132221 0.0 0.0 0.0 0.0 0.0 0.0 0.08430854794813472 0.0 0.0 0.0 0.0
0.0 0.0 0.0 0.0 0.0 0.0 0.0 -0.005547188330925533 0.0 0.999976192251856 0.0 0.0 0.0 0.0 0.0 0.0 0.004104099304443701 0.0 0.0 0.0 0.0
0.0 0.0 0.0 0.0 0.0 0.0 0.0 -0.0023092014420280135 0.0 0.997652380836446 0.0 0.0 0.0 0.0 0.0 0.0 0.06844263729628482 0.0 0.0 0.0 0.0
0.0 0.0 0.0 0.0 0.0 0.0 0.0 -0.00616149573815444 0.0 0.9978409037043248 0.0 0.0 0.0 0.0 0.0 0.0 0.06538781893292679 0.0 0.0 0.0 0.0
0.0 0.0 0.0 0.0 0.0 0.0 0.0 -0.008178510725926147 0.0 0.9998992057486309 0.0 0.0 0.0 0.0 0.0 0.0 0.011605615259998439 0.0 0.0 0.0 0.0
0.0 0.0 0.0 0.0 0.0 0.0 0.0 -0.001291161209492475 0.0 0.9818745549822147 0.0 0.0 0.0 0.0 0.0 0.0 0.18952754728853854 0.0 0.0 0.0 0.0
0.0 0.0 0.0 0.0 0.0 0.0 0.0 -0.002015339644322811 0.0 0.9850863510142164 0.0 0.0 0.0 0.0 0.0 0.0 0.1720488868072512 0.0 0.0 0.0 0.0
0.0 0.0 0.0 0.0 0.0 0.0 0.0 -0.0021721264136836814 0.0 0.99885191138489 0.0 0.0 0.0 0.0 0.0 0.0 0.0478554175574176 0.0 0.0 0.0 0.0
0.0 0.0 0.0 0.0 0.0 0.0 0.0 -0.017848586920267036 0.0 0.993106834734212 0.0 0.0 0.0 0.0 0.0 0.0 0.11584577139086397 0.0 0.0 0.0 0.0
0.0 0.0 0.0 0.0 0.0 0.0 0.0 -0.008177550788291806 0.0 0.9985098404952552 0.0 0.0 0.0 0.0 0.0 0.0 0.05395577909033554 0.0 0.0 0.0 0.0
0.0 0.0 0.0 0.0 0.0 0.0 0.0 -0.008874385424874568 0.0 0.999711618513167 0.0 0.0 0.0 0.0 0.0 0.0 0.022314235212408703 0.0 0.0 0.0 0.0
0.0 0.0 0.0 0.0 0.0 0.0 0.0 -0.017917464212576534 0.0 0.9994968667256888 0.0 0.0 0.0 0.0 0.0 0.0 0.026172082105205274 0.0 0.0 0.0 0.0
