-0.0 -0.0 -0.0 -0.0 -0.0 -0.0890870806374748 -0.0 -0.0 -0.0 -0.0 -0.0 -0.0 -0.0 -0.0 0.8908708063747479 -0.0 -0.0 -0.0 -0.0 -0.44543540318737396 -0.0
-0.0 -0.0 -0.0 -0.0 -0.0 -0.0890870806374748 -0.0 -0.0 -0.0 -0.0 -0.0 -0.0 -0.0 -0.0 0.8908708063747479 -0.0 -0.0 -0.0 -0.0 -0.44543540318737396 -0.0
-0.0 -0.0 -0.0 -0.0 -0.0 -0.0890870806374748 -0.0 -0.0 -0.0 -0.0 -0.0 -0.0 -0.0 -0.0 0.8908708063747479 -0.0 -0.0 -0.0 -0.0 -0.44543540318737396 -0.0
-0.0 -0.0 -0.0 -0.0 -0.0 -0.08908708063747481 -0.0 -0.0 -0.0 -0.0 -0.0 -0.0 -0.0 -0.0 0.890870806374748 -0.0 -0.0 -0.0 -0.0 -0.445435403187374 -0.0
-0.0 -0.0 -0.0 -0.0 -0.0 -0.0890870806374748 -0.0 -0.0 -0.0 -0.0 -0.0 -0.0 -0.0 -0.0 0.8908708063747479 -0.0 -0.0 -0.0 -0.0 -0.44543540318737396 -0.0
-0.0 -0.0 -0.0 -0.0 -0.0 -0.0890870806374748 -0.0 -0.0 -0.0 -0.0 -0.0 -0.0 -0.0 -0.0 0.890870806374748 -0.0 -0.0 -0.0 -0.0 -0.445435403187374 -0.0
-0.0 -0.0 -0.0 -0.0 -0.0 -0.08908708063747481 -0.0 -0.0 -0.0 -0.0 -0.0 -0.0 -0.0 -0.0 0.890870806374748 -0.0 -0.0 -0.0 -0.0 -0.445435403187374 -0.0
-0.0 -0.0 -0.0 -0.0 -0.0 -0.0890870806374748 -0.0 -0.0 -0.0 -0.0 -0.0 -0.0 -0.0 -0.0 0.8908708063747479 -0.0 -0.0 -0.0 -0.0 -0.44543540318737396 -0.0
-0.0 -0.0 -0.0 -0.0 -0.0 -0.08908708063747482 -0.0 -0.0 -0.0 -0.0 -0.0 -0.0 -0.0 -0.0 0.890870806374748 -0.0 -0.0 -0.0 -0.0 -0.445435403187374 -0.0
-0.0 -0.0 -0.0 -0.0 -0.0 -0.08908708063747481 -0.0 -0.0 -0.0 -0.0 -0.0 -0.0 -0.0 -0.0 0.890870806374748 -0.0 -0.0 -0.0 -0.0 -0.445435403187374 -0.0
0.0 0.0 0.0 0.0 0.0 0.0890870806374748 0.0 0.0 0.0 0.0 0.0 0.0 0.0 0.0 -0.890870806374748 0.0 0.0 0.0 0.0 0.445435403187374 0.0
-0.0 -0.0 -0.0 -0.0 -0.0 -0.0890870806374748 -0.0 -0.0 -0.0 -0.0 -0.0 -0.0 -0.0 -0.0 0.8908708063747479 -0.0 -0.0 -0.0 -0.0 -0.44543540318737396 -0.0
-0.0 -0.0 -0.0 -0.0 -0.0 -0.0890870806374748 -0.0 -0.0 -0.0 -0.0 -0.0 -0.0 -0.0 -0.0 0.8908708063747478 -0.0 -0.0 -0.0 -0.0 -0.4454354031873739 -0.0
-0.0 -0.0 -0.0 -0.0 -0.0 -0.0890870806374748 -0.0 -0.0 -0.0 -0.0 -0.0 -0.0 -0.0 -0.0 0.8908708063747479 -0.0 -0.0 -0.0 -0.0 -0.44543540318737396 -0.0
-0.0 -0.0 -0.0 -0.0 -0.0 -0.08908708063747481 -0.0 -0.0 -0.0 -0.0 -0.0 -0.0 -0.0 -0.0 0.890870806374748 -0.0 -0.0 -0.0 -0.0 -0.445435403187374 -0.0
-0.0 -0.0 -0.0 -0.0 -0.0 -0.0890870806374748 -0.0 -0.0 -0.0 -0.0 -0.0 -0.0 -0.0 -0.0 0.8908708063747479 -0.0 -0.0 -0.0 -0.0 -0.44543540318737396 -0.0
-0.0 -0.0 -0.0 -0.0 -0.0 -0.0890870806374748 -0.0 -0.0 -0.0 -0.0 -0.0 -0.0 -0.0 -0.0 0.8908708063747479 -0.0 -0.0 -0.0 -0.0 -0.44543540318737396 -0.0
-0.0 -0.0 -0.0 -0.0 -0.0 -0.0890870806374748 -0.0 -0.0 -0.0 -0.0 -0.0 -0.0 -0.0 -0.0 0.8908708063747479 -0.0 -0.0 -0.0 -0.0 -0.44543540318737396 -0.0
0.0 0.0 0.0 0.0 0.0 0.08908708063747478 0.0 0.0 0.0 0.0 0.0 0.0 0.0 0.0 -0.8908708063747479 0.0 0.0 0.0 0.0 0.44543540318737396 0.0
-0.0 -0.0 -0.0 -0.0 -0.0 -0.08908708063747481 -0.0 -0.0 -0.0 -0.0 -0.0 -0.0 -0.0 -0.0 0.8908708063747479 -0.0 -0.0 -0.0 -0.0 -0.44543540318737396 -0.0
0.0 0.0 0.0 0.0 0.0 0.0890870806374748 0.0 0.0 0.0 0.0 0.0 0.0 0.0 0.0 -0.8908708063747479 0.0 0.0 0.0 0.0 0.44543540318737396 0.0
0.0 0.0 0.0 0.0 0.0 0.0890870806374748 0.0 0.0 0.0 0.0 0.0 0.0 0.0 0.0 -0.8908708063747479 0.0 0.0 0.0 0.0 0.44543540318737396 0.0
0.0 0.0 0.0 0.0 0.0 0.0890870806374748 0.0 0.0 0.0 0.0 0.0 0.0 0.0 0.0 -0.8908708063747479 0.0 0.0 0.0 0.0 0.44543540318737396 0.0
-0.0 -0.0 -0.0 -0.0 -0.0 -0.0890870806374748 -0.0 -0.0 -0.0 -0.0 -0.0 -0.0 -0.0 -0.0 0.8908708063747479 -0.0 -0.0 -0.0 -0.0 -0.44543540318737396 -0.0
0.0 0.0 0.0 0.0 0.0 0.0890870806374748 0.0 0.0 0.0 0.0 0.0 0.0 0.0 0.0 -0.8908708063747479 0.0 0.0 0.0 0.0 0.44543540318737396 0.0
-0.0 -0.0 -0.0 -0.0 -0.0 -0.0890870806374748 -0.0 -0.0 -0.0 -0.0 -0.0 -0.0 -0.0 -0.0 0.8908708063747479 -0.0 -0.0 -0.0 -0.0 -0.44543540318737396 -0.0
0.0 0.0 0.0 0.0 0.0 0.0890870806374748 0.0 0.0 0.0 0.0 0.0 0.0 0.0 0.0 -0.8908708063747479 0.0 0.0 0.0 0.0 0.44543540318737396 0.0
-0.0 -0.0 -0.0 -0.0 -0.0 -0.0890870806374748 -0.0 -0.0 -0.0 -0.0 -0.0 -0.0 -0.0 -0.0 0.8908708063747478 -0.0 -0.0 -0.0 -0.0 -0.4454354031873739 -0.0
-0.0 -0.0 -0.0 -0.0 -0.0 -0.0890870806374748 -0.0 -0.0 -0.0 -0.0 -0.0 -0.0 -0.0 -0.0 0.8908708063747479 -0.0 -0.0 -0.0 -0.0 -0.44543540318737396 -0.0
0.0 0.0 0.0 0.0 0.0 0.08908708063747481 0.0 0.0 0.0 0.0 0.0 0.0 0.0 0.0 -0.8908708063747481 0.0 0.0 0.0 0.0 0.44543540318737407 0.0
-0.0 -0.0 -0.0 -0.0 -0.0 -0.0890870806374748 -0.0 -0.0 -0.0 -0.0 -0.0 -0.0 -0.0 -0.0 0.890870806374748 -0.0 -0.0 -0.0 -0.0 -0.445435403187374 -0.0
-0.0 -0.0 -0.0 -0.0 -0.0 -0.0890870806374748 -0.0 -0.0 -0.0 -0.0 -0.0 -0.0 -0.0 -0.0 0.8908708063747479 -0.0 -0.0 -0.0 -0.0 -0.44543540318737396 -0.0
-0.0 -0.0 -0.0 -0.0 -0.0 -0.0890870806374748 -0.0 -0.0 -0.0 -0.0 -0.0 -0.0 -0.0 -0.0 0.8908708063747479 -0.0 -0.0 -0.0 -0.0 -0.44543540318737396 -0.0
0.0 0.0 0.0 0.0 0.0 0.0890870806374748 0.0 0.0 0.0 0.0 0.0 0.0 0.0 0.0 -0.8908708063747479 0.0 0.0 0.0 0.0 0.44543540318737396 0.0
0.0 0.0 0.0 0.0 0.0 0.0890870806374748 0.0 0.0 0.0 0.0 0.0 0.0 0.0 0.0 -0.8908708063747479 0.0 0.0 0.0 0.0 0.44543540318737396 0.0
-0.0 -0.0 -0.0 -0.0 -0.0 -0.0890870806374748 -0.0 -0.0 -0.0 -0.0 -0.0 -0.0 -0.0 -0.0 0.8908708063747479 -0.0 -0.0 -0.0 -0.0 -0.44543540318737396 -0.0
0.0 0.0 0.0 0.0 0.0 0.0890870806374748 0.0 0.0 0.0 0.0 0.0 0.0 0.0 0.0 -0.8908708063747479 0.0 0.0 0.0 0.0 0.44543540318737396 0.0
0.0 0.0 0.0 0.0 0.0 0.0890870806374748 0.0 0.0 0.0 0.0 0.0 0.0 0.0 0.0 -0.8908708063747479 0.0 0.0 0.0 0.0 0.44543540318737396 0.0
0.0 0.0 0.0 0.0 0.0 0.0890870806374748 0.0 0.0 0.0 0.0 0.0 0.0 0.0 0.0 -0.8908708063747479 0.0 0.0 0.0 0.0 0.44543540318737396 0.0
0.0 0.0 0.0 0.0 0.0 0.0890870806374748 0.0 0.0 0.0 0.0 0.0 0.0 0.0 0.0 -0.8908708063747479 0.0 0.0 0.0 0.0 0.44543540318737396 0.0
0.0 0.0 0.0 0.0 0.0 0.0890870806374748 0.0 0.0 0.0 0.0 0.0 0.0 0.0 0.0 -0.890870806374748 0.0 0.0 0.0 0.0 0.445435403187374 0.0
-0.0 -0.0 -0.0 -0.0 -0.0 -0.0890870806374748 -0.0 -0.0 -0.0 -0.0 -0.0 -0.0 -0.0 -0.0 0.8908708063747479 -0.0 -0.0 -0.0 -0.0 -0.44543540318737396 -0.0
0.0 0.0 0.0 0.0 0.0 0.08908708063747478 0.0 0.0 0.0 0.0 0.0 0.0 0.0 0.0 -0.8908708063747479 0.0 0.0 0.0 0.0 0.44543540318737396 0.0
0.0 0.0 0.0 0.0 0.0 0.08908708063747481 0.0 0.0 0.0 0.0 0.0 0.0 0.0 0.0 -0.890870806374748 0.0 0.0 0.0 0.0 0.445435403187374 0.0
-0.0 -0.0 -0.0 -0.0 -0.0 -0.08908708063747478 -0.0 -0.0 -0.0 -0.0 -0.0 -0.0 -0.0 -0.0 0.890870806374748 -0.0 -0.0 -0.0 -0.0 -0.445435403187374 -0.0
-0.0 -0.0 -0.0 -0.0 -0.0 -0.08908708063747481 -0.0 -0.0 -0.0 -0.0 -0.0 -0.0 -0.0 -0.0 0.890870806374748 -0.0 -0.0 -0.0 -0.0 -0.445435403187374 -0.0
-0.0 -0.0 -0.0 -0.0 -0.0 -0.0890870806374748 -0.0 -0.0 -0.0 -0.0 -0.0 -0.0 -0.0 -0.0 0.8908708063747479 -0.0 -0.0 -0.0 -0.0 -0.44543540318737396 -0.0
0.0 0.0 0.0 0.0 0.0 0.0890870806374748 0.0 0.0 0.0 0.0 0.0 0.0 0.0 0.0 -0.8908708063747479 0.0 0.0 0.0 0.0 0.44543540318737396 0.0
0.0 0.0 0.0 0.0 0.0 0.0890870806374748 0.0 0.0 0.0 0.0 0.0 0.0 0.0 0.0 -0.8908708063747479 0.0 0.0 0.0 0.0 0.44543540318737396 0.0
-0.0 -0.0 -0.0 -0.0 -0.0 -0.0890870806374748 -0.0 -0.0 -0.0 -0.0 -0.0 -0.0 -0.0 -0.0 0.8908708063747479 -0.0 -0.0 -0.0 -0.0 -0.44543540318737396 -0.0
-0.0 -0.0 -0.0 -0.0 -0.0 -0.0890870806374748 -0.0 -0.0 -0.0 -0.0 -0.0 -0.0 -0.0 -0.0 0.8908708063747479 -0.0 -0.0 -0.0 -0.0 -0.44543540318737396 -0.0
-0.0 -0.0 -0.0 -0.0 -0.0 -0.0890870806374748 -0.0 -0.0 -0.0 -0.0 -0.0 -0.0 -0.0 -0.0 0.890870806374748 -0.0 -0.0 -0.0 -0.0 -0.445435403187374 -0.0
-0.0 -0.0 -0.0 -0.0 -0.0 -0.0890870806374748 -0.0 -0.0 -0.0 -0.0 -0.0 -0.0 -0.0 -0.0 0.8908708063747479 -0.0 -0.0 -0.0 -0.0 -0.44543540318737396 -0.0
-0.0 -0.0 -0.0 -0.0 -0.0 -0.08908708063747481 -0.0 -0.0 -0.0 -0.0 -0.0 -0.0 -0.0 -0.0 0.890870806374748 -0.0 -0.0 -0.0 -0.0 -0.445435403187374 -0.0
-0.0 -0.0 -0.0 -0.0 -0.0 -0.08908708063747481 -0.0 -0.0 -0.0 -0.0 -0.0 -0.0 -0.0 -0.0 0.890870806374748 -0.0 -0.0 -0.0 -0.0 -0.445435403187374 -0.0
0.0 0.0 0.0 0.0 0.0 0.08908708063747481 0.0 0.0 0.0 0.0 0.0 0.0 0.0 0.0 -0.890870806374748 0.0 0.0 0.0 0.0 0.445435403187374 0.0
0.0 0.0 0.0 0.0 0.0 0.0890870806374748 0.0 0.0 0.0 0.0 0.0 0.0 0.0 0.0 -0.890870806374748 0.0 0.0 0.0 0.0 0.445435403187374 0.0
0.0 0.0 0.0 0.0 0.0 0.0890870806374748 0.0 0.0 0.0 0.0 0.0 0.0 0.0 0.0 -0.890870806374748 0.0 0.0 0.0 0.0 0.445435403187374 0.0
0.0 0.0 0.0 0.0 0.0 0.0890870806374748 0.0 0.0 0.0 0.0 0.0 0.0 0.0 0.0 -0.8908708063747478 0.0 0.0 0.0 0.0 0.4454354031873739 0.0
-0.0 -0.0 -0.0 -0.0 -0.0 -0.0890870806374748 -0.0 -0.0 -0.0 -0.0 -0.0 -0.0 -0.0 -0.0 0.890870806374748 -0.0 -0.0 -0.0 -0.0 -0.445435403187374 -0.0
0.0 0.0 0.0 0.0 0.0 0.0890870806374748 0.0 0.0 0.0 0.0 0.0 0.0 0.0 0.0 -0.8908708063747479 0.0 0.0 0.0 0.0 0.44543540318737396 0.0
0.0 0.0 0.0 0.0 0.0 0.0890870806374748 0.0 0.0 0.0 0.0 0.0 0.0 0.0 0.0 -0.8908708063747479 0.0 0.0 0.0 0.0 0.44543540318737396 0.0
-0.0 -0.0 -0.0 -0.0 -0.0 -0.08908708063747481 -0.0 -0.0 -0.0 -0.0 -0.0 -0.0 -0.0 -0.0 0.890870806374748 -0.0 -0.0 -0.0 -0.0 -0.445435403187374 -0.0
-0.0 -0.0 -0.0 -0.0 -0.0 -0.08908708063747481 -0.0 -0.0 -0.0 -0.0 -0.0 -0.0 -0.0 -0.0 0.890870806374748 -0.0 -0.0 -0.0 -0.0 -0.445435403187374 -0.0
-0.0 -0.0 -0.0 -0.0 -0.0 -0.08908708063747481 -0.0 -0.0 -0.0 -0.0 -0.0 -0.0 -0.0 -0.0 0.8908708063747479 -0.0 -0.0 -0.0 -0.0 -0.44543540318737396 -0.0
0.0 0.0 0.0 0.0 0.0 0.08908708063747481 0.0 0.0 0.0 0.0 0.0 0.0 0.0 0.0 -0.890870806374748 0.0 0.0 0.0 0.0 0.445435403187374 0.0
0.0 0.0 0.0 0.0 0.0 0.0890870806374748 0.0 0.0 0.0 0.0 0.0 0.0 0.0 0.0 -0.8908708063747479 0.0 0.0 0.0 0.0 0.44543540318737396 0.0
0.0 0.0 0.0 0.0 0.0 0.08908708063747481 0.0 0.0 0.0 0.0 0.0 0.0 0.0 0.0 -0.890870806374748 0.0 0.0 0.0 0.0 0.445435403187374 0.0
0.0 0.0 0.0 0.0 0.0 0.08908708063747481 0.0 0.0 0.0 0.0 0.0 0.0 0.0 0.0 -0.890870806374748 0.0 0.0 0.0 0.0 0.445435403187374 0.0
-0.0 -0.0 -0.0 -0.0 -0.0 -0.0890870806374748 -0.0 -0.0 -0.0 -0.0 -0.0 -0.0 -0.0 -0.0 0.8908708063747479 -0.0 -0.0 -0.0 -0.0 -0.44543540318737396 -0.0
0.0 0.0 0.0 0.0 0.0 0.0890870806374748 0.0 0.0 0.0 0.0 0.0 0.0 0.0 0.0 -0.890870806374748 0.0 0.0 0.0 0.0 0.445435403187374 0.0
0.0 0.0 0.0 0.0 0.0 0.0890870806374748 0.0 0.0 0.0 0.0 0.0 0.0 0.0 0.0 -0.890870806374748 0.0 0.0 0.0 0.0 0.445435403187374 0.0
0.0 0.0 0.0 0.0 0.0 0.08908708063747478 0.0 0.0 0.0 0.0 0.0 0.0 0.0 0.0 -0.8908708063747479 0.0 0.0 0.0 0.0 0.44543540318737396 0.0
0.0 0.0 0.0 0.0 0.0 0.08908708063747481 0.0 0.0 0.0 0.0 0.0 0.0 0.0 0.0 -0.890870806374748 0.0 0.0 0.0 0.0 0.445435403187374 0.0
-0.0 -0.0 -0.0 -0.0 -0.0 -0.08908708063747481 -0.0 -0.0 -0.0 -0.0 -0.0 -0.0 -0.0 -0.0 0.890870806374748 -0.0 -0.0 -0.0 -0.0 -0.445435403187374 -0.0
-0.0 -0.0 -0.0 -0.0 -0.0 -0.0890870806374748 -0.0 -0.0 -0.0 -0.0 -0.0 -0.0 -0.0 -0.0 0.8908708063747479 -0.0 -0.0 -0.0 -0.0 -0.44543540318737396 -0.0
-0.0 -0.0 -0.0 -0.0 -0.0 -0.08908708063747481 -0.0 -0.0 -0.0 -0.0 -0.0 -0.0 -0.0 -0.0 0.890870806374748 -0.0 -0.0 -0.0 -0.0 -0.445435403187374 -0.0
-0.0 -0.0 -0.0 -0.0 -0.0 -0.0890870806374748 -0.0 -0.0 -0.0 -0.0 -0.0 -0.0 -0.0 -0.0 0.8908708063747478 -0.0 -0.0 -0.0 -0.0 -0.4454354031873739 -0.0
0.0 0.0 0.0 0.0 0.0 0.0890870806374748 0.0 0.0 0.0 0.0 0.0 0.0 0.0 0.0 -0.8908708063747479 0.0 0.0 0.0 0.0 0.44543540318737396 0.0
-0.0 -0.0 -0.0 -0.0 -0.0 -0.08908708063747481 -0.0 -0.0 -0.0 -0.0 -0.0 -0.0 -0.0 -0.0 0.890870806374748 -0.0 -0.0 -0.0 -0.0 -0.445435403187374 -0.0
0.0 0.0 0.0 0.0 0.0 0.0890870806374748 0.0 0.0 0.0 0.0 0.0 0.0 0.0 0.0 -0.8908708063747479 0.0 0.0 0.0 0.0 0.44543540318737396 0.0
-0.0 -0.0 -0.0 -0.0 -0.0 -0.0890870806374748 -0.0 -0.0 -0.0 -0.0 -0.0 -0.0 -0.0 -0.0 0.8908708063747479 -0.0 -0.0 -0.0 -0.0 -0.44543540318737396 -0.0
-0.0 -0.0 -0.0 -0.0 -0.0 -0.0890870806374748 -0.0 -0.0 -0.0 -0.0 -0.0 -0.0 -0.0 -0.0 0.8908708063747479 -0.0 -0.0 -0.0 -0.0 -0.44543540318737396 -0.0
0.0 0.0 0.0 0.0 0.0 0.0890870806374748 0.0 0.0 0.0 0.0 0.0 0.0 0.0 0.0 -0.8908708063747479 0.0 0.0 0.0 0.0 0.44543540318737396 0.0
-0.0 -0.0 -0.0 -0.0 -0.0 -0.0890870806374748 -0.0 -0.0 -0.0 -0.0 -0.0 -0.0 -0.0 -0.0 0.8908708063747478 -0.0 -0.0 -0.0 -0.0 -0.4454354031873739 -0.0
0.0 0.0 0.0 0.0 0.0 0.0890870806374748 0.0 0.0 0.0 0.0 0.0 0.0 0.0 0.0 -0.8908708063747479 0.0 0.0 0.0 0.0 0.44543540318737396 0.0
0.0 0.0 0.0 0.0 0.0 0.08908708063747478 0.0 0.0 0.0 0.0 0.0 0.0 0.0 0.0 -0.8908708063747478 0.0 0.0 0.0 0.0 0.4454354031873739 0.0
-0.0 -0.0 -0.0 -0.0 -0.0 -0.08908708063747482 -0.0 -0.0 -0.0 -0.0 -0.0 -0.0 -0.0 -0.0 0.890870806374748 -0.0 -0.0 -0.0 -0.0 -0.445435403187374 -0.0
0.0 0.0 0.0 0.0 0.0 0.0890870806374748 0.0 0.0 0.0 0.0 0.0 0.0 0.0 0.0 -0.8908708063747479 0.0 0.0 0.0 0.0 0.44543540318737396 0.0
-0.0 -0.0 -0.0 -0.0 -0.0 -0.08908708063747481 -0.0 -0.0 -0.0 -0.0 -0.0 -0.0 -0.0 -0.0 0.8908708063747479 -0.0 -0.0 -0.0 -0.0 -0.44543540318737396 -0.0
0.0 0.0 0.0 0.0 0.0 0.0890870806374748 0.0 0.0 0.0 0.0 0.0 0.0 0.0 0.0 -0.8908708063747479 0.0 0.0 0.0 0.0 0.44543540318737396 0.0
-0.0 -0.0 -0.0 -0.0 -0.0 -0.0890870806374748 -0.0 -0.0 -0.0 -0.0 -0.0 -0.0 -0.0 -0.0 0.8908708063747479 -0.0 -0.0 -0.0 -0.0 -0.44543540318737396 -0.0
-0.0 -0.0 -0.0 -0.0 -0.0 -0.0890870806374748 -0.0 -0.0 -0.0 -0.0 -0.0 -0.0 -0.0 -0.0 0.8908708063747479 -0.0 -0.0 -0.0 -0.0 -0.44543540318737396 -0.0
0.0 0.0 0.0 0.0 0.0 0.0890870806374748 0.0 0.0 0.0 0.0 0.0 0.0 0.0 0.0 -0.8908708063747478 0.0 0.0 0.0 0.0 0.4454354031873739 0.0
0.0 0.0 0.0 0.0 0.0 0.08908708063747481 0.0 0.0 0.0 0.0 0.0 0.0 0.0 0.0 -0.890870806374748 0.0 0.0 0.0 0.0 0.445435403187374 0.0
0.0 0.0 0.0 0.0 0.0 0.0890870806374748 0.0 0.0 0.0 0.0 0.0 0.0 0.0 0.0 -0.890870806374748 0.0 0.0 0.0 0.0 0.445435403187374 0.0
0.0 0.0 0.0 0.0 0.0 0.0890870806374748 0.0 0.0 0.0 0.0 0.0 0.0 0.0 0.0 -0.8908708063747479 0.0 0.0 0.0 0.0 0.44543540318737396 0.0
0.0 0.0 0.0 0.0 0.0 0.0890870806374748 0.0 0.0 0.0 0.0 0.0 0.0 0.0 0.0 -0.8908708063747479 0.0 0.0 0.0 0.0 0.44543540318737396 0.0
-0.0 -0.0 -0.0 -0.0 -0.0 -0.0890870806374748 -0.0 -0.0 -0.0 -0.0 -0.0 -0.0 -0.0 -0.0 0.8908708063747479 -0.0 -0.0 -0.0 -0.0 -0.44543540318737396 -0.0
0.0 0.0 0.0 0.0 0.0 0.0890870806374748 0.0 0.0 0.0 0.0 0.0 0.0 0.0 0.0 -0.8908708063747479 0.0 0.0 0.0 0.0 0.44543540318737396 0.0
