-0.19331185426913802 0.07370587418377225 -0.10924830093051141 0.2953440561307865 0.2831415498721809 -0.3966051287719623 -0.23919042922903647 -0.008192947052862358 0.0960740851457184 0.04643047651368312 0.023552215136319575 -0.14185202571484348 -0.027209580138326313 0.03806797681572472 -0.040134622249692664 0.07259928534421412 0.07452151744247404 0.055832188292903075 0.25683853012458463 -0.0038893401819734227 -0.13962373148139273 0.00452936358482814 -0.2165678920147329 0.30617352961562116 0.0005707638529974009 -0.3473141103870002 -0.2705884054628469 0.30577848955895703
0.048523005155909696 -0.11722461996173437 -0.1550522776304944 0.20001537195650568 0.30551246241662505 -0.2654583546375467 -0.14611338704873775 -0.07266655403814719 0.1240088618725677 0.26411876817446994 -0.34652214565873235 -0.09870015953293164 0.08233891426970648 0.14119154965527056 0.12028999141271286 -0.15806048360655645 0.09849385202250918 0.12723195452511077 0.15253879800489503 -0.1127432162417849 0.2912673484989225 -0.023345741352715846 -0.37149633395963466 0.06932018777495622 -0.10585333835775623 -0.36254426501820697 -0.04684506681441071 0.11573607688903254
-0.21476067609209806 -0.20597168824234785 -0.1546631447767104 0.1627837309952048 0.1893269008416892 -0.32891757417883816 -0.07478823842585146 -0.14548515418590788 -0.09851692571555773 0.14870755610517467 -0.16255576611373215 -0.011615119405867812 -0.008355121206920418 0.03756772395426944 -0.015111579246321585 -0.0332487871300887 0.18002927980183264 0.10885320357319463 0.3380085141199623 -0.10434530559212991 0.14579834522621682 0.12372162499455831 -0.31004995330001656 0.2891922572462806 -0.1255931773510682 -0.359634416154586 -0.23119812734753378 0.21157057282416686
-0.10015079120428323 -0.0528164208899828 -0.07175222086761023 0.24225767564979908 0.1558051928009223 -0.4114182460512035 -0.18530742915641069 -0.08574235026175119 0.10117638486055051 0.20455275110688217 -0.03126185434750508 -0.013490843650033302 -0.06684350175181726 0.002154547741260344 -0.07779772557331754 0.05341617826236935 0.30828353518489576 0.16475101280677973 0.283021363410154 -0.10920446001766594 -0.13386931100111393 0.08850958112153454 -0.28212715481031503 0.2940467525748146 -0.009992832872491822 -0.4221371220280703 -0.15061536833657754 0.12036981710594749
-0.1954972657489852 -0.059732619455298695 -0.13077085641225294 0.20100396498582507 0.2173853641295728 -0.27958159151432316 -0.13726241381175355 0.046827646058866516 -0.09427188584854669 0.10987794161846048 -0.29423278173366163 -0.06819256391094008 -0.0023418241380184345 -0.019464219809595847 -0.1321344846057621 0.000769845293134847 0.057406333832084704 0.07087895583204003 0.3433113341164487 -0.059216723209039326 0.14949019785327655 0.08279077358919645 0.09178490337599265 0.26886682701817677 -0.06922230636372613 -0.5796030187722363 -0.16210654528892285 0.13270721308267086
-0.1991608044014506 0.11670040562848429 -0.08641956166276733 0.2261393055295252 0.23936640071165827 -0.3907018406761029 -0.12796850609681334 -0.03670153167124282 0.015979890701493634 0.1585420691527618 -0.03012926733535707 -0.11229463717273656 -0.059337320033185884 -0.0014817316548630163 0.02348514955961333 0.145533247798311 0.12898884696277507 0.001119522271393754 0.35996921768218804 -0.03917731143646703 -0.05770910321268483 0.19426076677654855 -0.28988722094853053 0.19306943918200892 -0.057525912548291744 -0.36398725125501474 -0.23517090168169505 0.3082965330342347
0.02385264685297089 0.04350205520813499 -0.13187523338453022 0.2668559284451836 0.27847489852878066 -0.4053587948308031 -0.32050591919396504 -0.05392681566588309 0.16789007136987275 0.2540660277153363 -0.2058011628998552 -0.1145017246394212 -0.16258108252515135 0.12449911027131573 0.05545498572169501 -0.24391729384915184 0.02714870390351489 0.18934120229392798 0.2642137575262792 -0.1007312534884188 0.095619810852208 0.12018138142367284 -0.2465721912434004 0.10059640203157424 0.02426538782691766 -0.3070931336487329 -0.04741030010277914 0.023336581175673384
-0.1392969056328688 0.0677373194293929 -0.006597164167026596 0.1575969837189291 -0.0008487507312340011 -0.4366835793606295 -0.12777160562268125 0.009161864007377523 0.10193140110431652 0.13726254559007733 -0.2384461095708389 -0.2059848365734139 -0.025743586260107486 0.013200517863577501 0.04925422336383799 -0.28674964013662624 0.1883045666564695 0.20278327535490623 0.30504012275290165 -0.12149776696068644 0.08232869993883604 0.19815548842007796 -0.2723144354974491 0.26026942350428867 -0.02002755730957739 -0.33198041561660546 -0.08999763227926835 0.1974279760201862
0.007022641755037964 -0.11982667090174785 -0.0037173498066561464 0.24934554976625087 0.21676761185876478 -0.28699383893066804 -0.04354652676132105 -0.02192826937509427 0.09546847951259459 0.26127491025948396 -0.10958559897321633 -0.15505555395326914 0.012830481891786438 0.014412291309653593 0.09819887279591467 -0.21479806141166677 0.04098923386633415 0.09586136479860749 0.28913236200136444 -0.1703620433373637 0.08983446417886655 0.17017573795734592 -0.40692483127251394 0.06989605333171707 -0.016473960135550098 -0.49642618070352473 -0.21066704225348493 -0.002513407869110362
-0.09589525857414673 -0.1278887437813255 -0.07056042440736351 0.18047346419393384 0.3242320037602587 -0.46565800458669065 -0.2748652119198191 -0.08859635748699132 -0.08534022633850051 0.16040239385261118 -0.11329162545014625 -0.29501361028333206 -0.18542391991714843 0.059904513043879844 0.008370348180262208 -0.19537757598668082 -0.015310803397143429 0.03507485599077216 0.23069491648055077 -0.12320024357127178 0.07309561121663709 0.06699297513395296 -0.20734127390477738 -0.0583020986054168 -0.004296513450515489 -0.41942009827550747 -0.054758783976950685 0.13201639989910172
0.04112163143447715 -0.082026578700963 0.18808705258782604 0.4069637825177135 -0.08040385914001077 -0.3754940311808016 -0.010148663447359827 -0.12797110949957777 -0.05415628521037641 0.14278521622099183 0.11403608379393551 -0.39585437400486523 -0.004416054876332111 0.00772335596738084 -0.14851969223979475 0.026292023877631673 -0.04876680354793229 0.007072984046430017 0.3839752401008423 -0.048020835757126464 -0.16309268850911746 0.09416219075225103 -0.015814551872051767 0.20292356903016592 0.13131586393649497 -0.3538338978310755 -0.1934296896844553 -0.0432195252897959
-0.05415589105713848 -0.05570534588781072 0.22564952623493217 0.4110277378502527 -0.023335019184777053 -0.39932141761837686 -0.029386453777337392 -0.09113260312548103 -0.15558527078806678 0.11533685711671811 0.14199651181954173 -0.26260202636175556 0.005455458422923938 -0.019051352737688234 -0.17072102467060743 -0.027589804770262665 0.04458074759009476 0.04876638886038721 0.35019346953837266 -0.1098773399445725 -0.19522615828206435 0.13059080093839204 -0.03651031203370336 0.20334174252270487 0.08819736843874115 -0.39720062015781993 -0.21292368469636913 -0.013933696898675695
-0.15978027516731694 -0.11027679615121969 -0.062346469763602426 0.23676538071548062 0.16867332251444891 -0.2885881791267569 -0.1476797387534187 -0.09077733320730509 0.05509880604313899 0.1347170214074168 -0.12090987334405183 -0.005822593545198506 -0.05880610258581096 -0.048368164521977494 -0.07469171222146052 0.07868507401578871 0.29165340819635693 0.042374924439396604 0.3397283469493875 -0.07233855109770425 0.01627189643662257 0.15940478021928722 -0.25816095796080873 0.2743516459466967 0.047054255509621515 -0.47750471215093676 -0.2416887524654609 0.2084245490179585
-0.10870139026453725 0.009710292398018643 -0.06970636415003197 0.4042197899974822 -0.008996209271036552 -0.46692718371640374 -0.19396591012398404 -0.02700941337691482 0.07578053651908902 0.2745015403242163 -0.2101566228786133 -0.11813195747911705 -0.11204162402989554 0.05757381818288455 0.02472036660508164 -0.18001979963441395 0.16006638277896276 0.18645263798372147 0.3252706645156099 -0.2314669544956841 0.05701964903598941 0.18865776477198073 0.007297739071049465 0.18417794026876091 -0.05441500685884119 -0.2493530043986836 -0.10830191162137198 0.07637458108339606
-0.03168899055593539 -0.014814162900618402 -0.024651479659739576 0.3804590075190579 0.05384613134948811 -0.5405878563957777 -0.2991328300786917 0.19505332606574471 0.12442735274407918 0.17722116250922418 -0.1213179414624624 -0.1989196944508574 0.017435872284420395 -0.02517273869928208 0.12158721775688094 -0.03854459897458774 0.15938328645015098 0.17574407886295287 0.26455744767995704 -0.2701631735057337 0.1359481943843867 -0.02916456677479458 -0.03641213154327051 0.029922571318162332 -0.089389990576813 -0.280886568519435 -0.00976023582841295 0.0676071080492598
-0.03046804360689518 -0.0642795059051238 -0.1054550042315875 0.15892116624043565 0.24171996762440054 -0.31018116374639076 -0.0718680470404583 -0.004027211880810775 0.12161518012738061 0.33377432756988956 -0.37407243695954195 -0.09262683666891086 0.10598269966602716 0.11042324270972394 0.07419549575710552 -0.1988602435681769 0.10801102235492967 0.2484142204655746 0.21662174839092177 -0.023102798775146385 0.06744216562130473 0.07715841597060043 -0.3395982120364473 0.15414964461771882 -0.21134725207306562 -0.3072484014875527 -0.14926775922099797 0.15421995060379967
-0.027899926193594358 0.004525200765243467 -0.06065794480130895 0.2320554114957183 0.19273619370532932 -0.3876689935263459 -0.1268032560460961 0.032558121011870333 0.09316527686086977 0.2804495280797518 -0.2238289580634908 -0.19123867570108363 -0.0028497112109471695 0.05216164390661914 0.069768312281144 -0.2891566177154616 0.05332659846239944 0.1848767945583457 0.3466323066539164 -0.10347922009227231 0.09464996503902195 0.12048424353492392 -0.3150708803471404 0.09189140173592683 -0.008820419613266229 -0.4005622747232514 -0.06898233563329793 0.08675625978951167
-0.043618110433206014 -0.13074838298937844 0.08218416303245606 0.32883193976783065 0.09817900438010495 -0.5279905565009697 -0.16177246809754617 0.07008505492490313 0.04567513914846683 0.17478003188585906 -0.12567260163933006 0.12689515404362253 0.06155462696239655 0.155783731700707 0.12923302941361225 -0.23871140098884747 0.21864152952570112 0.26945048348071926 0.26230024390011486 -0.11878284511579501 0.0438981298856395 0.1132280949164758 -0.20183920546240378 0.07737849001871212 -0.19771916922077526 -0.21443609029688693 -0.11202820921039469 0.13390856111487429
-0.3813787897002529 -0.07281796313318584 0.03293426218743757 0.24503747163574188 -0.34142640790782625 -0.21034890534522765 0.35532340795278594 0.034558816116668466 -0.07372504384848365 0.0886985728166107 -0.13163203440292673 -0.07048667862964497 0.21566713024383613 -0.11805713209195572 -0.03130597099465836 0.2351382371696245 -0.23826018533899404 -0.22974578081853322 -0.07027587888931369 0.043072715157398245 -0.014066833518500738 -0.20128821671591146 0.28743548894724863 0.2400406290195046 0.09731860961654937 -0.031464004987808526 0.1083743901817213 -0.16742049555398117
-0.09889734834228131 -0.21084167316885274 -0.12015642961325253 0.39419402553760957 -0.32040315467605723 -0.24385759414306077 0.24198788960411843 -0.023852243283960982 0.05620938968083762 0.13668072058742975 -0.26722743594846166 0.2048568357299468 0.18403960935455435 -0.05322226801009945 -0.13663190573797382 0.12432610647431623 -0.15806563361861584 -0.20606485271069272 0.1267205984619432 -0.04979978678889836 -0.11074549297571562 -0.13734360075705063 0.26059903338484086 0.28379536147676393 0.16796088448021607 -0.10889894954669604 -0.03108103077664272 -0.20503532347991102
-0.1455872870922402 -0.037692433369067496 0.05804249014492341 0.31114841508983354 0.03704456282629736 -0.5109848619572529 -0.053486842724313255 0.06413851610856582 -0.1794109633391605 0.1984485073558474 -0.14170822637486358 -0.18666582855256145 0.061391781162358085 -0.06016710020558571 0.11712696098979683 -0.252006139232567 0.15108964670637368 0.21044271915547214 0.3784409829458392 -0.144701121751818 0.05651710898688296 0.10241162297655639 0.011056448311924563 0.2681147507675365 -0.08490235308152883 -0.2503152129397284 -0.07758949999754186 0.06157988345791459
-0.0999479930122228 -0.09823062278660356 0.0024593062080346035 0.4087475950129352 0.08052795311534408 -0.5447892844022661 -0.08619052953015793 0.0984943964914955 0.0615301979323711 0.22726903568928883 -0.2112411798328936 -0.14421177809100455 0.0024172012972300595 0.09447938424796928 0.0220436474847924 -0.20607410828303907 0.19044492578741934 0.14576343967706493 0.22855532826996997 -0.18349782445350296 0.20986312750627129 0.16785871598778984 -0.058846537406723416 0.15998897532919718 -0.039031623234321584 -0.24881673988597197 -0.10044056352067829 0.04362874267430892
-0.02830562204282763 -0.015869481112637546 -0.034483497126168126 0.24260171883288467 -0.02120319409648011 -0.57439949538629 -0.18371546777193967 0.12268382854790479 0.10550820913592009 0.2912061259725232 -0.1484319688921187 -0.2435651133069089 -0.0009123664956738999 0.03415712126511074 0.1397076505582281 -0.07670176199593234 0.1913731258195126 0.24964885755662128 0.2941777486192144 -0.16779052087170898 0.06559093041098706 0.14712428691801901 -0.1494354182397495 0.10827294586672546 -0.08288203444739095 -0.25680409928500403 0.09667431718499005 0.00703053368554263
-0.0379260525942845 -0.1797794053078609 -0.03991804783216258 0.33489081725889114 0.16755672175272482 -0.5988918927444314 -0.11777427221658658 0.1599838147654137 0.06862739653002849 0.14356168570742794 -0.09822859279581864 -0.08182460008698765 0.008451751188439487 -0.0626885240171761 0.12707356407699924 -0.1947318030870203 0.13938656494766516 0.17172297873215606 0.3573666286330775 -0.15112848108571458 -0.015815177196833768 0.0678876863967801 -0.18644024775981896 0.10071179044467983 -0.13816905191798776 -0.19785528556022752 -0.10105851074012265 0.09418086219214027
0.15203044005979469 -0.09534301447739119 -0.09088717018623899 0.33224808543738166 0.32327690911034584 -0.4595124858561523 -0.21401136443211644 0.05863739124493574 0.0996481676590917 0.3263794586774356 -0.10497409007016294 -0.04990288192808083 0.03698438729768714 0.0660486291093748 -0.07249661217832153 -0.2757066490048972 0.2400625579837916 0.2540828110774049 0.272972597640628 -0.01767888173609981 -0.018284262134968362 0.017065245013132287 0.018301277635661556 0.16829855438028138 -0.12163010125504661 -0.16085945552807615 0.008994271596712454 0.015324461435411947
0.07194686695334689 0.02516226559947716 0.06200289456796947 0.3897734732744698 0.12138858267408709 -0.46464000839582004 -0.14657919589923699 0.02013058876331781 0.10441796071347877 0.18524230470604341 -0.21816984951456236 -0.14223316150369808 0.0040232902016438124 0.10769483525418919 0.14914031548271045 -0.13654864466354694 0.26202121381428245 0.13564163016339165 0.3837705464213012 -0.29620894915441515 0.053398588415528615 0.0040881098368434066 -0.12661107026765994 0.028161129042650376 -0.07223569813084216 -0.25248867968825833 -0.045035695631066575 0.08715523522440206
-0.06762100236502437 -0.1223463564636625 -0.04467074226886532 0.2061527911594882 0.1435398074243817 -0.38906487704065995 -0.1165611109253344 0.27363019175178876 0.17020479193063678 0.15680022782208847 -0.3372880044903987 0.021066058177844814 -0.022044410786350006 -0.06601188991180919 -0.05571989019530265 -0.1433605343580135 0.24319041629543212 0.2680766339791245 0.32825389613979233 -0.18040502562314006 -0.05434206621811398 0.20363288097136473 -0.1382907050302407 0.1831947460768866 -0.08373720412781664 -0.26451541075130863 -0.1403442132415726 0.11908668629077196
0.04063094195526678 0.05600806177429263 0.02775854183840837 0.3672454619452101 0.0802750002778417 -0.4072302526361805 -0.16989877074850523 0.1389056004720596 0.11392849166176673 0.26034466199917033 -0.1961484810535659 -0.09207219633568599 0.03143485327484006 0.08490120572864347 -0.13841422759127248 -0.1641727284828942 0.20306492315289518 0.15382095178585184 0.4286744821153554 -0.32278093726412466 0.15191668391197313 0.048264931989124626 0.14732684505905996 0.07384782151816915 -0.06300044211344277 -0.20306106989755562 0.07209645759834613 -0.036058399515308946
0.026007212077503197 -0.14418235129096368 0.017591612187373876 0.4098323595331272 0.05045231258995575 -0.4615708763797775 -0.14728880737734928 -0.0032798898060156455 0.06630277142677671 0.17288004573576363 -0.1888588667707717 -0.06274354577364927 0.07535878853766863 0.04387805981231223 0.016670550179050763 -0.09028157811840498 0.1595291373343883 0.1367718697807267 0.38557498057030487 -0.26240909050280437 0.11106209411359703 0.004837194262484871 -0.06803831408035814 0.08738192445776984 -0.018830721596554408 -0.4367098636225363 -0.04199204775154424 0.06249138590925856
-0.08195424871613959 -0.0803119016056169 0.06539930365078775 0.20690129795129253 0.18985304704719466 -0.3909224639188223 -0.09621234817886945 0.047444856626440275 0.14710653206838645 0.2616332896955805 -0.2598666287113075 -0.19845227680653502 -6.426364137888843e-05 -0.04762962202746969 0.09480560610999324 -0.28618008147940827 0.14945721778094012 0.2306612371157917 0.35286646140562866 -0.05464256561599976 0.10249357725357443 0.08862268999640631 -0.29697636120298365 0.07911097625723923 -0.11847502702060818 -0.3229481690866951 0.022704185908327554 0.12046379093394227
-0.06602303110066027 -0.18269530125677427 0.1711282086227215 0.3428143624048238 0.10337349327426587 -0.43418586139831594 -0.03459448422153568 0.1918613210837859 0.24068696665679162 0.09368281314274232 -0.05264135702975065 -0.21953550874883349 0.059846777099626006 0.06608220466975266 -0.0005303988424545893 -0.2576144320663266 0.16768123835234244 0.14277081687720336 0.3651232087180417 -0.17269668141012054 -0.12567712503740247 0.17188151608880636 -0.07297165653444805 0.24065278601482942 -0.03453250516814396 -0.24861930766346776 -0.055116010846076445 -0.00043012944452896536
0.020760793436400093 -0.10873757652056767 -0.016474754265166865 0.4313001193394724 0.1069714184926829 -0.3896079921508163 -0.2578688373544886 0.059967984238125015 0.21224475172780632 0.20778469410925038 -0.13510119621689948 -0.002606251170410627 -0.1197075373329875 0.08100487910086392 -0.07533256061546552 -0.17524051059049775 0.10431570544498182 0.1306903325031418 0.4412786974394973 -0.2688792958587221 0.0033796457989192334 0.11676520223404328 -0.012759575542508835 0.19318256066430228 0.056493631559559374 -0.22909791313533276 -0.037764824907989894 0.03392184067548378
-0.06330529399898976 -0.02811952417432191 -0.216425398850619 -0.04572550104223911 0.4845787398784501 -0.10037061708288943 -0.08839062707598509 0.10580467179152522 -0.017916669797719754 -0.25384801665860385 -0.07173559210643488 0.08703019019506775 0.13917490582468747 0.025177349314719207 -0.08402360148155272 0.007527443786950471 0.3253336417999098 0.10053044883198044 -0.11808625527700267 0.40019125487638013 0.19240891827237658 -0.1199345570380893 -0.3685498933834145 0.23937513261698867 -0.0964390363946336 -0.0852108389440442 0.10241852300705148 0.12704608028880263
-0.23917956538393378 -0.22924847468213552 0.09564968396504586 0.32657244272234753 -0.02868195650771991 -0.3607459891456561 0.03975538685056314 -0.09900943171935778 0.05831628607637104 0.14471460622668098 -0.10854518310737649 -0.12074419490755434 -0.008040145651457145 -0.008787495731363636 -0.10659427393746362 -0.4026118458810364 0.17673777115408398 0.0708277977902137 0.4214840244688236 -0.304365555903475 -0.005915239932252719 0.12792774815468833 0.054957023989228214 0.16249492412437136 -0.09095164802375787 -0.21531693096374385 -0.023115791502580734 0.01606409133188448
-0.22131776922287427 -0.05567580000213341 -0.04842866132256466 0.24370708885778752 0.1486282157429904 -0.30804755003376905 0.007878732314636391 -0.050933066088140196 0.05689622785415843 0.23456057901330257 -0.09242121794087929 -0.0044238556046421375 0.03417865192103019 -0.02907390635557884 -0.07375472306047336 -0.3107324947940787 0.11811533565628697 0.1835463411809646 0.4889584160506915 -0.19331243895736056 -0.0023386407351330485 0.1609717403667144 -0.1324050600935611 0.19029329280471236 -0.1667019253011798 -0.36069780091677545 -0.15435282205184697 0.10122996360511523
-0.0013452633711441549 -0.08060121980550204 0.034735422497385496 0.4105813283959919 0.1205176472991657 -0.527317794761861 -0.1620680418479079 0.07219801788825705 0.11061006981752347 0.22429610243133646 -0.19350231747952162 -0.13210986115245066 -0.00397640126507795 0.0497003306598063 0.018936057033437627 -0.14188809782822728 0.16588211914283021 0.21683956829200132 0.3732952815789894 -0.27325481703609567 0.08764974825931714 0.11703210937570072 0.006228298389843433 0.08076973606286698 -0.04336576722434113 -0.19402779569225798 -0.029907673828943847 0.04813982745604617
-0.14739671480656108 -0.01613789857819984 0.02665516174797727 0.2504713251598331 0.1860048417723756 -0.552581695677855 0.03674835115460284 0.005590525108631422 -0.05245100682640184 0.10590800498099137 0.0012075014832397385 -0.08962015281423408 -0.021277167844302357 -0.14206259867160392 -0.047538685085087795 -0.19275731506869645 0.1688281160263729 0.16103945792548724 0.40894039627963963 -0.2940166143321136 0.022215154050577383 0.15079151433372964 0.004573573524710161 0.21878380373798068 -0.1743079375620488 -0.2667792892116827 -0.05675561700619257 0.08474401200960668
-0.06485732137245469 -0.05304358261547445 -0.0649391168487018 0.24579786392325087 -0.007157447286717753 -0.35541860659643254 -0.07732629386484086 -0.006923783840276378 0.02579082274824891 0.08382244737089405 -0.06280085136177739 -0.03244706023471757 -0.027298535157165103 -0.02410748636099124 0.014285401583899559 -0.09012375054395175 0.15621048331770626 0.08613046508345885 0.4580025404179284 -0.1285186520897276 0.02103869322292348 0.14993160957507035 -0.2343977463460709 0.40677932147942264 0.008553215561173865 -0.4147097671860182 -0.2581780119832673 0.18290389428362322
-0.3842192974109966 -0.03997133515538236 -0.08716480390504776 0.25032407350394226 0.1419863313365705 -0.39834748240327283 0.02496546542955134 -0.10857735804537468 -0.04981406198813574 0.19685909003432273 -0.16151091609986865 -0.10736568382875111 0.014926727341718706 0.020696420649484477 0.15659929377806459 -0.36846835849535514 0.2028812682115394 0.07663327664493208 0.30280686479350316 -0.1928380484402122 -0.0609244247784083 0.18389060556971873 0.00800228613445423 0.20369466563276797 -0.017382673517407552 -0.2816011021768228 -0.12012791445040928 0.02112282234485426
-0.20907989171337657 -0.1682623601580223 -0.01087330366858294 0.3809626046641553 0.1978661441544962 -0.34616696065792446 -0.11283177569113928 0.17942957359810083 -0.060453851085221215 0.045153746501797105 0.03806630491729635 0.06627647214784739 0.00873652239905035 -0.037699534365549306 0.020897316330459596 -0.08173264254512036 0.05873806373336663 0.131918087512817 0.38305050485346726 -0.17669441622743165 -0.08250242775790874 0.17348704805878068 -0.08649790696663485 0.06205773411404954 -0.006917193389108474 -0.4581154442743661 -0.31767764629718587 0.02809159832645401
-0.23152340842642824 -0.036075986735071015 -0.02909297414615602 0.30929723475176263 0.0452028625157529 -0.4594965159058718 0.04113348705049063 0.008676871866540573 -0.1021754960723394 0.2655679160603549 -0.2299446347146535 -0.09713080849361086 -0.06585175169491096 -0.08793716941383688 -0.0035105673128487894 -0.24919294602204978 0.17849977109787424 0.06799488971305978 0.29304497705154886 -0.2105843906189445 -0.10980643018644462 0.12677929801791127 0.1452319468026346 0.21382634823123658 -0.02900073326571121 -0.375562990584875 -0.10469604331852365 -0.0410095026460895
-0.0760701244036219 -0.10548812895692943 0.05284005439707047 0.26038387710592453 0.04325991001077578 -0.4748116290804019 -0.009828772485649742 0.0763158809379117 -0.20052597767347227 0.20202377214612458 -0.2140569065005946 -0.15699012471526128 0.14374141076929928 -0.02228359254523672 -0.032761806157168935 -0.17149575093507208 0.17682675694515612 0.1847716167956002 0.36664552371190845 -0.10899355449356314 -0.031737768193245953 -0.004956705967328997 0.040585351107318465 0.325402243935329 -0.033662801060040694 -0.3710089033794768 -0.11525568263525343 0.06144613509062279
-0.18728394108369528 -0.17372144973262263 -0.014543880858726772 0.26740499089636127 0.2309960313001303 -0.5133302209318779 -0.030932972536745082 0.13872786369218795 -0.22112940168399914 0.058997439427238715 -0.09611493273162112 -0.28085636525918317 0.04625395263267766 -0.10251249766802036 0.06235086761495993 -0.20775775168447094 0.018318082188401 0.16340186591979874 0.2609568303911908 -0.09947493873973584 -0.07007919542514507 0.2485271703269806 0.09566827866564453 0.28795147461618675 -0.0744702929116171 -0.20491345113459997 -0.10867963761452201 0.05139506978162846
-0.34624420612602624 -0.17753625761017772 0.02275916435972175 0.26255681836162953 0.15223606721021532 -0.4320570145835688 -0.0797897632409435 -0.01802486934209999 -0.20145528131012513 0.19552237964223326 -0.0983404548271639 -0.2003540412786961 0.013956382763898016 -0.14261172032842617 -0.05892097759959911 -0.2394500901137449 0.052069779312126536 0.04625539153954804 0.3205477213370717 -0.18118314744322828 0.1133915442387199 0.10703662197472102 0.07556595839605902 0.23476447889555013 0.023840365818260913 -0.333613781724701 -0.07159167379508669 0.10037285565158482
-0.1931001200543803 0.12567352376006147 0.010987337675490687 0.14706400133453107 0.10325448486909965 -0.24982545114951235 -0.023039009085146427 -0.032065859007262366 0.24766587282832275 0.1861903021405463 -0.06571322207246737 -0.32604704133135265 -0.08784805782249185 -0.08756074611922923 0.03198443553806323 -0.04020721062519323 0.1461094795358753 -0.014990495343286139 0.373715909163589 -0.19563095133114405 -0.06253804535848873 0.2789925681421985 0.12349200922789588 0.38528128136363426 0.10803632317625317 -0.35915786475460326 -0.2003738548583538 -0.01092501362015257
-0.24064993623472647 -0.18343085603435813 0.029993276084256226 0.20453855921572753 -0.006916184874201337 -0.24451557812634736 -0.022338927677649133 0.03857517144000411 0.21973551221299412 0.053968334609379255 -0.07691647790254967 -0.03254667979033901 -0.25680939808627573 -0.1069332210765588 -0.09435501574046096 -0.039303811515748764 0.09174186263667679 0.011975840300712722 0.4124034831164779 -0.06768100743298969 -0.012943011431643054 0.5331341342486118 -0.22242620791100348 0.1673457352349366 0.07179753643794798 -0.2598258705412599 -0.1922279375927034 0.05627041763530283
-0.23661261204857223 -0.1682030074187427 0.09303425023621542 0.3196764387797406 -0.14747441087463523 -0.5228607990513712 -0.14512247270157094 0.033886869781938916 -0.035398959729457904 0.056462270275108306 -0.1538203633715442 -0.11218920555989839 -0.09244088520309493 -0.15482768353173115 -0.1411086811777252 -0.1430901011454129 0.07505164651630589 0.10214570223630949 0.2779952776385605 -0.16771204464920855 -0.05406241935976022 0.310292604380328 0.0690437319661821 0.2709838356262139 0.17363515306967905 -0.17180907598061937 -0.1234057109580579 0.012887092357186672
-0.3784639719404669 -0.13363515473559587 0.09546334093857797 0.3040885798296715 -0.0998484259512695 -0.4688743165908171 0.14613476290216326 -0.10795378186802553 0.2017089946436637 0.17808863066975214 -0.043550587935684115 -0.17864491849248168 -0.14437896043024429 -0.14017517975037092 -0.09545194900696653 -0.12331044755953978 -0.025080762218083995 0.011244338165634306 0.35403672293460037 -0.26556884700910266 -0.0891879870874089 0.17188662457504436 0.040290535237665216 0.18424854346180106 0.09620945551246246 -0.12941144062642962 -0.08820099688135348 0.00018842485718591852
-0.29675915451003837 -0.06825966876894908 0.10399107024822803 0.2890071690042759 -0.029581369835999644 -0.3769727928591622 -0.059744873794099 -0.021908681682457517 0.08982307022425762 0.1170408879562531 -0.11209429257075658 -0.13367389199922208 -0.062379414645809775 -0.167131779454933 -0.015736348893066625 -0.024563060534304605 0.006860291473834978 0.10121234617416802 0.34542689786053893 -0.08254277355145682 -0.13968508271332275 0.38317042755986125 -0.08607664254488194 0.24087789160519002 0.10413470808117507 -0.2905660993496051 -0.3272386127629612 0.102380922124427
-0.38440423966354315 -0.05909137443262513 0.07207470620062434 0.38562862595508995 -0.040046018922707496 -0.4799708871585499 -0.061647542529378895 0.019677147609566056 0.03899670526609729 0.2203715632196305 -0.07864902627276966 -0.12888670789722476 -0.010379556135086324 0.04909291760303721 -0.10418264597420879 -0.14922018492397085 0.1429659119632534 0.10292212751576812 0.14829190937765496 -0.18177606130737398 0.10489115472606933 0.25459962087644566 -0.16214675620887575 0.06329030396107788 0.06426169039674681 -0.3595144349005157 -0.09979540930182802 0.1209494521032359
-0.2439812370339714 -0.16005779685540653 0.011419560504198999 0.17240370971506785 -0.005595225658437601 -0.5003742137189335 0.1249739407402744 -0.1333332016173797 0.1674341973445658 0.09389282677666787 -0.2644039459864457 -0.14229733850297233 -0.11326892193341315 -0.0007717029026057024 -0.09965786953052945 -0.13365491017219688 -0.004761007092894662 -0.09877413738473302 0.3457439053755159 -0.023803873105337 0.04080595595432943 0.30774464262302675 0.0487684980188758 0.241372580599403 -0.003086548843170501 -0.31936328066025743 -0.21047477253257046 0.019183035662827273
-0.20459625441309748 -0.15985737806773864 0.03700051775035614 0.28805133551158646 0.1264563577825179 -0.48798712014672674 -0.0076708288202324785 0.037153664197851426 -0.0768725838098745 0.1895609492729061 -0.10684121540538093 -0.17031631666090244 -0.01267877817245947 -0.09737011255489843 -0.005008103307851499 -0.19540007765889084 0.11060130974110569 0.1352980766689399 0.46718746714400633 -0.25847182487594494 0.013261815401519668 0.1304146410563413 0.028837803675619837 0.20928572920262684 -0.024776931088854582 -0.2544553269604271 -0.1338639157966989 0.04314072551112152
-0.2808623606146799 -0.06252394477361847 -0.06973512405839537 0.3415806547656378 -0.008798636307443002 -0.4520571071579365 -0.13596910936661263 -0.22209961425091027 -0.002037903898725417 0.15586127169777808 -0.12180475641105708 -0.020459127978650484 0.15056485210813178 -0.04454758173240343 -0.03701807635217351 -0.07313997133042988 0.11451395056944572 0.1447262215543625 0.2669256358625483 -0.13423004886430617 -0.11016779642324509 0.3367402519726893 0.037133030575607455 0.21769083954441 -0.003545437492633058 -0.2907294835266518 -0.26468892286679446 0.01644083881912186
-0.2160737626538371 0.05783225605205623 -0.02272500431309378 0.3695218176747099 -0.07558495028872836 -0.35329018361730113 -0.07998384993437672 -0.03136307282734693 0.1181730233995148 0.22091745718086628 0.14443655052168344 -0.2334133555664969 -0.05155997380750903 0.014252502848211687 -0.2375943326758577 0.15789691439877412 0.13855664850015928 0.027292402321882514 0.4067766992881416 -0.04652025458202982 -0.1617098018880299 0.01303374133347361 0.06484289539450155 0.26349564002989534 0.1049069132052293 -0.3393944121121791 -0.19726441269846656 -0.0018687665959610785
-0.014932126250213973 0.054781804227567794 0.07724126721991888 0.5473177294888992 -0.08234053901201424 -0.30833119975231615 -0.019468471817230514 -0.004016804783441668 0.09108343586026163 0.1392858464215866 0.040770153119706574 -0.2631625459366061 -0.04317055904880328 -0.0494564648829655 -0.2286291214120224 0.20443820036847346 0.09485371612239955 -0.03610191329597461 0.2836319764097696 -0.19634515307281003 -0.055470747711302996 0.17876104605733137 0.03063915226818523 0.1485260529325043 0.21380454731610474 -0.31447414085000364 -0.2359380301978134 -0.06646040600397443
-0.26898418304106525 0.1572818123176007 0.13171911063574823 0.32519712162882436 0.02629843446264721 -0.36835149988704113 -0.030517376436209626 -0.09844202982149382 0.04143297434893425 0.24673220103793056 -0.17609465087447126 -0.28807410804273254 -0.04966225369675593 -0.15274219920571638 -0.11201640537291783 0.12944602196333502 0.14097967977146098 0.013055641343128302 0.3183040703701765 -0.04729008242227489 0.012090733163619583 0.216513180894622 -0.040448313998279896 0.2795665933710738 0.2021183220932736 -0.291345273532729 -0.13570171913611018 -0.08095820994359584
-0.23782064893533994 -0.09632219497009785 0.04613008124710482 0.29607583930785675 -0.02340757350800456 -0.5243795480918291 0.012514638739534395 -0.054994119061588576 0.1090880370095798 0.17705343611892513 -0.10584689319840726 -0.12416130277629484 -0.14051334067704946 -0.10503356649913964 -0.0892343983147086 -0.03308163043692512 0.08054888759458372 0.08439948933237705 0.3025965715049313 -0.1877754847984736 -0.018359703274867127 0.34898807280036126 -0.07227837839350179 0.26896245892997683 0.09097645060457457 -0.2918377662098396 -0.14915433954249194 -0.012137056665237855
-0.0846697353385351 0.07276017135692575 0.050692933658902775 0.38353767905254826 0.13907458107191317 -0.39240755141008254 0.020682929005841354 -0.0414188608113302 -0.017055009898635138 0.1764731622300832 0.08047460298364614 -0.13316022776649908 -0.12489023202149133 -0.11567628516687742 -0.09304208989891419 -0.012805418719836675 0.05137814867431913 0.02447466731844032 0.30423189919494315 -0.17772366411998994 0.18553534694545382 0.3103513909631616 -0.03278943964850011 0.2006472433249355 0.13606976240385393 -0.44677139413714073 -0.21670874257091477 -0.06645954972187386
-0.05487682075346137 0.06989241928185533 0.18120789287189293 0.4375519037406271 0.01253801295900744 -0.43142764598970473 -0.01606992181972133 0.011324102994783466 -0.007197801389127642 0.14919422517735303 0.11382431702261715 -0.35440528737166704 -0.007218969327197007 -0.11861491667858895 -0.17470577916848412 0.09660899471494047 0.13316384913624787 0.06055753267895214 0.3009936303822925 -0.07089803347645342 -0.07173012194934533 0.18447138249235906 -0.05346800119659717 0.22995794663127828 0.09250052700605177 -0.32957021938897957 -0.18493750515672785 -0.05461345370415408
-0.15474277440660186 0.14713802903189674 0.041020523701828064 0.35218854561160956 -0.025689476332586277 -0.2745919855200372 0.016930708288745943 -0.005554080936189854 0.01740855150568434 0.3667272040527096 0.13860718931642454 -0.19925948131408544 0.012955316876062783 -0.03264109073118404 -0.11681671789141226 0.10335576113467214 0.08780753597936475 -0.014721084543333332 0.33632425397170235 -0.12431428452102752 -0.08723618983434936 0.128696582076993 -0.11045613617860647 0.3665007950094631 0.09529838577655421 -0.3200345643023092 -0.3347861988278982 -0.04754371482797228
-0.13217017806848252 -0.0037119520000477363 0.05115100772392911 0.30103212897513504 -0.16775362021436768 -0.5536292218858249 -0.030317400651236632 -0.04541436729509789 0.0036615450897004697 0.28093630106804324 0.05119712111916657 -0.29713241477229774 0.015552089635263276 -0.15796244693161896 -0.23501876818290843 0.059402131948081686 0.23729583302253643 0.059636131536344845 0.1909602856217543 -0.12764695066665982 0.07563832559861966 0.2374964652884509 0.20106639616977529 0.14670531153666397 0.057639943880468544 -0.1833182905346399 -0.1550837339072784 -0.01297224490113541
-0.03427735565061663 -0.06896696878568227 -0.018624577689155923 0.21952778433817682 0.09674500748664472 -0.37636392048385475 -0.2647863502840707 0.021198618666441175 -0.07778097829129561 0.044354160329927096 0.5715448089236936 0.20417491074092892 -0.30727636833991073 -0.042986542113123055 0.1418651699888272 -0.22342894582576625 -0.08306701676331323 0.09225009641368014 0.17773610113048308 0.07876627694718237 0.08430492472273203 -0.1465780479375773 0.14411613041662863 0.0761227716542551 0.1889015085220126 -0.14488426556651277 0.09776216828894878 -0.08175654946820377
0.08923555568598043 -0.03517157594958311 -0.13578713954436783 0.13469978079327694 0.10476769790448634 -0.15149064887691627 -0.07172544724933412 0.05177501522504052 -0.1232820591989804 0.17367500151374876 0.7864190657964728 0.03931100026850115 -0.09829719537105713 -0.01307031187366609 0.03373524986186852 -0.10132189958792884 -0.13642714785073062 -0.08438746839339202 0.040620782934744123 -0.03867979428029973 -0.013866051139260803 -0.026450268868718065 0.16075377629012425 -0.0032273674163860186 0.25079997164845613 -0.29073417252877504 0.10168531958332976 -0.11170061159534848
-0.3355881436560624 0.2819394238105905 -0.13815768473799495 -0.18520964443940335 0.29570666750304 0.23677411989954028 -0.04437257399893357 0.204458844278296 0.020154352733466687 -0.33550673554124955 0.3272224325826531 0.21640997314262642 -0.22374308395019193 -0.07997081924234052 -0.07610620165865499 0.02465963902178431 -0.12352676397800295 -0.2026134476752966 -0.270434903650684 -0.13790672068767704 -0.061850540254467075 0.09310523645391128 0.07488860932515143 -0.03910998498914125 0.03894081128426169 0.24989256851761033 -0.0480942493426003 0.055825119814265176
-0.43122581279377864 0.089418698066182 -0.0333918509750683 -0.08546266736898571 0.41436578331601037 0.3144262770898815 -0.016266607495339907 0.18867977860169252 0.07049133992216663 -0.07482492511999433 0.34121908842984455 0.1593005274917497 -0.11052914288962934 -0.036106508487357 -0.10014001505727288 -0.03737575905275329 -0.1434658888909538 -0.22106238641163142 -0.30985674875731684 -0.0872930526534541 -0.09494179512396876 -0.05105841903137645 -0.03031945841868193 -0.06003019510127553 0.13847070704958597 0.31322413425079737 -0.08540647245675786 -0.008832733396116847
-0.49348295187947033 0.07661618835592851 -0.16934547822070065 -0.28062856264695585 0.21556492997777707 0.3892453999475358 -0.04085533593175392 0.19528001592847355 -0.14551561555734555 -0.037136655301290254 0.1899479099652451 0.1788231592233728 -0.2263188077639365 0.04607519297244495 -0.07320388930016813 0.013259030393826882 -0.14460427399487297 -0.24610344499445247 -0.20230415128768592 -0.052080154925362776 -0.046498349178135015 0.025507924637797552 -0.05179860249555451 -0.09754762235105474 0.0363403020186121 0.32146997983120684 0.023144266548929007 0.10282886988907342
-0.42544622729710885 0.09577986243550139 -0.086470513459434 -0.07701188900111591 0.41086334068618213 0.17841114460764967 -0.050843374594245185 0.19397149742495112 -0.05040379871489713 -0.06489458671045266 0.380502953506107 0.1866638660257913 -0.18624362904727132 -0.06108477828339532 0.1661517207564818 0.016205695841347584 -0.14801640547916559 -0.23530236747204936 -0.19340047621366369 0.035938303465290845 -0.020013144455338024 0.0860354108351081 0.04880649582158594 -0.06122327735845378 0.18323066257224527 0.33546266606919467 -0.158173541822038 0.04321845260654086
0.0036906744263932386 -0.0809696645103794 -0.15113947007330017 0.1284160779989032 0.29216819092218094 -0.1601974958252651 -0.19945035333500424 -0.006963603169759665 0.005362605843401196 0.09156594950192612 0.4593660382169466 -0.07443255977432531 -0.21715275041533477 -0.08876064946594894 -0.051554838975436265 -0.1582007176642828 0.16500681359357516 0.07467414764163631 -0.18959248926523048 0.02706307002396709 0.19461576604807285 -0.28370193431563173 0.27461256745834056 0.15607784662159127 0.3568913492573406 0.11698675961901413 0.2170666367408107 -0.14057580260657807
0.16895119177037515 -0.11712457813256993 -0.07889839613426057 0.3011536678344586 0.21262060040077907 -0.23100734734123285 -0.12543628630459425 0.015985697885313396 -0.08136848674461704 0.02998531038180835 0.48046675904165925 -0.04747703283346893 -0.14535044675951653 -0.05174968555988181 -0.08930262309367842 -0.2726148235454962 0.17689673552605503 0.026199645889177878 -0.24897165402894658 -0.013924811550593233 0.3059941270197879 -0.2907065011452052 0.24869444410941513 0.056711818697760784 0.1770917675684921 0.04349066371890069 0.1587264138363076 -0.06100584358972383
-0.43125225308143933 0.11155295895516615 0.03294948783280532 -0.06080181077280396 0.06791871073100729 0.3086021122065571 -0.13450878530432356 0.15840305781407507 -0.08570225865319477 -0.1732559929008417 0.12721765421710865 0.27923925789351317 -0.29310465431886 -0.038523627990701574 -0.016767541544609525 0.13319501368310332 -0.3665499917514618 -0.29706463284207824 -0.08147281050059803 0.0036536036308929625 -0.08665188406318912 0.27978268422761715 0.15674887360576653 -0.12081286808746464 0.09640030985393627 0.21015097296710308 -0.09410821885876806 0.017364855250410816
-0.4231809917755181 0.1292190708674059 -0.14157540577196756 -0.15773682036976153 0.27593872778877043 0.2526437839461452 0.012175259632219649 0.23960662295956964 -0.018234649532518236 -0.2155668253833382 0.3261201188458265 0.19221412711768132 -0.19169125170194704 0.013833583684602638 -0.061804686898285166 -0.04889205764262166 -0.18138822403376878 -0.2939284273255851 -0.20520819679146388 -0.0892318523614075 -0.03564548479852208 0.06766706413585906 0.02013475079989761 -0.08193878611976181 0.09986002740827252 0.3688541168058068 -0.006095137615753893 0.01077739627400245
0.07914710097877861 -0.14082365780541062 -0.15598326730610051 0.04284123957746461 0.26939715653482443 -0.2850502628276774 -0.1882554577078548 0.10905905964695627 -0.0805316310811609 0.136858540054344 0.5639947566227071 -0.0013258230229229455 -0.1676117414344301 -0.04351895798909612 -0.06316794289396462 -0.13668980496908 0.15950741937247986 0.08514161056946029 -0.18704279940267282 -0.047711399847147236 0.1983500126255394 -0.36155215782886313 0.22126110965078813 0.09514311675796103 0.14331926838341302 0.037949145838796945 0.1635895032649125 -0.06196706521158894
0.02452932022633941 -0.11267956231969604 0.016383479573125227 -0.10869274181819445 0.12612816422374545 -0.09594937443842497 -0.12424224689266894 0.06635363815676974 0.034119530917568704 -0.10194939099698994 0.6635099980005432 0.06013617329238866 -0.32279421906721273 -0.19254351118104157 -0.16258012868247912 0.01212221827425954 0.010735762020190977 0.07586059603504525 0.05721092995064248 0.0854389384301659 0.17473424103478824 -0.23497875750441732 0.28202262604859923 0.0871844898568613 0.250797659834332 -0.0684203614814182 0.1054228007139862 -0.195894789577117
0.034519245038408884 -0.22798665042667293 -0.11572652574459752 -0.01631194417448985 0.005285772658197792 -0.37477595841673444 -0.2345118480218399 0.1369567151539212 -0.23547680368171287 -0.0411313877356264 0.6251408380448248 0.0026961688532396713 -0.20210898018029608 -0.08589442125212943 -0.09313041289820975 -0.20328226937030536 0.12136768775960322 0.16269809408951244 0.08960749865366503 0.038841803427847786 0.1448494470893158 -0.13834662800762326 0.20709801007922668 0.03551116753352265 0.09408839242146981 -0.10770670942300209 0.0983061646563012 -0.0873691936354001
0.09118470415512292 -0.14050085352812156 -0.09176137863958256 0.10635509518676323 0.058845481412022456 -0.24599148517075783 -0.3244741376846165 0.15171966961630923 -0.16816827849881621 0.15554739097565967 0.7189397365247913 0.08332542111110297 -0.22313156905718767 -0.011451276582425812 -0.03042467572613094 -0.025928222803204025 -0.03173857246231932 0.006600756476435201 -0.0010257300422651437 0.08023169190519151 0.10631485802532384 -0.14347905613914116 0.13086042307323437 0.04846648746321277 0.13156816479037953 -0.2014607355740171 0.085546899196458 -0.08977794205629769
0.12643670787702896 -0.19062669850695424 -0.22439883230302943 -0.021542499110610257 0.2014966557145333 -0.22937665679397717 -0.1442576801872484 0.2938356723177156 -0.08311226590413047 0.05104636799530552 0.6376869126729834 -0.00807052051023809 -0.22635102018499878 -0.009993976778583378 -0.06597182661044015 -0.10494439858793157 0.09109358494162306 0.03063416757397189 0.15641457347350468 -0.07949771831341021 0.021639459995050573 -0.18209492897543747 0.23391384238119586 0.10612023081088436 0.08873106784066391 -0.08335139783035864 0.1612478250642154 -0.18199244521449381
0.005744764773746452 0.11240682733375731 -0.1320087110029973 0.13616171209772193 0.2280834768300129 -0.2230645006783822 -0.025034554988668016 0.10173090417686817 -0.13421885787912333 -0.19468398531036646 0.19573939294447146 0.27296545786759235 -0.3499987685484984 0.1713976309683005 0.03917094474890477 -0.04392445338943321 0.1566835775584547 -0.2794514086447497 -0.0995749003881986 0.13771533551249798 -0.2392062928204488 0.14629128167427782 -0.4500695190086975 0.022564815622545906 0.23803460336550106 -0.04568855443054818 -0.1514999653846934 0.14004582102439123
0.015992847699070157 -0.17359902589565493 0.03373793722720552 -0.16276405766149818 -0.30674793126577293 0.0683180925731606 0.15533576996586665 -0.22776654073946168 -0.2474154176171672 -0.1293459127403038 0.30453708485797987 0.28241682419839426 -0.0390540569398486 -0.12514570249425874 -0.13218465663974735 0.15228996013120752 -0.013219459050752762 -0.03105683514644749 -0.11818771424933672 -0.1841101902745707 -0.25996492264447324 0.05227904856364256 0.17565519728546333 -0.20100741863599136 0.1096748484583689 -0.05626306330112097 -0.1364740120837647 -0.48426563157640107
0.16564269145633417 -0.1803798236305633 -0.11164056300453694 0.0038730368663953034 0.09751993460980514 -0.254433162156 -0.3054052656617322 0.14515368009279328 -0.22018665176524888 0.05487914776361653 0.6568511187948054 0.032288447940587064 -0.16919833138716261 -0.03289070362333359 -0.0661214179499295 -0.06350877781804028 0.09038628474049039 0.11797084593578888 -0.012289735303038571 0.030760090709244108 0.12774240086375488 -0.2989663614653704 0.20397566338805997 0.00997674871091834 0.12291904417941482 -0.07315220440331936 0.12991793771139654 -0.09447710110938244
0.014973132253989295 0.18251892282102194 -0.05264007167020639 0.14614817370555794 -0.08871951415196327 -0.23999060247385742 0.3762437085425011 0.04688316503934497 -0.08998181738209943 -0.022028259079512908 -0.04423230599683971 0.1176702936354457 0.25932360851747477 0.04087359352201723 -0.17261108335593894 0.122296073290146 0.3654443719634167 -0.2421039100473966 0.26616488729167026 0.18393206085825556 -0.1715417000384726 0.015031331431438944 -0.2090584147375224 0.27150644087799536 -0.1436056630885355 -0.339302027520877 -0.06114577422464871 0.1079525364752174
0.08881052430141702 0.03472744718502779 -0.2832969928236428 -0.007624681761262645 0.245202325882398 -0.11340621554273929 0.0011743398660564637 -0.09734719494586438 -0.1568795677344187 0.038752519992937044 -0.014048481833817817 0.08025909192629474 0.10201238172271475 0.008666775439208562 0.4221526958953203 -0.40944525456363373 0.22598613678271245 -0.05016534152642107 0.15225966786802175 -0.053625411575820216 -0.026821552872581207 -0.23299078701455703 0.014662156524979129 -0.20290249038072744 0.31439147450300864 -0.1535898341123802 0.1644036530295351 -0.3369609604397496
-0.26054806549601134 0.14564891136751154 0.059785317194681865 -0.02695998431180444 -0.04184845843017965 -0.12178248002934712 0.03718888242689741 -0.32329028274052335 -0.1215875312876318 0.13525587011115847 -0.08864698981037741 -0.4482018036624635 -0.05322609144649446 -0.21706244783471604 -0.3023887995938626 -0.04778579235651053 0.08147555919604466 -0.16870192101579845 0.09878243473893594 0.10707975131694951 -0.001938633548051794 0.4274027409416042 0.23310413375522082 -0.011519746752079493 -0.1659005034277956 0.20118274649551865 -0.19069555807237693 0.028171860154551902
-0.12120146872022562 0.07808386141261851 0.1031137257801577 0.38436636823600273 -0.059064483661851006 -0.3865350422968971 0.05093998447883246 -0.08728516805673699 0.02216491911374008 0.272318863261535 0.07060156481194237 -0.21030603260244743 0.01976151060363808 -0.130043675777714 -0.22254436182931714 0.11848356224587474 0.2201298539987845 0.12454713732696264 0.2789343167230678 -0.11175588273112265 0.0037985334603157215 0.22591320362727826 -0.029156298784254228 0.3128854193560788 0.14266466501531108 -0.2826880992156291 -0.19825149868445527 -0.09681156777693471
-0.10062708612411682 -0.09844845767483 0.26474041308208623 0.07134511318326346 -0.011574312347942796 0.28955703578421377 0.08114244403098822 -0.20647787482277064 0.17322597248539998 -0.15444084687991136 0.5175511648543705 0.3970910597012581 0.30306987891611037 0.0425751288552701 0.17497247446533706 -0.13647820825038182 -0.07947016782939154 -0.12610145012391955 0.003016034667089845 -0.005649391015782761 -0.06728730072414311 0.022732193567380845 -0.22099179613287898 0.15702015120345802 -0.17556888075224383 0.00759043539780088 0.10904462703297826 0.0770501696690685
0.43959867846395667 0.12746517898469192 -0.28589358848713453 0.2034428410327805 0.04856254922086335 -0.04439741991584467 0.02983124811666392 -0.04298677100583993 0.028023154381534424 0.08146729291204487 -0.22519067818548444 0.03329679416364933 0.055107728185222436 0.05808555848238379 -0.1355231367985204 -0.11705551067414423 0.3688707371600027 -0.09402935261023983 0.045851060626058045 0.22804606953119919 0.054499727258614995 -0.007753617203705753 -0.33716193550962004 -0.31782218866632017 0.015734451926272004 0.26051815326486927 -0.15130718172327529 0.23419686052602176
-0.08748904876677212 0.12851997283988428 0.35927402176571793 0.02893492875596176 -0.23284196470791052 0.1847115148780915 -0.2765606185546578 0.12408343845769455 -0.17872676263975273 0.1471744817741702 -0.30402036290262907 0.4086269153139543 0.14383022226630907 -0.08849439621835253 -0.09820355097305465 -0.18072536756627985 -0.035804991755277966 -0.32747818447809635 0.0779667677050162 -0.07391478024444993 0.014047873143326995 0.21488723723428846 -0.1474750084335906 -0.2521757584631042 0.013007222192345163 -0.11716333274057586 -0.10295810374764343 0.07474482045870456
-0.16402236538294215 0.1880971163527049 0.36489471928088607 0.24835129885111704 0.10804623628536368 -0.09926570160942387 0.15193442343417737 0.02946579704963688 -0.02608392747077397 -0.1798974148677891 0.24050141540637596 -0.10233620924624583 -0.20465585461831348 0.08113827611270222 0.3942414194054133 -0.08338768472616466 -0.21123712489044616 0.1909070078617676 -0.19366115515340246 -0.1257474024525845 -0.05484670029445682 -0.049112777104543634 -0.38006402334467704 0.15867079408567106 -0.18629925028818306 -0.09599413681681761 -0.027500583423162403 0.17634563970650333
0.21953038467395963 -0.18416901485450418 0.10757718860690456 0.09854521979692947 -0.024430628624384613 -0.14591439541883516 -0.08057610581785699 0.1300265392965718 0.14759350610858354 -0.1472365752689144 0.05123086955805564 0.4747871670652052 0.061115117477237184 -0.3663231517044418 -0.04610479110217367 0.16964148645821198 0.1920041818681928 0.03805395986151261 0.39399795226607204 -0.4146401290787277 0.1823255249256982 0.058434818029266804 0.048508019843330336 -0.04182744938051536 0.0020447162707094703 -0.026305279864802574 -0.01859161525867896 0.06082166750715633
0.09883012298390817 0.29175965911103185 -0.011094365681656677 0.05160784649951429 0.20273503865402503 0.05020399262325169 -0.23099656080480296 0.30550075319027536 0.1288686772630466 -0.2453744833665531 -0.18120814593087575 0.444475427371519 -0.12382914415920253 -0.0845152367918331 -0.14752969992061887 0.08662449809932794 -0.14174622384900326 -0.20585134892485232 -0.10991845651910986 0.332125840341143 0.05397931203258106 -0.02043432306579094 0.1981853907887622 0.034779356777906355 0.2632602480046957 -0.20565528516738218 0.056055042012477636 0.09817083501174141
0.13719502217746316 -0.3773849945956413 -0.04642957063632842 -0.07608525130280508 0.11003897396858008 -0.019503797224530803 0.09035369992347805 0.04108898137596395 0.07447888704410192 0.1581581738965371 0.049238901929153714 -0.18198935213970308 0.31086832685810434 -0.11364718752828047 -0.1975866907128573 0.10502092498249795 -0.05129979422686649 0.07830858421543568 -0.29065192023355 -0.13729183319507993 0.28466006371806263 0.17885466410113895 -0.03140596206386059 0.2520251013101563 0.3189897214477742 -0.29806663422603563 -0.3054727989016287 -0.09599656549526898
-0.09004560362384391 -0.07078494489265735 0.00998039943961604 -0.34255449453816655 0.23960559803810152 0.0820425475097375 -0.13089198502308133 -0.10868424409204969 -0.1015482395254755 -0.13673009226042357 0.1253742234753428 0.44228435633973756 -0.26285288337001256 -0.1534088853667537 -0.08568128195071725 0.12161591205415673 -0.1425103391940309 0.05969909774632883 0.31618861864955494 -0.09095465396455427 0.1147336608869525 0.02619143515048809 0.28426356299069744 -0.2618913680536662 -0.18809760807841663 -0.22316895848810694 0.15156662201542656 0.13315769806194241
-0.07118198261598058 0.21335142773876828 0.06473533126930248 -0.25485589058068264 -0.3812739762021286 0.0902008614717491 0.23186476127913766 -0.16403555768921224 -0.04651553190430015 -0.1746148921787585 0.09406370933719248 0.3824971917232023 0.11657957974903642 -0.15379789369241978 -0.25629692834969603 -0.17559774969078382 0.16748998972117582 0.38375384026953174 -0.016336346930587414 0.1559179656441905 0.0447376547605117 -0.2598993965359951 0.015678631283592433 0.20837873124548623 -0.00874388814747624 0.05916608221852178 0.04004258973902305 0.07892633004297728
0.09932063084232348 -0.23200832618096148 -0.394002089265995 -0.0927502893360733 0.1960846876911859 0.10049336129178023 -0.08797345797265799 -0.3207552411176479 0.18874921938555625 0.1783709847637416 -0.07441963415184412 0.014126482580969482 -0.07729059872686352 0.1678863317321905 0.1688745919260822 0.17856828240154365 -0.017178236352639955 0.2404090730872355 0.1801230148422469 -0.4171991669445631 -0.17447381796857012 -0.2576968330694016 -0.023329869667585178 0.1425888606226706 -0.00466325678923533 -0.16786603030019856 -0.18371392071685566 -0.03582497529295233
-0.34134282994581316 0.025279788865934485 0.21518812741520194 0.04648031492630586 -0.4107922303477015 -0.29526945392245474 -0.05710502425994891 -0.4349939072685982 -0.022644070300430405 -0.09395881979693055 -0.22885790424400462 0.09697655056867219 0.03372689516933465 0.1525396300924052 -0.035927065032523436 -0.02968820259769964 -0.013925631194905499 -0.11219268787748721 0.19471583273460727 0.12382367677314958 -0.026936382193670297 -0.00775395313910404 -0.10598167899284758 -0.2031377821484986 -0.07319131491989468 0.18674043318214792 0.14467221660804416 0.3283227335684808
0.20818461300077193 0.44588317125467936 0.4285132240687317 0.07981857485075917 0.14274880442589588 0.27756073409314136 0.07466173456090609 0.1767044519976165 -0.02435436718263645 -0.08085937501543189 -0.3131482891467425 0.17684653543147935 0.07940049867776318 0.001806402581032873 0.014892102196894274 -0.17106239872833467 -0.22190775911534974 0.0857197452696996 0.0407511674461306 0.02306818266147202 -0.365220205470536 -0.05393105417640911 -0.1884242548631551 0.07013225835119 -0.03184842577186263 0.04371146006169546 -0.14473470572659547 -0.04476099354109109
-0.035933626149257866 -0.005670879124923458 -0.19818233219716416 0.31022720989384334 0.32271795954551746 0.16254234613208124 -0.0005970077679928742 0.13433906893552106 0.03481908438035507 0.045221404888509405 -0.1391879474504204 0.1672615982509569 -0.1610195607082741 0.12097908528552052 0.42428673656038657 -0.13457292281080013 0.3829880021727059 -0.013398532633318175 0.03711329178173171 0.1137070764297535 0.009717571595543288 0.1087017538343723 -0.4129126404867054 -0.1353916363024967 0.1733835240685798 -0.08812750233821617 0.028780545628631235 0.1571143173281899
-0.017618625761296223 -0.1027548810758736 0.2065737303268979 0.1690145152203666 0.1620905701873093 -0.07584868198075173 -0.1318060637941882 0.25489774979376373 -0.05809180274833776 0.1359014719152578 -0.4647470576518254 -0.30608941894473735 -0.1318927050184135 -0.25783932139872934 0.0025558404995098508 0.10512899211470511 0.005387352872431642 0.10639686144275337 0.07338949069226745 0.04759722641901147 0.07041594693225013 0.04188557661448417 -0.1529541164395103 -0.051544471613776774 -0.10018762776940927 -0.2656064237679009 -0.48314660559963596 -0.10620761276161857
-0.33709507041985126 -0.25145977992964447 0.3040389604733826 0.4539181673932793 -0.05980065260784865 0.004446035755011952 0.4397687668490054 0.004821093388069103 0.019793877955688245 0.12512868496408416 -0.15424431146910436 0.16235851968817105 -0.15094027869672844 0.2338016341690367 -0.05651363116835359 -0.1378401062361637 0.06706653193516073 0.01734850593875104 0.2110502954135528 -0.020533861460062027 0.20193033667122895 0.04269327305802241 -0.017183497513653237 0.23954591091065125 0.014787899369376734 -0.061534722656602335 0.04324401637007765 -0.07670245222795918
-0.23520765151058448 -0.08687685250070146 -0.32614652579490266 0.13560392611262947 0.09998727546298555 0.11160729207057883 -0.25249942957941285 0.3290904646644123 -0.0881359443492926 -0.13747595116305664 0.07413537312457864 -0.13590723601995872 -0.006136027171445348 -0.018738048199161993 0.025573276826081306 -0.03738604889258097 -0.047676153320263266 -0.09160107244445846 0.11232967440901337 0.004205656182635319 -0.11295972495365227 0.030630446255169412 -0.11445638503231602 0.1803625532908724 0.3155394110178779 -0.47001754175361854 0.3645092250921782 -0.1697283957504916
-0.2272816595346213 0.06541111470831468 -0.17511416944842084 -0.08873457905033137 0.15729505343810746 0.2070398049703283 0.1470764626578989 0.2660201204779413 0.15879710566651672 -0.0744307413097005 -0.20770365489783973 0.06331321844013318 -0.10069691148504187 0.09352310613339558 0.005379542885278177 0.20441855229156292 -0.07577878572218356 -0.10635674610277615 -0.12683507493959 -0.22705175852993914 0.1325739276173813 0.2914724266192334 0.1557708275345981 0.04918259997657289 -0.4465122432492256 -0.1176788275014616 0.10971609257860256 0.40956519461506363
