-0.36806737500403885 0.013322753676222189 -0.0517455260113318 0.04120597371157916 0.16450202314835274 0.08482324121546507 0.3523611489112564 -0.13342475098893927 0.01491921978622842 0.017978301488071707 0.06845486630826204 -0.11050912951187826 -0.16012833672608026 0.0571019135052304 0.009319876152240279 -0.5671077480630641 0.02707579771319003 -0.023808330331414305 -0.5521779891133666 -0.007106883206795288 0.09727309064209844
-0.4280512349145178 0.0963692084482403 -0.061844076717700126 -0.07283802263982458 0.07350095634047943 0.08797554413621658 0.3428565177342686 -0.09952997924992255 -0.07218369412365887 0.0027125308113169497 0.04948849761567253 -0.05320943426098015 -0.18153747769239498 0.08460273676565086 -0.0033554030446687364 -0.48225033408886714 -0.012997619688836814 -0.0007899748158814555 -0.6117814120854118 0.002734962542545259 -0.010690818332944005
-0.4311693149766759 0.11395389786280911 -0.06998018942223054 -0.06771665791443292 0.07288432695514872 0.08279104575117362 0.33378816344142503 -0.11386638725808963 -0.07315486607568322 0.02720800534976962 0.05624252744836253 -0.04394305915347665 -0.1924033940526733 0.08951319389485199 0.0019628881015104098 -0.4882002777548247 0.005370053389518775 -0.0016844220357004813 -0.600335556321905 0.001458507429562779 -0.008968566237789275
-0.1946326708026372 0.13466745600620547 0.03020019832291177 -0.23326955673877106 0.023066341194604892 0.1693286129242782 0.49058171957109614 -0.0016102830519382925 0.02453721040384631 0.05581463686711522 -0.028773359799089116 -0.09387274301462001 0.08132307324365111 0.20180813208897516 -0.10466699059633622 -0.42904784537576296 -0.16718276216295563 -0.03640263009115669 -0.5499552074283889 0.07596018042730145 0.15983854272332984
-0.1783680729463289 -0.08811583165284083 -0.0043426169550918985 -0.11484641261565841 0.10582251560264327 0.13404743175220926 0.27280897266403015 0.08070888705194287 0.0011479175713868936 0.09437543803519591 0.08741265209098383 -0.05668785422260854 0.0819642897781015 0.21298039673086588 -0.08724580639105016 -0.4570827010040865 -0.19722472845746383 -0.04879137868216513 -0.7010788833426193 0.046926214509866865 0.11720275885122265
-0.1362273156963469 0.19383901894760194 -0.014109590852246822 -0.08486053774156285 -0.07575109695460236 0.17084703628536158 0.348705802715981 0.0040667846678424475 0.11926783248004727 0.040945105749693456 0.08170368587306663 -0.02165870672870745 0.0374662684917166 0.32062537285664466 -0.10455572456957733 -0.4794049764857757 -0.005452431997818388 -0.06956811303984159 -0.6379572185627875 -0.0034987662141284246 0.006822815814755237
-0.32830731410065256 0.07042779367172823 0.047145383768223754 -0.09151691791799686 0.026282757087564522 0.046437777040683095 0.22889091409222953 0.054478764460656526 -0.0432751428745933 0.027803277212536236 0.10521145496903236 -0.1562917980998434 0.1117627080436732 0.09649044648807004 0.03797222689027078 -0.51403575394926 0.018757489802436626 -0.09643409689263868 -0.6735483402462433 -0.12478148468789864 0.11807839317971372
-0.350171670083593 0.11814096622271944 0.08629773430188713 -0.11006646029635815 -0.006515451547576099 0.08321662529907649 0.3473135975062542 0.008373565373914258 0.04934486505005047 -0.045222359832695534 0.04659893352398942 -0.1763099102123601 0.026267836965564763 0.13023076703189318 -0.07085214245416892 -0.5241642943664362 -0.02240242713050067 -0.023430635421402814 -0.6060488456454207 -0.03185274410862889 0.1080773212348867
-0.3729059821174237 0.10919394810943191 0.04449522027295659 -0.08265582068137546 -0.003521710611148393 0.07827124721180552 0.36959711997789835 0.016872713028554802 0.07751972205645602 -0.07068701290242849 0.0325906374005552 -0.15426309506176528 0.04666683132823228 0.1383994352693082 -0.0902564170467922 -0.5150010876459027 -0.06435061957912928 -0.037252678957157226 -0.5901496071455975 -0.06287241618925365 0.09408759600024647
-0.3981527055067411 0.11546841901613156 0.05551521240219294 -0.10331621572264146 -0.007576533624364283 0.07301903297932097 0.3538847961193132 0.023909220329430197 0.0587444789361146 -0.04995242707267142 0.03222411417975601 -0.15427006668008522 0.026307284295733025 0.1358083101139485 -0.06858657795589904 -0.5026229293870994 -0.09319801899591576 -0.052949827940806736 -0.589086727667771 -0.06493977270547933 0.11491910007719061
-0.382906222082752 0.1159746682723965 0.026530505335355635 -0.08665719745237548 -0.0048720887612008655 0.09958359360606461 0.32413263716321433 0.013281823544900432 0.045884934141342655 -0.05339938438734056 0.03450890612213425 -0.18220203485538713 0.03914825675572724 0.11032656252674619 -0.0640678913695842 -0.5471427795353346 -0.037976909401123624 -0.030985243894380232 -0.5939818160564982 -0.05100497456277561 0.046928723379932195
-0.37888307051213166 0.07277581253696619 0.04396208411747409 -0.08199658447241281 -0.026774533602023445 0.06148978753066584 0.3284439084565961 0.0009932789938551883 0.045208763921590366 -0.04930498684512547 0.03824132906231926 -0.16582194941211684 0.02877251687093475 0.14820932289338046 -0.06704536291313261 -0.5332732977358139 -0.03797246790603488 -0.026312574844688134 -0.6123099448473697 -0.04815715978828108 0.07510401748461146
-0.3568981500734294 0.12278478303634065 0.04123344898161573 -0.10934508044971236 0.019217944567064063 0.07465557133031585 0.3623044081892585 -0.003999899894592648 0.058392878621711844 -0.058473007206686536 0.04584031842948647 -0.1701575454268325 0.013275839460227508 0.12942722769954665 -0.06523584437234428 -0.5327999945776847 -0.031854182081247046 -0.043833388440193306 -0.5906114080541633 -0.05865430413627108 0.0923397433500177
-0.3795806052945115 0.09307578548973179 0.07023180503041233 -0.12146547693496135 0.02104139120822723 0.07688094445000446 0.3395984789139171 -0.025324046503748313 0.06655533426607797 -0.042289297549274 0.04544453413234612 -0.1798492043840298 0.04395506234215467 0.105516089507174 -0.07596909502123506 -0.5522798952762207 -0.05505005444154625 -0.048132494253063124 -0.5720766704877248 -0.05894668826445727 0.06837066101093957
-0.35673473169982656 0.09890065786420532 0.055229838826321376 -0.10212549177555919 0.011394516960681271 0.06683975674868167 0.350624401819642 0.02868733610707092 0.06332960284265143 -0.05277312582914204 0.043314299052342256 -0.17684617065265718 0.035769383295921886 0.1104046951910581 -0.062099587975545247 -0.5361452394264411 -0.03688577254807502 -0.04813608461718448 -0.6064013587531363 -0.04754647033241914 0.05231863658663261
-0.39037112345694663 0.07202336257441738 0.04001734103150782 -0.09026054831693417 -0.01302744051428967 0.09406767080467068 0.33858352204994047 0.020260480751873828 0.07286881419873403 -0.052669902608292435 0.010302516957828934 -0.17347535082122742 0.031051854707702567 0.1245658388992221 -0.05649439936081401 -0.5427074186963967 -0.03601179778399565 -0.01348298304374178 -0.587352675806769 -0.0017437472599705832 0.09825702791168751
-0.3658724631108715 0.1046718783085264 0.031128573370274273 -0.1176802399477659 0.04213540897552044 0.08111993507275958 0.3177891135426366 0.0209430799599497 0.07445360271071808 -0.05016080582697594 0.03119679984868611 -0.1668410247134719 0.04520153103892263 0.13710279020293403 -0.07805051279467043 -0.5403549390363355 -0.03735817808427513 -0.02611410153905026 -0.6006300483470254 -0.03603640186091916 0.10325781038026798
-0.3722616901424319 0.08924781357645044 0.05600906234198039 -0.09761094238649422 -0.008134694215418322 0.07351348361844409 0.34079911721898015 0.009338722843600355 0.05623639891904736 -0.03941565886056635 0.024006207953414217 -0.17332633500440173 0.023803324634219587 0.12436426190117877 -0.07201175647463291 -0.5393446996343446 -0.031079015076145713 -0.036644095090502087 -0.5965185201920873 -0.0774528900487762 0.08661175427975232
-0.35529745881106295 0.04136148348273613 0.029674159371034788 -0.10062659209364445 0.01784691549568327 0.07070569051350852 0.3462915487473033 0.0004868202268107877 0.04871302562593769 -0.05325634065099447 0.061490382072249515 -0.1644385093916153 0.05392323326559866 0.13840297557727618 -0.06714395198092407 -0.5391709118940337 -0.03366911190015717 -0.04016755092081014 -0.6083459631472131 -0.04178680170044709 0.08902717882258336
-0.3760935614823599 0.060474372513027105 0.0675396364349112 -0.09611289363142475 -0.013625065432621982 0.07391259659137324 0.332990404246778 0.0010897854736488274 0.08469849231737978 -0.0570710646356464 0.02094803524212361 -0.17290408000534865 0.027656905263715625 0.13767666001516482 -0.08528185839980622 -0.5308738498905571 -0.05617253097422388 -0.02867680368841276 -0.6052768196520266 -0.04631306337553415 0.04996650423944211
-0.38665230771104675 0.0749632087939329 0.0846966212956469 -0.10269500360667833 -0.04085605609269244 0.10622647883632456 0.3523641779930796 0.008928205323938943 0.07004103262664424 -0.05308147238210952 0.02108479707876806 -0.17739564498973695 0.050939732418687274 0.12539715456602138 -0.08810517682133524 -0.538224720174551 -0.05373390722965315 -0.02679302313191082 -0.5677012232252964 -0.07004493846675454 0.06136938986346804
-0.3724141872298222 0.13148646942339537 0.08098978276909684 -0.09544994098132958 -0.03395377165377797 0.08383913972258031 0.31636896411280674 -0.0006119153074836876 0.05501726795169128 -0.05591791963958743 0.04814587824863064 -0.17215942087488026 0.03630131553117571 0.13109703338863332 -0.06090016493794464 -0.5404626111440829 -0.03393308038131918 -0.04133775757183929 -0.599178851852804 -0.04235680406000525 0.06312085947855214
-0.37123629390180257 0.09802277090795448 0.04482416559413018 -0.11651146529929997 -0.008542093168104139 0.07298490277536399 0.3596525446107232 0.029904357582152923 0.05797058302761686 -0.07283090424865828 0.05768767702289177 -0.17602593060856875 0.02479791309858962 0.12430621087441804 -0.04974553262271178 -0.5353924925929848 -0.04035589265905574 -0.0372114313079586 -0.5864189194917802 -0.05189695654597533 0.059905502310350835
-0.3299696381811224 0.11066156071374875 0.07711114416706759 -0.11060140712886159 -0.0028002579465248715 0.08705397713852471 0.33899927381533906 0.0010288505046768992 0.05567099322317899 -0.03859377517388118 0.045470647379186976 -0.18988456385746016 0.07106537754163286 0.12411175927281645 -0.08168035335781929 -0.5618423789579852 -0.059862702365646184 -0.04625555176187753 -0.5824749838753562 -0.06478187845071519 0.05903824810385388
-0.3619127089548278 0.12258531014836675 0.05523166761796123 -0.09533530929198603 -0.011941460358208065 0.09945262260571391 0.3386540185012609 -0.0014973094831069874 0.05426135627859452 -0.04128000129763415 0.06242064622661214 -0.15227585038217928 0.040947239766973204 0.12560154508849622 -0.07348447639205864 -0.5109127771379918 -0.04092547315588243 -0.04266222680697303 -0.6229505268770736 -0.05709520140375039 0.08180110728427645
-0.36724908862156225 0.09858548916807776 0.07594565880445987 -0.0893320864897017 -0.017243249666391697 0.05285334911395873 0.3347322160887054 0.0037317350611132116 0.06610386223626805 -0.04565995099172436 0.028613226202443328 -0.18702081724457986 0.05561251489131694 0.13502626780085433 -0.05167765378503954 -0.5521570842572356 -0.013117798667706983 -0.05406103615393222 -0.5867148754910901 -0.04795173512295841 0.07589034018950552
-0.40055563969281754 0.06920550131978734 0.01195265173208158 -0.06685725484653281 0.01896248897713959 0.06566349270536428 0.3377666958616809 0.012645180607449737 0.04464925266943053 -0.047589476259981126 0.040324175817147034 -0.16316630997479747 0.051378674455971766 0.10232806954400576 -0.05688737129267928 -0.5353528190408138 -0.038645988652464845 -0.03401002980018656 -0.6049722034009243 -0.048440874710310104 0.06921137514718062
-0.35465224654649197 0.15326049682613554 0.04537392865428487 -0.11437926363477398 -0.006372162795250843 0.08753141078151198 0.3245243295805635 0.004646896969761067 0.05486644590952255 -0.046691111070987286 0.036774549513112424 -0.16035706724992357 -0.0013115978180177844 0.13097765984817414 -0.054827862394547185 -0.5242349310789544 -0.05141828063058367 -0.03695914146333942 -0.6206296256321155 -0.03061611001378575 0.07197877331163316
-0.3621861152637592 0.11355599565315144 0.058427506571440566 -0.10385021444810584 -0.00013535997483748817 0.07006043366742591 0.34896078779688466 0.005390992436453955 0.056140984175133725 -0.05282608839394173 0.03711008945650876 -0.18014816618547203 0.03308372429538832 0.11845942895757233 -0.04716677738763033 -0.5426426714285828 -0.035073407304106144 -0.054165819485835216 -0.5949999361439527 -0.02197503287335742 0.0689830501090036
-0.3667214526807673 0.06759050184906121 0.03741905570747667 -0.08691516435047186 0.012099219952504377 0.07292855064855032 0.3589971409729623 0.01780533381177215 0.07572191181136885 -0.07902879598686065 0.04356444007937278 -0.1613925874629217 0.043758800313969066 0.13545914763184747 -0.07606006549242342 -0.5266815163850894 -0.04588086049162421 -0.031148270948035198 -0.6008671353343215 -0.053934771160016666 0.08329845204133061
-0.3638811944338243 0.09019994648842335 0.035468913082304696 -0.11211049789233593 -0.001190603090944235 0.07758270125512612 0.3666648840622045 -0.010475640967793921 0.07692316700628289 -0.034683963790646984 0.05367709907160454 -0.16047090366130456 0.031648538815491185 0.12211147478686744 -0.0484137065183051 -0.5281563495611556 -0.04700749625153579 -0.05098836988020608 -0.6005818476544662 -0.05160725048167918 0.06264770411971599
-0.3703387389839613 0.0947475485551236 0.056404242444141335 -0.09095751062302915 -0.005998260016232932 0.07969781800299174 0.34735566438898474 -0.002550360514012744 0.034830416070693294 -0.051445786865002605 0.03190205518265203 -0.15516233121912348 0.030344915881121922 0.08782449770302841 -0.04789072543656122 -0.5200251512170102 -0.00677367294320415 -0.021648067512744316 -0.6225691082906365 -0.050988345227698476 0.11980838729314888
-0.3695848035625821 0.10089940604435481 0.05829612892454664 -0.09208224493053553 0.009942500850507503 0.05637801195647807 0.3397157125543185 -0.011381582431266534 0.07669232603538559 -0.05235624884868904 0.023964562862752656 -0.1552225956732787 0.054016515560137306 0.13354018109876 -0.0824704399413213 -0.5310727100318439 -0.04847765927837859 -0.034426830748870534 -0.6046577402393335 -0.06595858015452011 0.07846497882207057
-0.3532040844878684 0.07419908286014201 0.06056201089138529 -0.10130643825694573 0.010749258355775275 0.07206928957997019 0.35523771453110947 -0.011511378725497071 0.06669525190325302 -0.049332964417174045 0.04365011757863827 -0.1542623639481458 0.040959398662850276 0.11278881121101801 -0.06244518153063055 -0.5258283394460528 -0.0472212412021663 -0.04570359543471659 -0.6195967302504699 -0.06021921973949915 0.07036745294030841
-0.3771542765281048 0.0895883515560541 0.059574760285689504 -0.12059332590549006 0.0017584289553246458 0.07881901274662861 0.34702416348826126 -0.024895885543186745 0.040534360237275156 -0.04732478682591268 0.03620293479932712 -0.15529933887557484 0.04700444407988635 0.11049189271749209 -0.06322473377723024 -0.5330017245412282 -0.07803430873615794 -0.02351295322361238 -0.5991644456282639 -0.05253785303195833 0.06448110599361637
-0.3739006889756565 0.05066867815073935 0.06488546486005954 -0.10210484344591508 -0.03774879894305289 0.0861961031673818 0.33966104685068094 0.02787565620983655 0.07547190875126922 -0.05920973863733477 -0.0010692410360332303 -0.17206695537901914 0.03213325069069375 0.1816835491782948 -0.04898798717201884 -0.5295826593216854 -0.0015400322411217786 -0.026886706163839872 -0.5915294807626496 0.00528898531941047 0.10781741628856167
-0.39016259782776186 0.09550505037047348 0.060662029338598746 -0.09287194592882814 -0.03246174791693171 0.09130019678982454 0.3480224216242962 0.02236876167279942 0.04087067285371307 -0.029547551209775435 0.005558514073851519 -0.1909306410644086 -0.008957144877305694 0.14260307856986978 -0.04276823344474575 -0.5536699413424131 -0.019064071755693166 -0.03616605915939919 -0.5601765857299754 -0.019396233154444095 0.10801703391829007
-0.399277133149358 0.058044151988421396 0.021619887224602525 -0.09251126689686605 0.00014650352111886212 0.08858043097147411 0.34498281266757747 0.026526217616417155 0.06073141676478156 -0.04676303894219289 0.010997115503229954 -0.17035335260334852 0.04242318004073841 0.1240865275929274 -0.06860032489257092 -0.533713315918378 -0.03812691315026531 -0.015279965173510735 -0.5825193434790347 -0.010301699537324469 0.13314713552546897
-0.36478777547277613 0.06512809220292552 0.029966330176966847 -0.10305262902554803 0.008317360739537776 0.0800700696699624 0.33416328250571947 0.029104496395297955 0.03473934586247125 -0.022678040787388196 -0.0033600619972377725 -0.16843416896267424 0.02771559923338428 0.15167258274018905 -0.07426232527014187 -0.5417376456217968 -0.017274265441987822 -0.006720995860028307 -0.6082307449008857 0.02098675757221628 0.09262501318888589
-0.42306505550078805 0.07012067076176012 0.07588744523303753 -0.10887897270292486 -0.0018135469414170878 0.06064919335986865 0.3232150534139743 0.06685751057693202 0.0637118717538497 -0.04982092598729359 0.015311636051953873 -0.16661057474548777 0.041941071599695665 0.15504181078242998 -0.04934169272526177 -0.5230819585408285 -0.049997222624269054 -0.03257865809275426 -0.5783506434557938 -0.021893157070132202 0.10466577389146013
-0.42363413869714545 0.09560297376389988 0.03643003389927569 -0.09788082084360318 -0.0129710360493999 0.11381998584365888 0.3277135923257165 0.03353466482741989 0.0362139445592297 -0.04911755547231766 0.014472433463191754 -0.13552943960761177 0.028317506494915275 0.1600241264807798 -0.05071857015772709 -0.48968273171905524 -0.05572683264786391 -0.022804990662755754 -0.6168675657268958 0.0033667571840613753 0.0600589902493581
-0.39385630730544885 0.10730471273987197 0.04254983817956075 -0.08552552944599699 0.01058492752289489 0.08103520237576538 0.3488654238769978 0.03226530047366191 0.04107031519346656 -0.0421227575955936 0.023789798423889178 -0.1602807656151742 0.03947279363446174 0.12953031113108085 -0.057244877663690776 -0.5183704682635344 -0.00870897800853017 -0.011309048156905758 -0.6053960355672762 -0.0007242775069471394 0.08980090262453679
-0.4071654378897566 0.09008367581297574 0.02813873642498987 -0.08160178404510023 -0.02222842159458337 0.08160462790539215 0.3410794528413203 0.017014939037753394 0.04645298684994461 -0.04463014428072039 0.028194407752878507 -0.18470701083189192 0.005974238999422832 0.1391310787967298 -0.06774086952358659 -0.5462008355320616 -0.022480220571828254 -0.023378972838397686 -0.5656349354642178 0.02886013156056029 0.10800969154407375
-0.36154017013331 0.062494268275324685 0.03727728535863523 -0.07965872041369375 -0.019118173633857316 0.093947857212193 0.330360075378468 -0.002321894810602136 0.0829250421347041 -0.04863683117391366 -0.0029596901539061487 -0.18531324836955393 0.012237223276832932 0.12430210482546768 -0.04927418095325677 -0.5566229843917949 -0.016000490276994406 -0.03129513952017323 -0.6003403187494698 -0.0005740287507075691 0.07886216745390454
-0.3857135097794823 0.07164733402584615 0.050268755278757474 -0.06877330886431067 -0.033819360149539145 0.08424498419899905 0.34116274040652916 0.03195341755416794 0.06867997855606837 -0.03271428009173511 -0.015259273163887891 -0.17352717500772508 0.0318334921792147 0.1327775346423121 -0.03785230273704605 -0.5367428495529579 -0.04385821904337833 -0.015949556333163663 -0.5969213587862123 0.01331451040547721 0.10104501504918696
-0.4100752316423726 0.078794205414132 0.04005562815173985 -0.08733166232022328 0.008732620822562674 0.08944062350877963 0.33678206001284433 0.007162910334133243 0.07421649519304435 -0.049552652041227954 0.024897424954094936 -0.16884224553383695 0.041558546156257065 0.13829913118312795 -0.07298546894083972 -0.5283344248385695 -0.05139241012436693 -0.04540822050977614 -0.57599429503385 -0.029937352944631443 0.12276544271194485
-0.39990983364173294 0.07604055095248499 0.05743969080706243 -0.10541807314149772 -0.008616017898368482 0.08208750872780207 0.33821218433113065 0.04966538791719574 0.05783398092413914 -0.0791227420919302 0.017270824729052458 -0.15311978813429117 0.03406385777016489 0.14655320499158417 -0.029686241608450122 -0.5095929499131934 -0.03710189582116186 -0.03675359323150817 -0.6054568355236594 0.003697549475699081 0.1016776811610885
-0.3596493963893513 0.053474830841660874 0.046324843657054776 -0.0847112216180418 -0.009022751229418202 0.08390696389619216 0.33906365545798844 0.040453791934168704 0.059620861614562294 -0.05017475828040746 0.011308252186029679 -0.18721298162068578 0.03191522610679444 0.1561131569914337 -0.059055527240737024 -0.56237896764881 -0.027065941633124143 -0.02014027324520173 -0.5824072969411136 -0.003876898334519172 0.08944572286837042
-0.4053065488029036 0.07635388879805607 0.053173650906550435 -0.08004476499115448 -0.04113928537892154 0.09632453738972173 0.32915653957321916 0.022739978335219454 0.07701386762649884 -0.041433703306146416 0.015561172253016233 -0.1797404946799124 0.02797723177196922 0.1584669264720589 -0.08016952489232511 -0.5343941654863397 -0.01449411687960628 -0.01598103715645448 -0.5741421345932556 0.022986945845087044 0.11000716605062616
-0.4033028546092841 0.07344164731646846 0.037964569813233796 -0.08093908758876274 0.006514125879494825 0.08627116688120262 0.3399475062216132 0.01775180639707994 0.06513510723128857 -0.05043434871643536 0.020419665844820804 -0.1956347067545228 0.014098929197069121 0.13065251845770307 -0.07185880149052354 -0.5535133305619053 -0.03524097603400293 -0.03003338927276001 -0.5575557637249704 0.005111559684411814 0.11520397292077993
-0.3813113505418043 0.06808539187635403 0.05862732159553216 -0.08590566293777696 -0.023432104925389514 0.09855385630993174 0.37833455438045294 0.0009519448326728101 0.08408763105185987 -0.052301915756485934 0.015894256518866817 -0.16674839377608547 0.021515300996557712 0.13471640015062353 -0.07794165260355627 -0.5257294836136258 -0.0266578421356911 -0.008473242682073471 -0.5762703265699604 -0.006577990390352629 0.11787426560798726
-0.3899274241143569 0.08116473574841393 0.04650645199247372 -0.09097468773255608 -0.008549804090889715 0.08118016143261814 0.32575478571563454 0.03875029331316229 0.05108201656274058 -0.03779984817616797 -0.007074906193618304 -0.18461020358430907 0.04191963646285597 0.1304995974987505 -0.06278036749800495 -0.5466916233798279 -0.050629501100981945 -0.006118268342582848 -0.5853799689806759 0.0045652304946328884 0.10764545652049687
-0.39691600715656633 0.08591862127476343 0.06362586340429034 -0.09841554459392651 0.0018451446697194485 0.07584404854475559 0.3362938101088813 0.014657179348092568 0.05804049756715039 -0.02917379918789685 0.03712259315207688 -0.1979918202935976 0.031071307001704112 0.11290140492793053 -0.03292705253280228 -0.5510060270803393 -0.027173824587390805 -0.03947438061182804 -0.5707442556252393 0.00535834524293528 0.10488429607604666
-0.3945998540583251 0.059460209121653985 0.06698304719426464 -0.10155382675445383 -0.0010976774916681353 0.07833137172999387 0.3224882432082517 -0.0005004234141337449 0.09388565907667107 -0.06962606690812609 0.027151724951749303 -0.16675310769112778 0.012292577925723538 0.1501337831089659 -0.0857780811399311 -0.5221268311572236 -0.026709456906185855 -0.0016350676872289832 -0.6005575566894974 -0.030851520131864936 0.09279359854863685
-0.39962268565539916 0.049420330487606606 0.044565836921316375 -0.1336022423472093 0.024657908388235235 0.09176010261695075 0.32101722767382307 0.028077490827004132 0.06998357560830183 -0.05369009403904182 0.02209315283945791 -0.1675645170227672 0.07816304364251447 0.1423435559549772 -0.07922246369907504 -0.5367705551041937 -0.05634304766125427 -0.022997273491393456 -0.5768837370567589 0.0043776381846763 0.10733885648237841
-0.3839278517859838 0.07593422736216737 0.04810284875215614 -0.11198713850591487 0.03568144680020681 0.07244312820549971 0.36153069925761083 0.009437855686560161 0.08306261175150291 -0.03476126541432043 -0.014806313407776868 -0.1863651838718278 0.028056675218151052 0.09757383132827804 -0.052685373943237974 -0.5412749487116798 -0.06602997390827156 -0.010665511033198575 -0.5776201798146464 0.003922710407890152 0.0860722486767138
-0.3797496342757821 0.05082874830360526 0.05516269869141729 -0.09364514540469968 -0.009992223770108421 0.08037707462968131 0.3442074131089095 0.0014793045784393549 0.07747543188129077 -0.03681893365297659 -0.000944017463840396 -0.17297359757308753 0.013266786290045735 0.12226683026225116 -0.05108502828407835 -0.5373564211201206 -0.04644342028643069 -0.017389211667967846 -0.6040815696487277 -0.030933289107052286 0.06524306682956685
-0.40560921774361197 0.06930099529498035 0.04515332833600222 -0.09711843848828777 -0.0022642882846842607 0.06707656363021952 0.33546833824364763 0.01960889605029163 0.08674172854691739 -0.04549786180066306 -0.0016847868283772034 -0.18532245759966834 0.03104093087074322 0.14726334414001488 -0.06353394554435746 -0.546651073724804 -0.05592780502515532 -0.014690463064744837 -0.5674122236150108 0.03228636160877665 0.07734092210344276
-0.40504641431266947 0.039594000767788594 0.04581297185224773 -0.12209178845754151 -0.01839355385534216 0.08852632750632597 0.3568540804032303 0.042264723541398715 0.052462013438143974 -0.042383369676971504 0.014209229129267097 -0.1567142968238392 0.0648966227687156 0.12309853574786316 -0.04573270017374868 -0.5248536988602347 -0.05357004402315873 -0.012240054518353046 -0.5852698894638655 -0.007098579513963675 0.09060747815043871
-0.39661773278920015 0.08494530169313969 0.02481348565806884 -0.07826930928528202 -0.009895785144046444 0.09019749983758617 0.32318510678242296 0.002916741690223741 0.062161371324207605 -0.04343155672650886 0.004339623762768436 -0.17779953110049992 0.021227397800836198 0.13902590929132264 -0.07062848216155067 -0.5460901633687097 -0.0515873631064521 -0.022797454691293788 -0.5892652774208018 0.002244907859146374 0.07254761397709954
-0.389318767720017 0.09150776697820612 0.07425834357983559 -0.11044025469784596 -0.02633552207668526 0.09463953389600173 0.34333049301904656 0.022883464545286808 0.06855711036738174 -0.05331076140601209 0.013820139681845759 -0.16969938222519185 0.029758255783071674 0.14385665030492298 -0.04620118709418485 -0.5239323313316978 -0.050602283344162544 -0.04597224847932282 -0.5893738302641901 -0.02333340561878867 0.08345822932166157
-0.3816219951493167 0.047661764756955605 0.03743503730919627 -0.09285003953327907 0.0035601060254171393 0.0822182601728039 0.3439884421396509 0.02272763379663994 0.08217439276910964 -0.06496083637947382 0.012871666641219033 -0.18885889389820537 0.01964212656162274 0.16179638456845696 -0.06139914049244044 -0.5515907308222623 -0.059587652868860086 -0.015654285722447994 -0.5633650313397173 0.024954521053810467 0.11516414566562326
-0.40151427571444465 0.10703458351195688 0.05176879645582648 -0.09734024156875971 0.006443169352386979 0.07605377574743362 0.3303159868717445 0.021644006812098878 0.07821120197146858 -0.04975393941180623 -0.009383525595634351 -0.17254973965336645 0.04570416542374886 0.11881934006007026 -0.053781894563012723 -0.5458906023142861 -0.02964595798529953 -0.003085520653442524 -0.5746862393537698 0.005872690468496191 0.11417059389577094
-0.4263731113683909 0.08143117862160476 0.036841016939144364 -0.10348519598130186 -0.014170662895703593 0.10334340468276114 0.3259865145365335 0.030626741340810594 0.06554503919203658 -0.025103717699940103 0.016852905545657066 -0.16583364700808392 0.0367783897459803 0.14578841090032238 -0.042484278165809616 -0.5260416586599345 -0.01788637986261461 -0.029559902682116432 -0.5811646442289913 0.0011912568937650656 0.09291029346805035
-0.3751210640195313 0.07139346859212306 0.05045483031308573 -0.10234407662779958 -0.017796012507019433 0.13023748189694273 0.3427350549859248 0.011426369844371488 0.05665085766828991 -0.05444488841891163 0.026945130802222165 -0.18700818862795743 0.006252543950685733 0.12273243858644321 -0.07929100767257576 -0.5477182744898877 -0.04598460114272018 -0.009044649565229906 -0.5785476587855547 -0.006256114700049736 0.07798379725678654
-0.3584053687283027 0.06106078359511096 0.04374169117401442 -0.09565222408715499 -0.00976716384581229 0.09488624923818881 0.33488039133467684 -0.008370218237972647 0.06321806069785799 -0.03201380453982219 0.005318816307577762 -0.18794178811155304 -0.009647701348571867 0.13004679746346492 -0.07612931766143977 -0.5620259504644532 -0.03876952979223126 0.000809239759451605 -0.5805318059012101 0.008924580024061572 0.13339525791907306
-0.3713943941685684 0.07632672471383369 0.028711572158904772 -0.0656911001761672 -0.017768414930629334 0.09702865186046225 0.3325356696867019 0.018316515460692396 0.06498488257407294 -0.06161982310903307 0.0023364062208247596 -0.18537456152594634 0.03545830888280943 0.1634001392473748 -0.07705805732209 -0.5506344584947106 -0.015928669483905433 -0.025793837562874167 -0.5817047518456154 -0.05814392395716986 0.09106298039893618
-0.3846501123597131 0.07220468803622286 0.04110968863554253 -0.0937566534769867 0.012241439788958417 0.0653710814889359 0.3406225771298253 -0.002145307588151705 0.10175284027532124 -0.048432172409672625 0.005877647572432647 -0.1840556351017696 0.014936861487573236 0.12220285206245053 -0.07577638088578396 -0.5528226479360167 -0.02076108275738646 -0.04087866916321385 -0.5769608794186095 0.016016250134510166 0.08680145703705143
-0.38911900085641254 0.06358451078880879 0.03940553158854903 -0.08066608560357813 -0.013585662603264097 0.10966519010582894 0.30012513314608047 0.023361663463642428 0.06083582694051652 -0.04821334912086481 0.04457485056417635 -0.18448233946587883 0.02839034967613619 0.12893066354201765 -0.07058164541353137 -0.5586887555388749 -0.036979228948350776 -0.022017438612375803 -0.5907740310407861 0.00020509164402807495 0.07871013991732415
-0.3766821958271875 0.07431191226548531 0.02255967202278414 -0.10879351868922178 -0.011513230351349681 0.07622975494304028 0.3415000111786549 0.017132134462879353 0.08034259229454913 -0.026650085347945423 0.0007527224532434966 -0.1857135329078768 0.029601992733909503 0.1568202264893691 -0.05584693733703729 -0.5519692959543682 -0.0460138010438221 -0.027725458462790786 -0.5741838083734045 0.015344225250673377 0.09829774816983113
-0.38768117992063617 0.05782083641708039 0.0466389358315675 -0.07731382712776148 -0.028067171626680265 0.0977003702976601 0.35745983177956026 0.04682637774309696 0.07286200227474975 -0.06970540754444632 0.009449033795528567 -0.16051350792300045 0.05292421506009292 0.1283665603617721 -0.06580482533092696 -0.5307979438931741 -0.05625465875210455 -0.0192130489708985 -0.5856760818790903 -0.019277764859915003 0.09800494191036054
-0.3547902495861061 0.07223538206263376 0.01267500917628017 -0.10523391068041703 -0.0018371049452028713 0.1053134815151246 0.34665225348653944 0.01981199802331439 0.06399722214919523 -0.039051191634519714 0.018211137325094922 -0.16099274483610881 0.0424331622933501 0.12958321449192978 -0.06185155698515126 -0.5290564674626744 -0.03789305544980242 -0.011122698516194072 -0.6202975872240911 0.0018095741157058876 0.07412711871107755
-0.40553906926488015 0.06573392491761326 0.03398833189162931 -0.0950703567685223 -0.028394424768441805 0.09323649215527652 0.33365189386872374 0.009429425488176432 0.08380558917901472 -0.04523365765190137 0.002080997166379222 -0.1763234687225258 0.02726863203694044 0.13819586452368735 -0.05940610280075107 -0.5380201041630167 -0.008421274813052384 -0.01060824617475878 -0.5827708832673745 0.006579487389152791 0.0852229632927733
-0.3885982071783486 0.06368880418771683 0.04312716213114983 -0.1222775692993712 -0.007026777650380632 0.10914448910559453 0.34103761318002773 0.03026509786703764 0.09289580072468571 -0.052530825262607744 0.00985021248390008 -0.17407595530670714 0.022426338795069885 0.1251456277251014 -0.06581623773993187 -0.5368672428291398 -0.05334223303109688 -0.02971379866775161 -0.5806307580896161 0.023616736135410918 0.08372331139476183
-0.39837684567744014 0.08366974902722686 0.053494352271588594 -0.10253267956483908 -0.01923325058749928 0.11579099966703688 0.338779501136831 0.01779784341432702 0.06726578846859294 -0.044029750006135245 0.0029594848037080256 -0.180950296390761 0.03785259541655717 0.13054726907630348 -0.060503768304656105 -0.5403785874154223 -0.047840185629456994 -0.034287616135732585 -0.5668919787556274 -0.01849111096338294 0.11628375754403832
-0.40560207595403375 0.04367882850764004 0.026756728340043848 -0.06698796781672839 -0.006220495198362398 0.1356961895624723 0.34998701077930505 0.0013378418478172936 0.06466345210988816 -0.04022769081988514 -0.026554585681995015 -0.1830016836934948 0.03062281064005938 0.11091657940391664 -0.073191633956914 -0.5495143378710162 -0.01717520636580725 0.011234143497325239 -0.5632239116158295 -0.0031151250340588636 0.09602721999099596
-0.37036511331065525 0.06814422632143008 0.045307591612740686 -0.10139674096910291 -0.0071556144884432 0.10388889711255068 0.37767449034416867 0.02469773197065346 0.07640642470493064 -0.06503658344923191 0.014238912247259117 -0.17569899554749038 0.018598679192451485 0.14650153293753632 -0.0903336110548534 -0.534497789889279 -0.02887172669310228 -0.026348389222264845 -0.5691785239829197 -0.007283705480629781 0.09704414413444265
-0.398045050651142 0.09269868194823398 0.07912774055994572 -0.0999877907977706 -0.025924868537451216 0.08212631344546195 0.3262661448328087 0.03140517709224407 0.08402527262592016 -0.027373807280659943 -0.032033918622334824 -0.18292570828738464 0.040477460614011314 0.1353439842360408 -0.051107591033078464 -0.5454577210197148 -0.011018093908429097 -0.03389520390125884 -0.5647014312514439 -0.001514235911729039 0.13894333580687973
-0.35310820712983315 0.062271883335510966 0.037672906263017815 -0.06675637484373723 -0.029134401173058218 0.0898103692173714 0.33732307587961313 0.03017035827748397 0.0556652618986398 -0.042542875277446726 0.024957430475356954 -0.1680015267631688 0.046132273923840277 0.1359998151609891 -0.08271937898055358 -0.5398625502652465 0.0055795635265850985 -0.018018519020616474 -0.609688138559972 0.004421957457947694 0.13107339009315377
-0.3993080805876842 0.08667269546255843 0.06043349577188577 -0.10103931111987115 0.005926462330957543 0.07140286900153384 0.3404747169260243 0.014298324690003214 0.07235520474335404 -0.031445273142135466 0.007028334038807727 -0.1942731980558842 0.02014538843607758 0.11724275885501993 -0.06967318466180183 -0.5500526378177825 -0.055347252262409274 -0.027500849543671907 -0.5648700788386156 -0.016306288648932344 0.09578911795875523
-0.3728527646180736 0.09180514192200309 0.07705105336854792 -0.08904470855296295 -0.05074814834203739 0.09816579477237707 0.3528632566632951 -0.006075342632789426 0.0704984022762144 -0.047713159881717114 0.02528976360034005 -0.1932823129089746 -0.0068730067167034085 0.11940991845339374 -0.05420357058203379 -0.5498337506052534 -0.029459841113132924 -0.004826089109784077 -0.5730375501822755 0.0028605980858037883 0.08859339064969478
-0.3775845699316873 0.05156136224411492 0.038912018563481476 -0.0902532101903537 0.005180355506940143 0.08868859874888832 0.3630559280641659 -0.0008027237971665458 0.07746850251315132 -0.027463336844674342 0.007520428925316992 -0.16773095719035636 0.024987926675695864 0.12410241230596654 -0.06619307075424595 -0.5358750254595628 -0.0315123640860046 -0.018559117468710067 -0.5934241237974416 0.01210207419966543 0.09621564451207656
-0.3971557415598746 0.08029216603655129 0.061968800978296885 -0.07626300468794354 -0.03710657761339445 0.06760514959459546 0.3317420685810818 0.022297809429608066 0.06556077899061745 -0.0176030304562082 -0.004973304963665704 -0.15984634041082427 0.05572981558541495 0.10792414930404666 -0.05019687619236628 -0.5428976158131508 -0.04391851533974987 -0.005551282657652287 -0.5916260867534805 0.0032230738946544494 0.12442203157820464
-0.3884192111437705 0.07464178466155215 0.0463001548678188 -0.10180325737474731 -0.010648566075018077 0.10585304377161253 0.3293036384259361 0.00995341166515069 0.09129971216242813 -0.04173552510359839 -0.01765753391326835 -0.16074555910098925 0.04559810004544276 0.1437539340833262 -0.05718730731588859 -0.5299628923350269 -0.04581600205659314 -0.03779002695184377 -0.5943568389409813 0.02014735331940688 0.10438528089672691
-0.3675259396036698 0.04127549881326751 0.04613848769964903 -0.09197714506347524 0.013112331120411212 0.09986288196461776 0.32593263281787377 0.022245135296066365 0.05864914441137693 -0.045426237825679235 0.006494102797034865 -0.17743144294134547 0.019107115640351995 0.10564149028748147 -0.07780618445225437 -0.5505988542253604 -0.010120967403288168 -0.008249089485397503 -0.6083555528013199 0.009533076311958436 0.0873939582379132
-0.41632865917625933 0.07914067695961476 0.05323083790513699 -0.12315898867501979 -0.010505245613203476 0.11388877575034695 0.3081608972317594 0.027778575285453206 0.0487829381622908 -0.05628139314620651 0.035962638843366784 -0.1567521622002731 0.04354099911263934 0.10360577608555861 -0.04747174112330257 -0.5271992126597069 -0.03154057595541709 -0.01816220699030307 -0.5985563000684073 0.00807712964569564 0.09846679331444859
-0.37838029061290906 0.05978213763773205 0.044736615838655264 -0.07793205890551919 -0.016946886428490016 0.0860735324188111 0.30928591094292657 0.02277514266490529 0.10033046609782201 -0.0316194115940613 0.013331135756441945 -0.186388909442678 0.06550738945181851 0.14598451325992218 -0.06277907087444641 -0.5609827283585248 -0.006130664823818862 -0.02828277192732774 -0.5842872042493935 -0.017210275143991 0.09247731969753674
-0.38163523973129754 0.06872187685102958 0.05064167178343539 -0.10182358993078017 -0.018331503422279783 0.10479405176297343 0.3325285384979732 0.013765919049755602 0.09063141504255762 -0.02225236257639741 -0.006659139668549753 -0.18040808720037757 0.041932159645104355 0.1352667031755718 -0.043692949813820506 -0.5527543955497344 -0.04661932665865549 -0.013191296908971403 -0.5819525072957177 -0.0001767821244932122 0.06926765917585867
-0.37184393843404606 0.07349576982380736 0.033368983321756834 -0.1221293822743577 0.013316918400383397 0.09702618379436921 0.3375134738778036 0.009563661546882247 0.0679201828658011 -0.04130042365179983 0.0069483876766126135 -0.18198173863388623 0.03890835855184078 0.10326553801475889 -0.0480083442430551 -0.5522526567367364 -0.023308255365219407 -0.03201561846775879 -0.5913870837638114 0.023288747218702804 0.07683677813774126
-0.3787538392971123 0.057648464073469324 0.04413912469385043 -0.10596041555293698 -0.0035519138580041272 0.07504625008763065 0.31652242679760123 0.002772988704259557 0.08572835201020475 -0.023032822126361208 0.0031079428269405397 -0.17668171012758285 0.014918005708535983 0.10195568032806916 -0.04848010876310775 -0.5494176215649276 -0.035076400997220224 -0.01795288213694786 -0.6064723771384511 0.016421686196307867 0.10316513622313689
-0.4029430857272601 0.07511551568312302 0.01801339341326968 -0.12590455698872596 -0.011604079811873592 0.09123222743102835 0.31216158900247665 0.010856569569843993 0.046654592747853926 -0.02907769059058167 0.00964201578186302 -0.17553502458259265 0.045219923055561675 0.13211737242970734 -0.0539089109728953 -0.5452358697671408 -0.030981452809215868 -0.01815838151358413 -0.5909136635953026 -0.0028739654442162255 0.07552983076525087
-0.3647465837247743 0.08133987689296537 0.05504404080204133 -0.08258996829887058 -0.029305905224664936 0.08739085674285402 0.3254027365864237 0.029131523829419713 0.07897842742999954 -0.02542601401529233 -0.004426706914422061 -0.17742194899252112 0.03310667858730978 0.16242422313132865 -0.045199562204345574 -0.5405936553152805 -0.03958886667082851 -0.036937935999132886 -0.6042337723960238 -0.012320208026962714 0.08327600243183572
-0.36529755550682147 0.06374257948564152 0.023828936515089664 -0.0892075986118278 -0.009142444372938615 0.08434184048712265 0.333638452188779 0.018527374011126255 0.05292422114016161 -0.04230802717391642 0.009296730335397534 -0.177559104623551 0.05874404685244668 0.1542147274741952 -0.08241030538811 -0.5531098443742513 -0.032276309215446775 0.006772763741654956 -0.5903083396638841 -0.014719904417927573 0.09584311258724801
-0.3927558637411163 0.07409410276560574 0.04235418474152031 -0.10300133792799639 -0.006026375777515261 0.1249854893462213 0.306814703318907 0.03753523350532789 0.05496280372745917 -0.033099597595815475 0.002249443815613282 -0.16699171531660892 0.06284661459991739 0.14804514597837265 -0.05458768966936772 -0.5262793155410743 -0.016861734030575382 -0.048411096463780834 -0.6070933609083121 3.413115599047455e-05 0.08736711414044461
-0.39365695749359647 0.05896861598999997 0.0185053296702344 -0.08471257571228813 -0.026222084975322843 0.12302488934123847 0.33396523196737055 0.037114062762137745 0.0687692397492022 -0.025875417984689893 -0.009988714416572095 -0.1665654622339067 0.06431901626945054 0.13880048247903518 -0.0728197555254742 -0.5401982913641481 -0.034798887701495494 -0.013027348143593097 -0.5823627879698874 0.014921188741020868 0.10389204307737415
-0.38763199412644095 0.045453757403513484 0.03609749931352775 -0.09839892689580157 -0.0037249361552468686 0.10431729602939875 0.3385353713321207 0.03681108399786688 0.06598825239715897 -0.060464771625098036 0.011552904073848335 -0.1773120770254559 0.04580832160035504 0.13637047331789023 -0.03997754863877942 -0.5460484264652365 -0.04071106593935013 -0.024738459219009423 -0.5826041857043871 -0.004050453908289878 0.08985257448610141
-0.39860069818127397 0.0764780666431789 0.02577046300357704 -0.10336870201872427 0.0429232092704258 0.08641954646463203 0.31763943200181427 0.005600333247843015 0.07282221488492109 -0.039848371085564854 0.0005289883526279211 -0.15462018696426053 0.05191910170003508 0.10945816806390549 -0.05040939672863921 -0.535647243970727 -0.04502284087876374 -0.010722842486995322 -0.6033917349130927 0.0006825045155512553 0.1119105591621942
-0.37877131763038835 0.07703722292662907 0.014690410553602287 -0.10776161433556473 0.002423750974844434 0.10635802345489674 0.3497816014005853 0.038584286999835314 0.039240378443125654 -0.047036752506660305 0.0071848392467790505 -0.17927372469537983 0.05934780884838014 0.14153273515704293 -0.0529858300626871 -0.5503298014107862 -0.05511909021630622 -0.0160236620569238 -0.5709902575618685 0.020536992703886554 0.09328358950006777
-0.38978795940775274 0.03831676824265609 0.04076185646964025 -0.09922232769379968 -0.006914938886581269 0.09247610601179258 0.34921316184727413 0.015046240489868154 0.07227133395952055 -0.05264280052818023 -0.020006427663727556 -0.17263569161761724 0.03335456128617975 0.12937414235231182 -0.04079876257872692 -0.5373675797543211 -0.0314307201641393 -0.021900472304765255 -0.5879653244568952 0.019294728150824652 0.10146563281727836
-0.396937852240288 0.08151026959848577 0.05435316935760699 -0.09058171388927293 -0.025337612970263112 0.09955548922426209 0.3357589234126292 0.030969305184545715 0.09431722871338528 -0.02685730102832604 -0.011665130705360726 -0.15919919176863853 0.051445083124012914 0.11478942852128228 -0.058288828970045566 -0.5236782598472374 -0.009177383916603157 -0.01128654848380303 -0.6022079641961772 -0.002229502313866291 0.09467005050072341
-0.3927778092265977 0.06157369902376531 0.044559041359566155 -0.08977686950603472 -0.01991396124594516 0.08429640255553111 0.3346064430810957 0.0005799415346146052 0.09687463291944402 -0.047216275903892414 -0.003404201461663007 -0.15668364796392958 0.05180684049551167 0.17433590997394594 -0.072691983223772 -0.5181001770045457 -0.01527560071965649 -0.03554033068734539 -0.5950958629388664 -0.008665436405055875 0.11725904621291491
-0.40389542391302335 0.10496296253343679 0.032355186199149746 -0.0757630465497824 -0.018278675811592607 0.10799466645502592 0.31330692693129286 0.031155785610089203 0.08015339442126204 -0.04758359853264562 0.0074844629581005675 -0.1584864312704377 0.042507036321226696 0.1310489456876599 -0.04790784224792304 -0.5237357681980755 -0.011585142118474143 -0.018234340958500826 -0.6104691252846454 -0.006700249105121205 0.0728945762514764
-0.3780273991210738 0.08846968875085558 0.05472826250404479 -0.0738226587583779 -0.03495800258442782 0.08015193513000983 0.3556696483048319 0.03115803150654671 0.09278430674578446 -0.04574160880727639 0.0020057075402098337 -0.18149445710538686 0.024446698660417765 0.15307478067285793 -0.08539191279573358 -0.5408421850846327 -0.03870773429691493 -0.023067486924407667 -0.570106396552822 -0.0028615234474263624 0.10568048872776274
-0.4078377890460973 0.026659980934441753 0.03992303284191363 -0.09256115891462338 0.03479898534706416 0.07588194000299758 0.34911112119000776 0.017629075596933313 0.09026926678534129 -0.02688094979163152 -0.0029867248889046344 -0.1913265440181348 0.051676439045390925 0.10622704304094155 -0.05304991503296271 -0.5510993918500893 -0.015459557808457395 -0.01899433413273949 -0.5661988314016412 -0.0008281857865056033 0.08056561742154893
-0.41159976916943325 0.08532460093724839 0.04059327450932935 -0.08956355936503438 -0.0056571987167798495 0.09788248284449373 0.3071808757273407 0.03801378801796772 0.08581353820613126 -0.039576505131532505 -0.006672741782575563 -0.1658894967020595 0.05434728976149263 0.16940102247046104 -0.06399474349091058 -0.5244070454642744 -0.022036122790886604 -0.017875561928959127 -0.5923768261098232 0.025928454322959267 0.092668952384486
-0.36180479417081285 0.08067213296769206 0.05177970783278898 -0.10204775493505974 -0.0032055517963933988 0.10609168722029558 0.3458971462412529 0.0054625372001964375 0.09812587510046006 -0.05936211576803176 0.01163536418439037 -0.16568690935549665 0.018020039533418998 0.1190502144179552 -0.06783440724447146 -0.5376162996831192 -0.0550204887862436 -0.032463655700301325 -0.5931711408437971 -0.023227621743627608 0.11493824939616137
-0.39451238196908656 0.06773583160836119 0.06348830507388768 -0.09913670917990113 -0.008275320297210422 0.0872364354719785 0.3171178876894625 0.03226040217604359 0.06775585817302943 -0.03170396366491085 -0.014864560106265986 -0.1629552579636164 0.04230401248840375 0.12697270169193783 -0.06297042892648495 -0.5389986341606151 -0.05128316647873261 -0.016589930341070164 -0.5981046098868168 0.012582446859572735 0.1052108435608468
-0.3902813875573246 0.07298765196712953 0.054764721568503996 -0.10902393963014342 -0.026249790801915602 0.08177046980246042 0.33878427045246995 0.016322976834202137 0.07521199824833671 -0.06132421563005939 0.025999816026736202 -0.1765517015414627 0.04408792058836876 0.13470416425745477 -0.049361488261861264 -0.5408758032104917 -0.008556039726061816 -0.018891468056608383 -0.5820577239083728 -0.011271453136390223 0.09678163996277873
-0.37363678190224736 0.059783393906082734 0.04227540983276811 -0.08319046983194985 0.011492664125116934 0.040217499098746765 0.32411260705239203 -0.0015579196444125976 0.09084084976701547 -0.0462537030483222 -0.0077460294895785944 -0.17360419748394693 0.05963340177746904 0.12711334805413385 -0.061428579331825585 -0.5537929582382892 -0.025218231181475266 0.0025745853390419567 -0.5939936209519181 -0.039310429868852005 0.12462920702752756
-0.3875085114714477 0.061311402479805786 0.05210154496286737 -0.08786885738981902 -0.001849463402690309 0.08087916187897554 0.33907625572805095 0.008669670936449657 0.07954428267352415 -0.03150847142068522 0.0020552372158414377 -0.17908343639191643 0.02837217288785874 0.1446245234815166 -0.07158806861229311 -0.5463155819303404 -0.013610529527438677 -0.0015928178908601028 -0.5809957492084623 -0.0022659371268426262 0.10769806177071221
-0.37133800896418556 0.07186354485888712 0.0643745346481015 -0.09998264925794255 -0.013441683079996162 0.11046908208910233 0.3441160634986691 0.014978258206273189 0.07633571770352277 -0.02609694481942924 0.008762675620864916 -0.18538743540790445 0.05789645470753855 0.11622332110833461 -0.06472875085480533 -0.5553166579795821 -0.007823014073737204 -0.04116675334392726 -0.5792408264032832 -0.001705957939214753 0.06418961575204407
-0.37830158605598796 0.050013803382668524 0.04685909028491023 -0.09380740354119631 -0.040651191281289106 0.07910277342622715 0.3492088745290468 0.026629542590173833 0.041436482899464694 -0.06459270382456504 0.03751866710119708 -0.15818882638256646 0.043510852486828934 0.15613837940670644 -0.06633346767791681 -0.5202765049921869 -0.05710317896971427 -0.004314565874564006 -0.607091369024406 0.013747763493874897 0.08435730268127163
-0.4339205919966269 0.09353591416962077 0.05111941504058651 -0.10538497260015045 -0.004941034271734475 0.08449477246995196 0.31667850622048965 0.04224881581127285 0.06131445427127805 -0.06842480521701863 0.011421223687131535 -0.17762100168075695 0.025752012259169496 0.1274473736725256 -0.04857558460969648 -0.5372479123135122 -0.028384447103909596 -0.003620251839364657 -0.571395115669362 -0.0014972162245496658 0.0683765803387586
-0.3971711874908004 0.08301974489252441 0.025934084401360618 -0.09669740471902111 -0.0070949145010330535 0.10173415119308195 0.3209310853977462 0.026989408582034413 0.05619021662068004 -0.026361336134645686 0.0027196508220835467 -0.1662924351413687 0.05410781656077664 0.13993826184734323 -0.048815345762511196 -0.5306071734736232 -0.008269721043699 -0.024504721864961 -0.6023027336850012 -0.017008005389587102 0.09766063957166903
-0.4028643793615991 0.07435747143397428 0.0316126717595458 -0.07635157602018224 0.02522719034073991 0.0864558543816541 0.34953539444000553 -0.00278213200872374 0.09222921641508254 -0.06309532688233581 0.007476912479051989 -0.18147438392748705 0.00670803313089419 0.1422037882977917 -0.08600085354946613 -0.5394511818954012 -0.036721940085230824 -0.017504867712160917 -0.5681199216534515 0.007631936586738113 0.08017741844591919
-0.3929413480576654 0.04252931566784628 0.08062155975968613 -0.1079367842638114 -0.0234223232611922 0.08316351114181861 0.3194404608488536 0.017022906081519296 0.08907017574028903 -0.060966711093740834 0.019656676151126547 -0.17674572217274265 0.04103090346831497 0.1399583173062966 -0.07781848918556812 -0.5363942893163995 -0.030496504280614564 -0.028648356544494973 -0.5901705216977517 0.0035945738464534713 0.0863376412472016
-0.4139638133156762 0.03534953103144048 0.023992584160042556 -0.06327245334863682 -0.01637003140228931 0.07767323871095257 0.3163381105691087 0.013208651390163985 0.054149230726952775 -0.03376555448247842 -0.004060325250946546 -0.16388202994209855 0.01224806259048946 0.1534072347068678 -0.06191991203812949 -0.5310505150517677 -0.05107225447967895 -0.004463258449151759 -0.6030776623334296 0.009214026129289588 0.09677555140033539
-0.40039302518797615 0.07652084004978678 0.0480285174330276 -0.07020775729312953 -0.019644588525649435 0.08455019934165857 0.383283792388465 -0.001971148025714498 0.0779803381550973 -0.04521397323782994 0.02936557714841719 -0.16145950195073078 0.024813695435023847 0.13778401656253628 -0.0868467155092222 -0.5164957108023633 -0.02053323707394198 -0.019699486485531256 -0.5754889748465828 0.023153109425143297 0.10319273778091681
-0.383623777341445 0.07867442264499047 0.05388092466935363 -0.08943748474042058 -0.009471166301243606 0.06859990479919445 0.3732595192521705 0.017342451685331123 0.07910877737918635 -0.06383513594732579 0.0034390796415050863 -0.1672182844477871 0.034732741230201765 0.13066833860176452 -0.051644653839913936 -0.5306232236155959 -0.025366010404109993 0.0007785682989523945 -0.580261905159107 0.006176424980019451 0.11454304575828271
-0.4140176516345308 0.05847816811967776 0.04775478945995685 -0.11086386618452959 0.010672019070456956 0.09463648064086524 0.32320997327266654 0.010558089462898436 0.08170700587035727 -0.04753569151867293 0.026339675843578637 -0.18041207820868813 0.029562682968499645 0.1266807801360973 -0.026094813839243388 -0.5428445035991136 -0.01212088014507319 -0.029876540149477313 -0.5755025146503288 -0.0023244896746577146 0.10120842239044507
-0.3763326580522875 0.09728697292406421 0.04408353504922918 -0.10728152251927106 -0.007343095944851853 0.06110811380523858 0.3498261518424224 0.009565727907244515 0.05664184813327312 -0.05500789534113368 0.04678027734073403 -0.16918018730307136 0.021107455664667988 0.14886523744701882 -0.051438630229794786 -0.5277997996401111 -0.058750426748859816 -0.03346059538024621 -0.5976172999217148 0.0012277936191658356 0.08130017714624264
-0.3861555464753779 0.07292866741314785 0.023863556220840753 -0.10696121353895834 0.0048817724036709685 0.10446619503663372 0.3172681998021188 0.005069296782039759 0.0696870221501007 -0.032736923228997225 -0.008558079196789676 -0.17788918285920283 0.019005843550983243 0.16477227298613167 -0.0736898845711645 -0.5501546612366268 -0.07974414846814551 -0.0267259096054372 -0.5729820150571364 0.009781821391446135 0.11488501263749133
-0.3991729883071478 0.04095557419399079 0.06299061151048176 -0.12028002614633916 0.0025962402580165795 0.07051609527168448 0.3533637941936596 0.018780019074792542 0.08070557168661191 -0.02645625450371319 0.022892029565940143 -0.16261106260257127 0.050834337016482996 0.13341017084489523 -0.05122335429294392 -0.5265901799122358 -0.04478335441943605 -0.04196580575123521 -0.5846100576817324 0.008472553423998342 0.10129158059557677
-0.38970882801657686 0.1072868950894008 0.024669121065246085 -0.07928860983842047 -0.016067716327197074 0.10956218380171477 0.362101389073172 0.02455807730648003 0.06904266230139144 -0.03234172619574157 0.031982255649348305 -0.17237368929706015 0.023064279980056654 0.1256169635762556 -0.05843835829139972 -0.5336133479053009 -0.057374699444085554 -0.0347147121439789 -0.5747127040183018 0.00048772617635507037 0.09964229480200201
-0.38854029609741547 0.06610502386349584 0.045227852529963156 -0.10148221692529626 -0.012261773876051445 0.12029337013898524 0.34232785140552735 0.011015662818854511 0.06696053844469008 -0.02717440882806719 0.003055212563424829 -0.1558115796279471 0.026234246969705624 0.12231544791425084 -0.06842415610063085 -0.5321288876945804 -0.09000118973163333 0.0012881950897319693 -0.5893171012260146 0.014409257983645988 0.1085661213379677
-0.37950199200315926 0.047835294406669664 0.04689705224704685 -0.08714734909381065 0.0053526891506764885 0.07710998870795076 0.36968707278499446 0.0031195581139583217 0.057528118961911894 0.003061742334708632 0.005714887652276567 -0.1646406968621476 0.05677844769796645 0.12071983719463908 -0.059337894344698536 -0.5404760836615508 -0.0386742383491649 -0.051604640552614114 -0.586608692072624 0.015938145109293388 0.09396868759808887
-0.3953379928212184 0.06896781334667848 0.04784770897727433 -0.09607227093734784 0.009251702543862804 0.07726328534137669 0.35552253277082707 0.01963308100333845 0.08253020087366236 -0.04478018518715362 0.02169153433738416 -0.1779914917194099 0.03794516625704349 0.11968666566849756 -0.05673269558254437 -0.5468642875003052 -0.05001351000761891 -0.03545680782114212 -0.5683021788817746 -0.0039786327188443184 0.09402915863169116
-0.4014816554513338 0.07433155971350595 0.05145584435478914 -0.11930706384133313 -0.008627398005073228 0.10633827585081033 0.3500236527213645 0.017192222928049027 0.06682278811216869 -0.03404509928212655 0.014508939142306311 -0.1594817006604832 0.026303626344687144 0.09565541394649846 -0.04819855270762038 -0.522977838685745 -0.05169644456582957 -0.022442169031399076 -0.5985862596972447 0.002309660353331057 0.061514030364462256
-0.4003626543431651 0.08099368139176252 0.02527419518070235 -0.08170304676971912 -0.010355003908118039 0.10327102614671589 0.3247801388558094 0.023374364259513714 0.059891908433799136 -0.052339197837237623 -0.004359929794568105 -0.18362081167657307 0.03123515400916676 0.1135553352553175 -0.048106790858410145 -0.5537193818237836 -0.04647467163976997 -0.023836557488819632 -0.5793975904389014 -0.02788385210500055 0.08352186426434945
-0.35540501438276934 0.04779693697884161 0.05311751864250246 -0.10851390682141553 -0.025634374074527715 0.07659832573274122 0.33578920257809847 0.020286175845645977 0.05890658112388718 -0.05122031100402649 0.03109962807496683 -0.18299956238944218 0.03800395880392177 0.1444670855704465 -0.04915232417687429 -0.5460269874860791 -0.03819547608199861 -0.02516885917301949 -0.6045084697162184 0.00978124657280883 0.07791742467039167
-0.37746164097034673 0.0914363562437148 0.056599237312674244 -0.0718625819500392 -0.05846242563636626 0.1190018285279654 0.35129367251498816 0.027884911739065644 0.051731240160621306 -0.06230894256626539 0.035879205115498844 -0.18019605409911432 0.018200180530055614 0.12087040781427988 -0.04236058180331131 -0.5411695987272821 -0.019648116931519896 -0.02891710245477585 -0.5843369190878668 -0.0051176713316243485 0.08009934910364275
-0.38934299785327386 0.07292119069342437 0.05278394296881199 -0.09799222208676814 -0.006782889842501567 0.10607815619919037 0.33195864894214444 0.01656164708519336 0.07940553958493403 -0.044515783810062666 -0.008109217322292767 -0.16947274502759815 0.02911202029190305 0.1393679421448656 -0.045393511205620525 -0.5321181724643589 -0.038108736192245 -0.024283601567853363 -0.5995746637546716 -0.005375343661727906 0.06943295013269504
-0.39701522072830203 0.058045777451628935 0.050843706033136586 -0.09469599925074254 0.005930401571339355 0.10269122208424529 0.35767064281317557 0.01804343378450935 0.07379018548255767 -0.05386657521054614 0.020844316959068073 -0.1798926815281867 0.03468774282214677 0.12102956924518284 -0.06151201538465519 -0.5370347988653812 -0.03029752614738669 -0.035766706114746936 -0.5708801377578836 -0.006043124088930925 0.10630553585482512
-0.4148585938691604 0.05622589251757091 0.04069254196052103 -0.10813619562137386 -0.01257539575465919 0.08757943354281716 0.3360873037628156 0.014008060665515562 0.06925137667858176 -0.04376906732574059 0.008051620319308539 -0.16647322912932905 0.049006776739196595 0.1209870832457436 -0.06121172797043687 -0.5254825308885365 -0.015449606621946764 -0.008549668783026614 -0.5903184691231989 -0.01576515680323085 0.09979128868170303
-0.38266974311171403 0.06321015540555394 0.04252452496591828 -0.08304771690707385 -0.01980852294816515 0.08575622212785951 0.3500619098550194 0.00509208040347001 0.07994371460373198 -0.04041303807146096 -0.013286187138444846 -0.18425521914011084 0.018638844062228883 0.13535071278114705 -0.06747222227334934 -0.5483316018133217 -0.03958033629633238 -0.014792765475368598 -0.5790447124500671 0.022502719655794146 0.08321502208293735
-0.39384999308354046 0.08079620933466934 0.044482549358655546 -0.0918922250625683 -0.009474600985565833 0.07678682083819005 0.3195256020834662 -0.004756860033521716 0.06879817082151764 -0.017981708728417426 0.010456109363829149 -0.1610519534923656 0.019082578198504594 0.10247373555604339 -0.05078235018787995 -0.5338328531092192 -0.04194707361946053 -0.023793555574152737 -0.6095311309380822 0.020333851873108787 0.12662438291609981
-0.40048671495068566 0.09204149628272475 0.061544535443751505 -0.11325022715969593 -0.020803209631003863 0.10142208577111778 0.35555160881105363 0.010491291013777973 0.08504617566124131 -0.02824739286259203 -0.016470923432526825 -0.15268811402842378 0.03893022814617525 0.11588277921580825 -0.06151998766508983 -0.5123537419458991 -0.01777397174842739 -0.029903507707578235 -0.594292044162015 0.024184946376974964 0.09721079530338632
-0.3845998480962676 0.016419902900730792 0.04253069311394871 -0.07097177504522723 -0.026495803991838374 0.09430038944477319 0.3601265571782366 0.010576130123693139 0.08249731215202936 -0.047223791103923725 0.023088544179161816 -0.1672267861559882 0.03696441782788631 0.15614347036379408 -0.06098106696984312 -0.5286216432184976 -0.01774570309022523 -0.011951020982698407 -0.5941472662301034 -0.013300922395588655 0.07405286743867366
-0.38162623355318326 0.0794922511076103 0.029083753776826444 -0.09903083727957314 0.006494786516907098 0.10249290003090396 0.332399037028117 0.05156881085244603 0.01408615147184348 -0.025056064774125635 -0.005138304807589637 -0.15536258140667988 0.03810938653113253 0.1431460313152955 -0.056721384608748086 -0.5375226866103673 -0.0482359409406718 -0.020014425653840363 -0.5989999540440333 0.014058170100620097 0.11352049845926154
-0.39451472557975326 0.07554874183657107 0.02436138803648061 -0.10839899400181628 0.020112282294383162 0.11334490747510662 0.32624058774690895 0.021434311696445836 0.08698308104871787 -0.039926914020326845 -0.004958649064118186 -0.17082970958392005 0.05368838356023248 0.1282765710660211 -0.08431478998663923 -0.5336444606604338 -0.008026019966376235 -0.03247187245135362 -0.5868989234678695 -0.015479398129032578 0.10374811439737625
-0.3781362007111373 0.041918706532475244 0.04546510383444585 -0.08707630252067278 0.0019962358673919376 0.08774329749607328 0.3394911427038923 0.018908485844701253 0.0674938141019331 -0.03389243713087271 -0.017604458814266553 -0.17581924144681774 0.021683491628614163 0.12792315052696165 -0.04717424910423756 -0.5436343739357069 -0.013743795436048247 -0.035710909332699464 -0.5978120402245531 -0.008831403215969806 0.10883825660713657
-0.4072384680693603 0.0889605130298675 0.05274447877265482 -0.12068278706317943 -0.009036592686833923 0.1189700122947909 0.3310414837865382 0.011057941409969206 0.07306258691373874 -0.05166594334269625 0.02480167579139293 -0.1694607253432055 0.025232102076154877 0.11832076949745876 -0.0680452350914159 -0.524618483083764 -0.042149538552989446 -0.046602810841675925 -0.5835013683361311 0.007287973202264337 0.09297401301210965
-0.3728328121925539 0.06847049057054129 0.04481115250001652 -0.09036547486983582 -0.00392592772537205 0.09424546365358175 0.3487341699919385 0.016938076452101016 0.0707607567244049 -0.022249811521604025 -0.029094878310639 -0.17085645915879177 0.05076409986717859 0.11804460320925486 -0.07319445222079009 -0.5382011774594261 -0.043623419117485594 -0.021051062660218146 -0.5938769496116749 0.009776296244389538 0.11459446998121554
-0.3533366889015207 0.09639559743791964 0.040060534298367194 -0.0901203633468079 0.009636088967319037 0.09111809900842427 0.33555038856768565 0.022009218421262078 0.05983440405364931 -0.06943022287471044 0.01264138132696439 -0.1528591694066475 0.03664308500113734 0.1163567193022222 -0.06632622318174757 -0.5286934549208908 -0.04132704494966252 -0.001684727402417379 -0.6251431298169644 0.0003394026342307693 0.10687340088249103
-0.3922442175718502 0.09034760618240577 0.03511916280188302 -0.08455261635403513 -0.006895989638528429 0.09012440486477953 0.3260742272230268 0.006810469394118111 0.06459988728904162 -0.04640491538254833 -0.015014209326154245 -0.17808757715025916 0.03564942053277496 0.12716793084296954 -0.06380813038343733 -0.5452634900999104 -0.02851930773125509 -0.013675959711632288 -0.588847668560158 0.02344096799079202 0.09835450885160173
-0.3764371505050282 0.05441426717558597 0.04442159851373197 -0.09348789885467977 0.00529028777974165 0.10001201732784139 0.3408367488302039 0.02920248736903612 0.09349534203084847 -0.05600415771863813 -0.021381859284105798 -0.18049668568535365 0.03623564493469961 0.14598504586943403 -0.0779614541035351 -0.5463674669259254 -0.022126184114632283 5.372902728569974e-05 -0.5829046775235676 -0.012413908328012651 0.0707979814658703
-0.3972570008431367 0.05540376902053675 0.0376055599684992 -0.11063527454051034 -0.016515867956048577 0.08123714341371409 0.3258595165836409 0.02507442057655442 0.07122120902504041 -0.054249758471748025 0.054505828686983115 -0.17504785179744636 0.03405444640440224 0.1299419005047942 -0.05063681279150958 -0.543109773014094 -0.03813537630303173 -0.036227295554017554 -0.5876153598794432 0.01954707547143809 0.07830635991435543
-0.37973461557264937 0.06767097333718938 0.021163389491163545 -0.06210488309621439 -0.03083895572294815 0.0568795324655295 0.34583276737061014 0.032808874230307435 0.04464388426730012 -0.06204908418347605 0.029109387559729527 -0.18570636796391585 0.04483801255165906 0.12999974050127494 -0.04149798824054264 -0.5584358931764148 -0.028979676958995598 -0.009460158941332515 -0.5842536848696392 0.0001396143696946965 0.07818003167595718
-0.3791509647851197 0.052368537418165294 0.03421912462448259 -0.11242423035755673 -0.01184699004007771 0.08670515399760127 0.3281561461434799 0.035983912134270206 0.045205441322874476 -0.015410897426000363 0.01387747609746751 -0.17202740749357784 0.046153840096322285 0.13802519920104117 -0.049041807553471616 -0.540558656546003 -0.06859918274805278 -0.03487722706057896 -0.5976108641616975 -0.01184902808952602 0.10951778937341014
-0.3752766281090471 0.07707179088506032 0.059341658438234406 -0.09665815315653006 -0.0011474289762480755 0.06309186220977885 0.35791844846735205 0.01644802272914745 0.07691644225935935 -0.039339093319582304 0.02238618776397113 -0.1781267268607064 0.021046047549856024 0.15986089923438704 -0.05451967920673984 -0.5381438565571282 -0.05021976235534033 -0.045057813449032605 -0.5814706225306586 -0.007469292692098288 0.0838175203530145
-0.39955401746610186 0.07327550118543064 0.01635045404619229 -0.0606895349016624 -0.0012576437113457014 0.10311840418797456 0.33207910680428965 0.02024197005465222 0.056824116342386065 -0.030676931243769863 0.023681009662823743 -0.18432020575320437 0.04258907897752079 0.14149856510276687 -0.055978468413380875 -0.5508257135240912 -0.008344644806815585 -0.029542260536589794 -0.5788899110802191 -0.002977385028423952 0.08104128206459178
-0.3781471334826949 0.06562063229570077 0.051819054783379136 -0.09286633607248043 -0.009240178542707167 0.0835915088383866 0.3397672555637264 0.014722789966829781 0.09228906581016373 -0.05646003077084044 0.023178965323751983 -0.16310258755819432 0.06233268201314662 0.14920126189533636 -0.06890909556291855 -0.5368565832767161 -0.027390986821396904 -0.042160068652902456 -0.5917856523656093 0.007063328651949434 0.08896848592614628
-0.39610604368073254 0.06859662471759198 0.04971369828252512 -0.10350265832542913 -0.009410689708822126 0.09002247534483157 0.34748768770171007 0.02016875889160772 0.058846419896564126 -0.03314266693208779 -0.032396165017295815 -0.17294323547766555 0.036900184278573916 0.15641182104033552 -0.07479463365768098 -0.5330411835885025 -0.032540565830531394 0.01602230951649425 -0.5788572254291475 -0.005382231214794649 0.09148377836094979
-0.39679229220083884 0.059378105985382054 0.06046621041384122 -0.10209843929741697 -0.036757794085052656 0.09968791237566296 0.31512752485915857 0.019261388339713494 0.06905907618906791 -0.023188201017719998 -0.00011050281979716224 -0.17694299250177753 0.03527567889600904 0.15322283463792763 -0.06457156048706747 -0.5385219540047315 -0.04406800345088735 -0.004885622008899374 -0.5866891269468574 0.0018437782510333706 0.11089916734651169
-0.36857181703223774 0.09293117628212687 0.04781217230983746 -0.09447560074079894 -0.008600748999848567 0.1089444209395877 0.32859686883898154 0.02168114645128126 0.055361716173568214 -0.038306101043416016 0.03170947634344981 -0.19053694454920542 0.041884970304126475 0.12865929358521433 -0.046665977290578545 -0.5659758440237342 -0.03963661467819864 -0.02672762205654434 -0.575236574259863 -0.00921861417772419 0.08941241407121377
-0.373507512083122 0.09421912605874658 0.037559182621177176 -0.08932930705340585 -0.022080640162412738 0.06897251706376671 0.3359136670258806 -0.004331640835835128 0.0438941334143488 -0.027620508670367847 0.01998697207591002 -0.16665606286074555 0.03294751460405336 0.10654302189007465 -0.042483963335754694 -0.5432460747085568 -0.02645563645592901 -0.021232766768486306 -0.6075412621133855 -0.004088170887989029 0.11673766133209539
-0.39052427381613825 0.08558062118235013 0.059561705984226276 -0.11063716600143197 0.013427840642317068 0.11724438547569827 0.31386337740376546 0.00908226349769591 0.07343342055398269 -0.04563003747520868 0.03399269310973198 -0.18144796368286167 0.03816817323159922 0.12370904909173402 -0.0524822090097468 -0.5422594288946246 -0.018307339741777225 -0.04428155967414576 -0.5875706585925867 -0.00869534015213566 0.0955749102070522
-0.385688072604162 0.08398312170674442 0.050463763871465894 -0.12027113791802292 -0.01471812856126718 0.06894904956386931 0.35849960536790626 0.023449531478488526 0.08700819870412334 -0.03608196951408109 0.018984984856368983 -0.1648095175526192 0.05561047103483259 0.16283582465886362 -0.06807671102273866 -0.5317732029871816 -0.07479798350403499 -0.01692708828213276 -0.5704553165309078 -0.009752049431861426 0.09122269491398713
-0.3717377506727113 0.05574257462909999 0.035149455663813535 -0.11233888123493269 -0.02482892674923119 0.07421744176864671 0.3190977028667968 0.02391677063886452 0.06326146895300613 -0.014394920302270962 0.025394116239449257 -0.17470245339442284 0.035708359246527634 0.15527774310324802 -0.06351216256880973 -0.5402027680964618 -0.048810600255684664 -0.04762539272066963 -0.6002909689597752 0.011459494049733494 0.12075966171961512
-0.39705618085409605 0.06175414267930235 0.03629127277588364 -0.0808724340034766 0.006833485412648102 0.09091324154350552 0.3577725885306618 0.039379986006297316 0.07434006434756787 -0.0550236735940859 0.04337738627047038 -0.18602186487236402 0.046456425370106746 0.1325638080625548 -0.05542829370065276 -0.5481348075308425 -0.014243581669413932 -0.022929880457383478 -0.5621507650701434 0.005425950763347643 0.08800395262404435
-0.37975704858798426 0.06939526744194109 0.054316561106023606 -0.10931683783251475 -0.0035330334965905682 0.07961924760467197 0.35784017639156807 0.012960481096857478 0.09430301784932241 -0.02115334735693904 0.022812919965421903 -0.16543692043785085 0.02934933933167843 0.12954555436825582 -0.07124336727703047 -0.5293353271157295 -0.041545734545749315 -0.024131857921148886 -0.5899323902820846 0.0361029121393299 0.09859939507962762
-0.3975369628525159 0.08400901709473589 0.026060770814369888 -0.08568227533550665 0.003939419312707535 0.11420578657785044 0.3064720342912616 0.031168207355525054 0.04027548733993742 -0.05232158558407755 0.022706416079430122 -0.18361139968660445 0.056781376822758974 0.13429404647778284 -0.07825693809112802 -0.5534304453841351 -0.023417946751238365 -0.005241958120131768 -0.5815150179475647 -0.007558619272373556 0.08877863905109969
-0.3975761690265944 0.059520780633740465 0.03417083394892629 -0.09492650591486641 -0.0026040175956994933 0.1249697924364137 0.3457772035362405 0.03493116972627556 0.06482644890683503 -0.04412252996879074 0.00698473735549505 -0.1814370009178262 0.02797850171328073 0.12298280451043345 -0.054972819305025324 -0.5452790482877885 -0.03548668767606204 -0.01477567246054396 -0.5723217703373715 -0.0011887063327057279 0.08601153763369512
-0.3997985707789162 0.0837909991332231 0.07072637789623527 -0.09765878768562013 -0.019253956100373833 0.05432901492262317 0.326921662647805 0.020488519437271667 0.04627601159739754 -0.05821480273002337 0.028072409151843978 -0.1881588541688407 0.008008413684742926 0.12158490487532167 -0.05000670890705331 -0.5498880811797247 -0.03882211592812447 -0.0041326290549159915 -0.583200764944633 -0.015528096137110585 0.06815768029754213
-0.3883199498422249 0.05494338163891897 0.057596218494558295 -0.09797423679650039 -0.013133244442860976 0.10775430346441406 0.33297106097030876 -0.009633047216927223 0.08519106784573872 -0.03985425276394788 0.0023520385550889053 -0.17450672962678052 0.016093430712693722 0.14194669265819881 -0.0619814590161888 -0.5437931674393482 -0.05591588067942344 -0.024384592052893696 -0.581666002824445 0.011075553187684283 0.09530365953214043
-0.3876397113637901 0.09432166117126138 0.04279859151362458 -0.09436563942107083 -0.006720623707588036 0.09826954865200417 0.3294646249632415 0.016327496301729437 0.05641495626171682 -0.026451890162362515 0.006636876096693408 -0.1747816239666864 0.033324928403282834 0.11860093618455543 -0.06170825115744852 -0.5380849051678998 -0.01828259185129799 -0.026463949599039055 -0.5962230237219369 -0.02917704365315265 0.10594281400303204
-0.3933741484154411 0.06840574620509035 0.02547846112593512 -0.08534434247897695 -0.023276714264963607 0.08124730108121964 0.3249410539578534 0.026931894738964776 0.03911637632828677 -0.04011469616513241 0.022583275443080413 -0.17198308437895451 0.049696678243394035 0.1464333242352511 -0.05630388535214208 -0.5380203727544184 -0.04199041793429032 -0.021104407919238913 -0.5934550651278117 0.010910825585841891 0.12205382119620246
-0.407472229123378 0.08272979193311716 0.04352882266240365 -0.11053758245500789 0.00013812547631160085 0.10236786407306417 0.33814253877373585 0.011191468879111523 0.03212224849612305 -0.027492184901316434 0.039647220232416 -0.16860674026784878 0.05810590245568354 0.11714701941496773 -0.054155341729285336 -0.5326043674317607 -0.03793094605601795 -0.020862165018679567 -0.586875957158426 0.0077676877053974615 0.07885800102668698
-0.4242703326715242 0.0992106132731167 0.05191792483061416 -0.106000010383424 0.016909528541862916 0.08580641259950064 0.3387512388770585 0.03342773193105098 0.0824717078454181 -0.040776639917365555 -0.006308630347207092 -0.16346562530322792 0.02035501865600215 0.15192506114291407 -0.07469097983442355 -0.5196995889811811 -0.04344158108987829 -0.012605532209657138 -0.570814040229589 -0.0012768731070327648 0.1021691058740589
-0.40022786486144096 0.06012683479581331 0.05164917655101452 -0.09143373037323735 -8.19548137769985e-05 0.09154002561266128 0.3321552143093876 0.04610013992535723 0.055469493389007786 -0.048388518057803455 0.006938441646063374 -0.1712242267854184 0.012707036616408669 0.1184496436442761 -0.07631872518134655 -0.537555730420115 -0.05781522764090553 -0.006350220247435543 -0.5942516824888582 0.036245045631302215 0.052386855722214076
-0.3757300716309168 0.07451631729930486 0.03932060178642354 -0.07805755507029391 -0.017077047554872077 0.13484454652320035 0.3442831081588729 0.011017634729985588 0.0690104757249279 -0.01837199071859721 -0.008674357465282978 -0.1622658066753602 0.03203996655667216 0.12984588995914104 -0.06152250637890456 -0.5300323986367569 -0.04805040571555436 -0.020662221630238516 -0.5959653860909951 0.0035536187648774233 0.12835025584673582
-0.3769862517679021 0.09253726855622302 0.05355307632561372 -0.1064655319079826 -0.008181787800416443 0.08822495100363133 0.3374969625219233 0.008869034372480258 0.09567478208209687 -0.061583108023350035 0.0018102451343900879 -0.17920131144532872 0.024281852345872854 0.13393596844252897 -0.06062454073216673 -0.548160846531251 -0.026399518148508248 -0.02061001033484663 -0.5782631862235444 0.01271725740527217 0.09931543850912179
-0.42826251498163087 0.03208055774167949 0.036990108123025243 -0.09305777698510387 -0.00012587180499036644 0.08963813916553902 0.31078937521378625 0.04095014922661934 0.08335392981063465 -0.021913320062207878 0.009896330423604707 -0.18520896308918547 0.03753626224160885 0.14864648094081426 -0.06612457264939983 -0.5473885934889272 -0.05543028581322039 -0.004490213718027937 -0.5663554809475058 -0.002206613273847759 0.07769266391075277
-0.38380987853378606 0.0756273098410449 0.022317131909187746 -0.08463581639956155 -0.02281679397733891 0.1062852785234645 0.30050621085087786 0.016544088987196125 0.07481764265719576 -0.03915380400311772 0.009441013880846243 -0.17857775050424873 0.04454548033180129 0.1421825052326756 -0.07507513014827123 -0.5554690194169906 -0.04438815567356212 -0.024848251429074486 -0.5918649326901118 -0.004133452550868274 0.09226760104041605
-0.3900653505132969 0.08729175680278117 0.05577979756203822 -0.10330046573422758 -0.035932704513433535 0.06033082358363816 0.35885285872746053 0.04256227641443878 0.0658696988719219 -0.03837061370985101 0.03392411869457993 -0.16803542095000193 0.035636383247111526 0.13702604224605638 -0.041267070150659 -0.5345802557438822 -0.024796593958172453 -0.026614174030358637 -0.5747107024099245 0.011503319447407071 0.12828884787948958
-0.3803266179080076 0.06009579068679542 0.01723726058070655 -0.06214909358210239 0.020596060673935074 0.055839916486964826 0.3475724063190404 0.026006926992279845 0.07915739346322827 -0.03515888575150308 -0.0026504269183195194 -0.17408434390555128 0.032831493874660354 0.09488191491640419 -0.04765800271413878 -0.5503577423015817 -0.026039518096522732 -0.0031696862649174943 -0.598087589738419 -0.006169962365772824 0.10516900540898952
-0.39822067745179823 0.09896391231055657 0.028716119357030553 -0.0898919906473368 0.03198642331742003 0.10889230691065753 0.34829223964759226 0.012916624757311135 0.07754666322455481 -0.06959689706986032 0.011962956237686381 -0.17718687072160103 0.01780618108731496 0.1478073723519758 -0.03809507247228164 -0.5347959867178298 -0.024257961724148656 -0.039567050222850696 -0.5707167486592968 -0.02137960036490881 0.08955441284286092
-0.4132681967384414 0.07811578871322518 0.05471074266329605 -0.08880597830471579 -0.005876460788787922 0.0681419079873279 0.3493555395154398 0.031211793387846336 0.04289087630836078 -0.03803907895736058 -0.013532392165942054 -0.18729729156641473 0.021301854105821853 0.12596976765692533 -0.05115149567420388 -0.5463398926679247 -0.01030952064347531 0.010445398979148436 -0.5618888460967978 -0.0158191610790245 0.11120078090303412
-0.40957558587059 0.043904756576437054 0.01808377679821445 -0.08673985045591337 -0.008946730467080425 0.0862157693753117 0.3372108250548097 0.024532903682495548 0.0604388478913708 -0.05641587765172595 0.01315320396129753 -0.171276869023033 0.029106877772965944 0.14220140120938893 -0.023022821795798926 -0.5353343533137621 -0.027785498099428443 -0.029148925553892285 -0.5878782764857714 0.01138555128086165 0.09362286400920977
-0.343019164179756 0.082949758097834 0.030877436252509976 -0.0948072387151074 -0.0021207077466617688 0.12473266623659854 0.3448737161827204 0.04160533220410233 0.05381762026387354 -0.05078629342291142 0.014353735852856974 -0.18068848673456067 0.04181275890301874 0.14533495635597066 -0.03973763594903377 -0.548892376651126 -0.0592461681557055 -0.04138946238202423 -0.5938742077750032 -0.005855035277643103 0.08530692049837645
-0.3795464021967184 0.09597786798411634 0.05383862522158609 -0.08728585287110519 0.0004674707333702887 0.056471602974768685 0.36021942902889387 0.017347465963514698 0.07800276699450066 -0.05223023543325646 0.012787059138131822 -0.17278760013677336 0.026145067067526732 0.12465983886016907 -0.059770494592111645 -0.5365884329793003 -0.04435639995171621 -0.025032158522386674 -0.587189892675923 -0.007018583175913411 0.09474706714795451
-0.38765103609140794 0.0658913552244959 0.041761385194775215 -0.086444688299364 -0.028234676785330332 0.12184056160249065 0.3522919877186268 0.01767178617956936 0.06460327800264982 -0.0687027119609094 0.019232825230829517 -0.1774272637887148 0.031798057854928896 0.12051721728274024 -0.07256747811802068 -0.5419689596575806 -0.03846387243922495 -0.014729617793443667 -0.5769358528370636 -0.013225008782963574 0.07811433827757751
-0.3823759036085144 0.05840689250760725 0.05314828153104839 -0.08319446664662329 -0.015204354731621062 0.0999191035210542 0.3416121516966196 -0.002733758027841878 0.06871667997108707 -0.02385851605195355 -0.015068252581033163 -0.17097101624682015 -0.0062992801056323995 0.12792655282592436 -0.07037226074367482 -0.5308430087023859 -0.03670233533075048 -0.024130419900228 -0.597093378487342 -0.0015518116686713717 0.131745471211574
-0.396874367150604 0.06887549789684583 0.04570877789915609 -0.09261299642654729 -0.027821348745086388 0.1215329787486442 0.3399728681382732 0.0076676047540706165 0.07370523789598574 -0.03890798394033854 -0.007803748330561618 -0.15901410137257277 0.04369593898997339 0.14561147778385553 -0.06757252348418305 -0.5242345378227565 -0.04047408751419253 -0.008684149663919467 -0.5850265091101364 -0.006104087161642977 0.13075302899288654
-0.323281407220982 0.08955226589586207 0.03049417837377477 -0.17604147302005735 -0.03348535916067942 0.17569672501233008 0.3302276212110104 0.0176174096855647 0.09467588607229263 -0.02252957426920887 -0.0005290566357856926 -0.1334543222835594 0.08855493978716346 0.16749369310417944 -0.06990484127211337 -0.5107880933228115 -0.06792545571496278 -0.04260396610476531 -0.6094187028518494 -0.02424552500390311 0.08258982804054804
-0.3930157164730053 0.08089359929997297 0.037530400587742395 -0.0958994901730786 0.005168501879581462 0.07438189818985957 0.34046109107476014 0.007106923335688167 0.08327221571869807 -0.05714152343078115 0.002089351552387168 -0.1706852907909957 0.035513112327688584 0.12861858450304853 -0.07967980869500332 -0.5316544849172853 -0.03172912118295553 -0.00033707148488504015 -0.5932833260281382 -0.026394496100931995 0.08385002472795931
-0.4048956546917397 0.051539312203690846 0.04524009843035736 -0.07402406765814608 -0.014047599341200017 0.06852486454196766 0.3224655641236063 0.04486709180754823 0.058641942326475203 -0.039812855896233214 -0.014325885127731676 -0.158331639907559 0.03968078047066982 0.14976052231518253 -0.05878851045628371 -0.520720491306797 -0.042612303532944804 -0.00129794611281634 -0.6108529197402818 0.0228747095482461 0.10294696923746714
-0.38942826471817465 0.045758891517340604 0.021465885870015845 -0.061459662358313356 -0.008293351102646038 0.06337102240915812 0.33247155074757934 0.02470152956090565 0.05972329053071658 -0.031262796311494416 -0.010791181400329263 -0.17659144239054728 0.03688215947093711 0.13345460469288029 -0.05714272581931393 -0.5508378089288583 -0.07665365845235672 0.006697241304566908 -0.5872839972162959 -0.0006125487324656812 0.11939337634370935
-0.38858110487878744 0.09368586581336373 0.03261980251049304 -0.08394776892903495 0.0026476929848628333 0.09388738848533237 0.28609706004503094 0.003685916979200189 0.08281628529203316 -0.02053109431630905 -0.004809151027802325 -0.16430991807651502 0.024488050714714445 0.1408595065594715 -0.07846557387978838 -0.5395109454796969 -0.06814263669428423 -0.019847960266415606 -0.6111578661407147 -0.009977069713577945 0.10396002468622578
-0.40627551552206065 0.04531052764548251 0.035154132951865404 -0.10604068542505239 0.0010182305322384844 0.0882196241627116 0.32838583784605396 0.011307199800837347 0.06480319969177846 -0.04331975429910544 0.014745557742134737 -0.16573045737999803 0.044377041315358794 0.11679273351128099 -0.05957159378034939 -0.5348312525765334 -0.03292750828354601 -0.006246492214272658 -0.597332432463977 -0.010776395166960148 0.08746020048842523
-0.38070161576667616 0.05052498068343726 0.04706126197034988 -0.12971328438849256 0.0001845543274082383 0.08320722952823623 0.3283505229483076 0.02905718780585732 0.06477253769147434 -0.025011380121713736 -0.02624753888640001 -0.18504988376246792 0.022723153773816517 0.13147953520348532 -0.04132025839170865 -0.5552665868739761 -0.050510199249361516 -0.012649157175829132 -0.5852215825719654 0.03050700172962315 0.0646535799249216
-0.37747933309485854 0.08770309411759888 0.04776534773981827 -0.09257571367313609 -0.0024406149364635684 0.07253504796810596 0.3256769282798622 0.02961784600863914 0.06719282924474229 -0.05343143173484477 0.007580300504228257 -0.18073412724611893 0.04070274772354251 0.15380239729814532 -0.06484485181012126 -0.5415558895786863 -0.02153783789527874 -0.0199026584993258 -0.5928154642994324 0.02181674399442476 0.10534711346879819
-0.37970681398902567 0.06912164281528145 0.0680882445229195 -0.10782939644979044 -0.02299531392708545 0.10164570702863074 0.3480656720075926 0.019607208821254333 0.07442383929212369 -0.037423808044630774 -0.0009330870419731984 -0.17483318617250942 0.04144670781090559 0.1496429005997173 -0.06050250466644184 -0.5404644422675231 -0.047234933013750695 -0.006598237129997889 -0.5798991445063225 0.002791392660664895 0.0802578053335824
-0.3803500780718965 0.0626480789078258 0.0070625982719770474 -0.07651861661568424 -0.0006617770267419761 0.10713206953697921 0.3380349604495122 0.017413670077814337 0.044771957461336366 -0.03317320658594095 0.006974707339938758 -0.1777872750372899 0.030311520934174267 0.12123447737318513 -0.08003737464746644 -0.5479261439336686 -0.05216482789117622 0.002834489932454292 -0.5904410842905627 0.0015065132424615193 0.10533633086896269
-0.3675537342380406 0.08226133577464911 0.03772649213362914 -0.09396851468494619 -0.0033027847679267344 0.11865960108791236 0.3605023346789364 0.04531490642728595 0.07254286170317514 -0.017732308655965166 0.02416588224392397 -0.16807675729482055 0.045760736033528676 0.10490571648865354 -0.06770241530872426 -0.5383830356567402 -0.037809113979013036 -0.0396239190216167 -0.5888955344741132 0.0041480685385991405 0.10006487145885733
-0.37829078349459444 0.07180007389930898 0.06792413243754865 -0.08622466312658 -0.03521379536927633 0.09228094310098034 0.33992116301970043 0.03455189165481023 0.09190155689459525 -0.06824648642183241 0.006160144266604529 -0.178522300796859 0.040754765154822174 0.1646705053172682 -0.07818291081251072 -0.5323263415083574 0.0062511186227979096 -0.02886490389805303 -0.5863061161203913 0.02724522111097116 0.06748443605335451
-0.38347667687296144 0.05993348700298232 0.03364152041355846 -0.09359841091329928 0.0005503231070738718 0.10048134056494445 0.347031314449588 0.02525836786620244 0.0762176269116515 -0.058692813763367706 0.02344967002806242 -0.16376032087926154 0.038365830655048394 0.12160974518280426 -0.040793610096530465 -0.5324436474250447 -0.014427183143744837 -0.04836502206918956 -0.5874509096662314 0.013837677954932048 0.14971901105743157
-0.3390126021610836 0.055740564865190585 0.039982715025420675 -0.13543492994489437 0.012355209566021772 0.10788798091138216 0.32028043243188714 0.027440799891697808 0.06333262915456471 -0.059237829444686044 0.011056065683446099 -0.163579868960309 0.029689265029109263 0.157672858971649 -0.03294155058801515 -0.5345251479641577 -0.04975985899488914 -0.03962284041172921 -0.6236213375871015 0.006696354937853955 0.083411898849628
-0.3956761932542178 0.05573609782505637 0.04680007305293155 -0.09179362523785994 -0.0256891417205303 0.09802050433206674 0.3351167428215593 0.008163988028081163 0.08492992646374047 -0.027127449615965565 -0.0023179435186057072 -0.18834851726818932 0.024915739783913367 0.12996624332110462 -0.06253792705632026 -0.5519631936717375 -0.055548907252174845 -0.0348477066900445 -0.570744745809837 0.008656306830462156 0.0862510389473643
-0.39949633777336785 0.08224928879969283 0.04755424278404366 -0.10198773409327311 0.027872870161096283 0.10244898785313895 0.35512548347369405 0.0045083859791596745 0.06812254408420639 -0.04242924496021356 0.023490214768077656 -0.1759049948582216 0.03986244499192287 0.11334675594661223 -0.07378716689550163 -0.5404951710050326 -0.02864140303176194 -0.02946120540550955 -0.5690797041204557 -0.008402248260000423 0.08947481985193047
