-0.09650338374212922 -0.3131737485628187 -0.6933108417850876 0.19218257913469716 0.5312492061695515 -0.10949232239517258 -0.08150561702461613 0.07738851877745159 -0.046364146417564145 -0.09832276789215423 0.03053737844144267 0.055184043540446995 -0.03966788114293049 -0.15229889748452918 0.02006339250095603 0.046185528604508364 -0.0030318904008625126 0.09097028025919646 -0.06701062996659234 -0.006752909549220714 -0.11058497956156439
-0.02148601427674531 -0.44256924768115424 -0.6697640892745845 0.2016554451764931 0.3736792285097488 -0.08389258185184431 -0.13151290078756317 -0.055302208952028704 0.10525294211233412 -0.03992408424904108 0.030545364379859722 0.04531724193370189 -0.00792473205466317 -0.22679911129802371 0.023944136659900944 0.10353354482124696 0.022780741130392915 0.12386373893662382 0.03697153989248388 -0.0035472930901048463 -0.22737907320792758
-0.04000033249963923 -0.3810156572372233 -0.6423758413169071 0.11846600995500356 0.4288661914179789 -0.12788100556300386 -0.1487442634116455 -0.006807395786877633 0.0404390270680579 -0.11409582535324389 0.028383834031921157 0.0768680731377143 -0.008253041288926732 -0.29090353522263757 0.11002795092355065 0.11119680041846187 -0.020055512001539627 0.09004080374720318 -0.05348047704640294 -0.027350242167967387 -0.2478830916090672
-0.21156031886466956 -0.46900784471196505 -0.624182076859503 0.14833649240153032 0.4329154256073854 -0.13223994649400833 -0.05857228441510212 0.018268287099804735 0.030326437620834732 -0.13417400617948816 0.03451850260017305 0.045958121830485164 -0.017084453643923532 -0.17431514711172408 0.046319379270264145 0.11767730158635253 -0.09924282359421385 0.06563860356324178 0.07738590293514902 0.05921385220268269 -0.1498323878479397
0.005416244008612423 -0.47366807872480754 -0.7053393547281193 0.22640050310603935 0.40433467396031253 -0.022754389973751853 0.025450773161868934 -0.004271477635220937 -0.026316377857407765 -0.06449184455595607 -0.031759992119038946 0.09542490870512371 -0.06964673446270724 -0.1505083744728615 0.005401624893107715 0.10207618898110732 -0.001093520570534556 0.06527951087821768 -0.014207421961854566 0.016986760261872538 -0.06713127879156919
-0.06170132282097156 -0.369060850026118 -0.6742873680974969 0.20880412694914288 0.43568665757342906 -0.05037230813178847 -0.19901086988478994 0.08728405453022157 0.08907943155565413 -0.16922353071005972 0.03016310817896849 0.06378484388020715 -0.06713976062754724 -0.19130695899800726 0.046532230929732535 0.09874628839251043 0.00895642144094565 0.08221069937755478 -0.01764578819299771 0.01609447146722487 -0.14198198371947474
-0.10199528609462302 -0.39569501228284854 -0.7289183170306305 0.10700190979929806 0.3723143100352201 -0.06481243120344708 -0.034322873795563084 0.12432050009604154 0.13934714775695756 -0.19339218610868072 0.029200083708274822 0.03658594858799875 -0.0667134238922363 -0.1890326327996283 0.06119825052489717 0.09223495978247574 -0.020786664466702874 0.0846006275801256 0.02644453088293879 -0.019179939353749585 -0.10342362710676575
-0.03312985641046004 -0.3990435542908363 -0.6893391851963603 0.11747653483024265 0.4064190773750287 -0.11770361443656062 -0.21724562228899658 0.019465759517348705 0.10589439278300142 -0.027898595188724555 0.030009443972447876 0.025842452274089486 -0.0690665419778005 -0.19832728163637325 0.026243386932582873 0.06900863093505795 -0.016147297763479427 0.11162486052212992 0.05502527212337777 0.0831176887709373 -0.1957035755163551
-0.0433411235750077 -0.46996695192829097 -0.6602793464737655 0.18159530955125436 0.40986700961617023 -0.10122595585524258 -0.10014980349740434 0.01393489282152816 0.07720456295942026 -0.04897007569760647 -0.01673359197461055 0.032527430182262396 -0.03826942357169478 -0.1457857927297784 0.060389787907867636 0.046916356850111716 -0.003375118547094122 0.14563657648429698 -0.04146141291781236 -0.06427084102857933 -0.23347621879639943
-0.066238779061387 -0.41313311634340844 -0.627749330433523 0.1963452963172333 0.512207536035582 -0.12645678979680816 -0.10669300488836082 0.07124196633104793 0.029035433504960424 -0.06654023766262626 0.02133558822197302 0.010138628416909452 -0.09656972612914065 -0.17464255636820028 0.0490895921219324 0.05889942245606636 0.008265246830458383 0.09374515690218149 0.07751715776318777 0.03321674591710849 -0.17321664586415897
-0.06300800347713921 -0.4872373695377486 -0.7188571795794158 0.08742762254318917 0.35494655330186414 -0.058442298027997906 -0.04249092798211162 0.06024382345148416 0.040301968373591214 -0.12010083909681267 0.05311188279227053 0.04241459149827388 -0.0687736954424488 -0.12448261400580192 -0.019050907743078018 0.0729985311313727 0.031022584884727356 0.11129932115052199 -0.042927688851187 0.054817700170031736 -0.18603668191877668
-0.09145793554859591 -0.4606487715403373 -0.6746291111061845 0.13710846755882589 0.46347436398826714 -0.11197289734666335 -0.159670947089284 0.07223001628614047 0.02629826175095519 -0.01789123061159049 0.016504589115191797 0.03054224617382784 -0.04611013483089748 -0.1429944485963458 0.014074621677231412 0.04727101211568687 0.016685444103870913 0.06901122801675011 0.021011602829512328 0.018924903656385206 -0.11997026715852002
-0.1656019202629763 -0.4336868607158147 -0.6102557622417834 0.10061138456189313 0.46025517665991394 -0.10021239291931996 -0.12771616925387763 0.13568373350048282 0.04515847053989185 -0.04155253523058474 0.020425245953275124 0.04614397652278629 -0.0756321577132708 -0.2210636196446616 0.0947165862230608 0.10619285331508103 0.09185638002722195 0.06013579377761634 -0.02597466146116897 -0.007389296830604518 -0.22677095524559782
-0.06604476357192554 -0.3526134402991572 -0.669065943704621 0.08632271639211486 0.44911360364052066 -0.06414213399360763 -0.1794192430853575 0.07571691635086446 -0.03180052445382601 -0.13576168544321587 0.03382484412899967 0.0826424316052764 -0.0343554986635999 -0.2729486015304615 0.11397536628979518 0.12239798983804154 0.04439300313073635 0.08519123311441691 -0.0020707948905782578 -0.08587142322570795 -0.1574283264706794
-0.0193054541022329 -0.4058070095654546 -0.7087239391116475 0.1191004845663641 0.42191063358663866 -0.07098791938270886 -0.1289485356201001 0.020702279899999818 -0.015078621931596639 -0.09451306645212937 -0.03124790668495257 0.07993135912799973 -0.0657799646253277 -0.21938545182086036 0.02213741561075248 0.10019673794660683 0.051350537816544466 0.12598738176236934 -0.04668074657459559 0.031961385720706406 -0.1309463859801126
-0.08704631010153409 -0.4042292283994436 -0.7463284011940963 0.14396509504797408 0.37541715958015975 -0.008146037635940342 -0.10536558684782299 0.01334067753990004 0.0950242073413583 -0.019592723072719045 -0.004157096711317065 0.054779650681865924 -0.07891232722866236 -0.16433704640482064 0.022587443329003757 0.10552978241246132 -0.016226589274428074 0.1040679348279646 0.02723647975506497 0.005625625438877932 -0.17270301875443725
-0.059310476219620656 -0.3433748540690626 -0.6512859463730387 0.07605445558568466 0.46732953778916475 -0.03569539798113617 -0.14569191238721957 0.10356770019561447 -0.01539919204005233 -0.12356677186680694 0.03346839738889203 0.0708767150682635 -0.04386310334591716 -0.3052335298925362 0.11611539851350293 0.09497459071563336 0.07755053193648379 0.06309768497738134 0.0089695214657978 -0.12223569142731204 -0.1809239353591298
-0.08320013652134002 -0.3462571858077229 -0.66906938988084 0.1159337100564928 0.4323478847757935 -0.07520755306881255 -0.17982932946451025 0.08401332674644679 -0.018264842223273195 -0.1340808534383139 0.035841931379652164 0.0900312326199327 -0.04236443395893163 -0.28903818667011527 0.10137769085470173 0.11177336798427723 0.028199306661512588 0.10101374171314098 -0.010261296038842108 -0.0869027528363424 -0.16014081884056586
-0.04562860167018521 -0.355260175956078 -0.6552461733112054 0.1036624358738947 0.4547120828576091 -0.09562447947149895 -0.19489577788033233 0.08667487342533774 -0.009842393306366938 -0.11983184366776366 0.013550708483956278 0.07063309839718197 -0.03159374687228962 -0.2884370023676602 0.10684367393922167 0.1038557672700834 0.0404325390863227 0.08182032927396689 -0.0015428079484861984 -0.08960156978707723 -0.16681047479189176
-0.08106409058730242 -0.3488445185407854 -0.7043945343162777 0.06175828059262576 0.41663581507026765 -0.054633440643668325 -0.170932842933558 0.07518585378715133 -0.04078610028897423 -0.1351875693917201 0.03918714710099926 0.08243344035639767 -0.0191816753788751 -0.2844619815918895 0.12128291948978526 0.08235323457217215 0.04956309286337093 0.061655006795012186 0.001017557840365775 -0.08677099570497379 -0.1243900204261887
-0.07819317303472813 -0.3684131496673546 -0.6634309438619321 0.07122690394663583 0.44168339512967575 -0.05160852197410205 -0.19029760320688688 0.10592965540491964 -0.038353707092525224 -0.1280928649370834 -0.004126536214819623 0.08984594322678836 -0.04572032973639503 -0.2553758182221061 0.09424318853239172 0.11774998680277604 0.043702813254381905 0.10114843654995566 0.0017024882894831174 -0.07652668800303897 -0.18368309299424426
-0.06094788780127628 -0.3489182540781396 -0.6775883279155251 0.12061445611083321 0.4517655098119536 -0.0743510589622108 -0.14660147267020937 0.0743998999329376 -0.04219001109039744 -0.1285419955396097 0.02187040660201828 0.07905147041043334 -0.02685717344483324 -0.2920099148175865 0.07247523688149057 0.08553396857538813 0.020113038785095037 0.09170775101088535 -0.010009339689518894 -0.08413724232669414 -0.1569576616390001
-0.04850315872724168 -0.4035005539094444 -0.6772426354115328 0.08866373351611125 0.41976740504374477 -0.05215116299571433 -0.1789815852641167 0.0542254016928872 -0.05383517993470768 -0.12203285467977532 0.04246065761168373 0.07330873667447582 -0.025843613485811514 -0.2637297828784541 0.10565230510555702 0.08683579717038253 0.05606767424608008 0.046421835457176965 0.0032809407080682342 -0.08134322534408996 -0.16911282398398414
-0.0507661065100965 -0.3626800446155456 -0.6642565161440317 0.05786705298365487 0.4542030602536557 -0.047716856474071916 -0.1910686724104687 0.08160876665665155 -0.0659880313141581 -0.10697581955638219 0.02006107468093541 0.09710552243820825 -0.014464511277626518 -0.2775936256138808 0.09332517029062315 0.10055650734822325 0.028562383891015813 0.08479197840315901 0.005272028539127182 -0.10193772848874888 -0.17150138381401128
-0.09763973245670804 -0.35510992125045165 -0.6634347397800402 0.07623103082571135 0.4392366083526319 -0.07782434644217472 -0.17055661842312658 0.07337933649892536 -0.026335033057389722 -0.1264396409459975 0.012824479047989557 0.08975057430095992 -0.0040588716557384075 -0.3093283358735346 0.10692970784479419 0.08829452026274148 0.0407070272108484 0.07191937445644064 -0.025557787665134404 -0.08888849852985838 -0.17243183003729878
-0.06851629688696045 -0.3523339698681639 -0.6720577113113065 0.07446806463305762 0.42875434520492406 -0.04123545014039871 -0.14814093574568807 0.09331498686045728 -0.04062934589295541 -0.1532373798613214 0.037961779958754216 0.09967968710841346 0.0075229172573866064 -0.305279304154742 0.09311061813156868 0.12261769694396221 0.04828112025760558 0.0741909476788647 0.0003196916343608307 -0.1066150280874476 -0.15845067628185727
-0.054120955250322615 -0.3919736394348489 -0.6504553732294942 0.0650436307850548 0.4618664071673209 -0.06826025325018628 -0.17279101788366882 0.08340938898952328 -0.0109632485868942 -0.13267327057690756 0.012579312957679452 0.06781094682623968 -0.0029339249293795443 -0.28084250332717625 0.06896680022720525 0.10389355535650091 0.05378443315392972 0.050500134322967884 0.003944791960005803 -0.10784690187210992 -0.165260133924193
-0.059651817039133206 -0.36836520682967 -0.6563190363063255 0.0917417418543172 0.4319882517424167 -0.03963547197967657 -0.1998912929853744 0.08321383000253468 -0.010930427148978076 -0.14747038607242058 0.046888500592090106 0.06296653005850152 -0.022628577725425737 -0.30012189460723837 0.1060763263959513 0.12662705167799237 0.04498269922237824 0.06118697436722899 0.0036059997097784946 -0.08416626015190354 -0.1665690915852088
-0.08335298144090449 -0.37011728819173095 -0.667726929699252 0.05557058872624404 0.44167038305007494 -0.052836327661661964 -0.16258841052673378 0.08676360653036501 -0.03226154516549045 -0.1635851736361339 0.04827963346711029 0.08076706581350852 0.005616887757029504 -0.2931700222951575 0.11385062387054404 0.08449346059952274 0.031297169897505896 0.06059974934940051 0.0012593344250592339 -0.09425920131160817 -0.13789889967370886
-0.05244541460120329 -0.36654048478940526 -0.6689208113632921 0.0540432056543254 0.42789615822422067 -0.06910082447470203 -0.19257897299198118 0.08317453863472171 -0.061691602109638186 -0.12714029441225994 0.04278184927667461 0.08867311296373076 -0.018557420000887045 -0.3089548509442109 0.10477168271402626 0.08735083211358612 0.05187409446477003 0.06461518589757546 0.003897302039684106 -0.10094496433690109 -0.13966937744960423
-0.06715598154573336 -0.365675045463996 -0.6489126874558441 0.09555496636428054 0.4499048109308058 -0.08540409923778518 -0.17361408083342572 0.07753186324170667 -0.039099443950870325 -0.1364480530497506 0.054867485356829435 0.07045385837660689 -0.03084617555065035 -0.3016030543769758 0.12243635264070364 0.09892985893218258 0.07755499821442877 0.08604018186529967 -0.023470070063923414 -0.06654985595326282 -0.14993352001260898
-0.06210981849621731 -0.34848825105651854 -0.6630848417432694 0.09643118541533939 0.4527668214578197 -0.08173015567393656 -0.1780382217098274 0.07977758012064817 -0.030183874357730556 -0.131067555712894 0.02216040144475435 0.08638949081928539 -0.010779722430216751 -0.2888526419312636 0.09283802924979774 0.10972395311152394 0.04193138570756746 0.09088561650113265 -0.014964005121284141 -0.0867177848710934 -0.16721697904370927
-0.07437389109898895 -0.35204160941931023 -0.6686196322595066 0.11341598804214952 0.43778612395875033 -0.08485082853289704 -0.19082163218832882 0.11108923807489389 -0.04492624717476515 -0.13722161621629791 0.03342923290631745 0.09286655532510418 -0.014410905819247716 -0.26110537826302943 0.0757356456251547 0.11608657512558025 0.01978131624367765 0.05703505876003595 0.007819472262697417 -0.08515869185446004 -0.18402932812017314
-0.03410938869687934 -0.3357634762846126 -0.6786827626214403 0.08502711919367763 0.45996826461247325 -0.017521836626214187 -0.17763030951223346 0.08678494904188715 -0.032365477242191444 -0.12951152234706395 -0.005059211516407156 0.08584997454785005 -0.03765032928181442 -0.30262450123866647 0.09451710240157382 0.0856566013862058 0.06197046698584748 0.09928024904314499 -0.02068638485522583 -0.07853866120069194 -0.11188459268314549
-0.05143290355995316 -0.3712512874616146 -0.647083139602922 0.08020908687866919 0.45799209865839785 -0.04113770321218276 -0.19733146678868277 0.0649092869873709 -0.01649546088736253 -0.1441894769091372 0.03729574152968412 0.07159193442915353 -0.003303018621058984 -0.30372248012668124 0.10549304905385143 0.0857858193058073 0.05012578777676613 0.09053559027501225 -0.005165597772050013 -0.08328190332397763 -0.15420077805217092
-0.06786288546447679 -0.3361052246556719 -0.6829393501150097 0.07950008887411543 0.44662843011183895 -0.09374619014072817 -0.14777141343707567 0.1068331155541365 -0.028270392749160364 -0.1312079622134459 0.008517139427205134 0.08391080631057873 -0.03123829338155549 -0.27155061339604064 0.08786666879816707 0.11952646815246275 0.07149130167293866 0.07738024456274419 0.005167910950239344 -0.07110944882184567 -0.17364764615178352
-0.05585379593582515 -0.34582244945706875 -0.6843371433268145 0.07353197838149984 0.42634551212697974 -0.06141244767395336 -0.1991530316266966 0.10326976377063493 0.003413245647475174 -0.11441472285428159 0.014963642368479902 0.07356557864642572 -0.06017819848558887 -0.2910006092211831 0.09751090349773286 0.09802838961470749 0.038775239677852805 0.07023706440844071 -0.01767010493770286 -0.10862853129140661 -0.1516123356746337
-0.054222279305221076 -0.3452545031569967 -0.6662125275736941 0.055267840621202484 0.4571438838888906 -0.0533917210226878 -0.17703826717359475 0.09442393122666476 -0.039702555300914745 -0.12185165515350396 0.006748797871951232 0.09338977588315517 -0.014749312967429571 -0.29311259112442906 0.09830296413615164 0.11240186715398864 0.05444960416126971 0.10984358332514228 -0.00342159878319214 -0.08144568029789034 -0.15355452986710275
-0.06743405677627853 -0.3231431949661252 -0.6843822055387605 0.08115824700490869 0.4420807039066008 -0.07265451684837423 -0.14509580756498408 0.09520816003957647 -0.03703720083235689 -0.15464726156145867 0.02565187443907011 0.0951442492879278 -0.022546715996858317 -0.28095630718543735 0.11547449466414565 0.09317680906052637 0.030283990755849817 0.11607937534215887 -0.037920688433446564 -0.09501316324763827 -0.15465435345393438
-0.041174437483202 -0.34618387584167526 -0.6509842437433541 0.10116342046975794 0.4738733389498673 -0.08283393721418983 -0.19066047619252804 0.10203423952548187 -0.032783978672353255 -0.1451064919837238 0.035560693137523414 0.074178282817855 -0.04861583575072788 -0.29896957829688803 0.11731773832425262 0.08315894023075156 0.024848482529885887 0.06315055934034898 -0.009204687968384646 -0.07395888535500356 -0.12159006735633876
-0.0913254929501862 -0.33716031837385574 -0.6531183607566219 0.1058793199371898 0.4540337474816535 -0.04440020043030601 -0.1831024959100459 0.08238060244788431 -0.017965390758032378 -0.14223742071166579 0.021859522730551473 0.08399559943058708 -0.036856735570812676 -0.29683382046663565 0.10206038237871813 0.12184934084751349 0.08104836946839793 0.09506698580266358 -0.010495980112829345 -0.08938638058550066 -0.15890601797822326
-0.08408752043308777 -0.3348140432266794 -0.6718092753432928 0.10362723722208698 0.4507662994527088 -0.06354897937733806 -0.17424637846848323 0.08778348880746022 -0.06014597382360236 -0.1257500552261148 0.05417753593408983 0.09028968120632987 -0.001914126869524966 -0.26787330027609185 0.1191998294514643 0.0877588841715396 0.03309077799998465 0.041945925308951464 0.0008583686004985068 -0.12689270037477454 -0.17412948316694635
-0.07445605330275935 -0.33503421531586103 -0.6886722028044671 0.09458521898823817 0.41562817504303823 -0.08065499350303562 -0.19969292271428907 0.07285312195592247 -0.022378689905723972 -0.11845276155182151 0.039767109205649784 0.08913301364256844 -0.009150918180322194 -0.3007990420338742 0.11197520128829237 0.1023126598075356 0.05803775865713069 0.05272580441043207 0.04316714736164428 -0.06805681227002847 -0.155833637840441
-0.057524538837786375 -0.3538113972987425 -0.6771539267860976 0.1213414959988141 0.4588919919152683 -0.0684268469025844 -0.1793210948962906 0.03782773195910361 -0.06173114551296438 -0.12070343256994022 0.044401490255031345 0.0628717049502231 -0.027648007547801976 -0.2576471935702449 0.12213921021321263 0.10516666181734577 0.04393582321651001 0.0684132544314208 0.004848623713127347 -0.10855921836961323 -0.11639542810788124
-0.07249297988783893 -0.32889786404506954 -0.663323157811749 0.10288057647202914 0.4683712046915424 -0.03666333364863448 -0.1869847225150862 0.09191740340738076 -0.02466563112138945 -0.12808124883427796 0.03161759169141 0.057600839362793574 -0.05184181208416313 -0.26792342519642454 0.11574877342500353 0.11002662091763407 0.06844776868311146 0.08779457682275621 -0.03323479212941502 -0.08629904458739389 -0.17207875067908565
-0.0697533596540365 -0.3594270880867025 -0.68056614632166 0.09510643079340951 0.41175234720233456 -0.05440028636595894 -0.18493430300795527 0.09914383905072323 -0.03692929551850158 -0.12980860953858778 0.028990759008298773 0.07434703870645185 -0.06671221911659213 -0.2892180774945537 0.0915958666971652 0.11100554915777446 0.07625888085554584 0.0669852228306452 0.0018027933413044366 -0.05649715914468955 -0.17410421900029946
-0.05624080459016498 -0.32948028479280767 -0.6627523268597572 0.07754551498590004 0.4532120190031407 -0.0849165229452901 -0.20400839196249618 0.097021835309099 0.003927179932203596 -0.11719921127054371 -0.006963025568322191 0.08422397872077543 -0.02681314278299696 -0.3042491356862824 0.11369811585027573 0.10005314895915263 0.05251980982010289 0.09207812705329753 0.00045331404635866145 -0.07492393196291892 -0.15941462011494242
-0.059383353860158285 -0.34336203523941256 -0.6854741539502553 0.12348904938307222 0.41528734091875774 -0.096113226370125 -0.16789992269086118 0.04212636033784675 -0.0022133374985798364 -0.1334099523238388 0.023770125335690936 0.06980721285261911 -0.004223977357303457 -0.31030282953377175 0.11372283772876716 0.1047650034846664 0.020580387658232974 0.07730092491824096 -0.020813196047504416 -0.0732711869130867 -0.16164506719553862
-0.08411577740847533 -0.3838948652402668 -0.6579293204028906 0.06927923017058088 0.42498165585677034 -0.05623228426414304 -0.1760177409088886 0.12225353684751027 -0.04078287613937966 -0.14297428214643707 0.051721658616865035 0.05909841565359268 -0.025378353173535442 -0.29061562680780156 0.10099030228340977 0.12080851253092982 0.03977527834887153 0.059009470372516214 -0.00017185917026798657 -0.07332122615526701 -0.17196194841723078
-0.039503068345694704 -0.36533008746436163 -0.6599292045794031 0.08081417200071397 0.4418663762365422 -0.07028725589984246 -0.18498372172494 0.08349246127222625 -0.01840900028706296 -0.1499681789493915 0.038063006950340726 0.059272445739179044 -0.029731964871352715 -0.2863543136973389 0.1308469313435066 0.09668962514171629 0.060619444999760366 0.08886625300025117 -0.036350134209593134 -0.09671417506409492 -0.14889240789161473
-0.0697578099925612 -0.3380084735126815 -0.6703313212801485 0.08031902506594754 0.45546421852597935 -0.06132347482525976 -0.17781887661183246 0.09580453327589958 -0.018208913838632074 -0.1404093428636468 0.05304840666586951 0.06809872314779217 -0.03600276574730416 -0.28129785587586115 0.0939062847824442 0.1039168089869433 0.040462830804524036 0.06826956569051001 0.006166544001004617 -0.118754903800166 -0.15844301045517753
-0.0818841019134551 -0.3655956818447842 -0.6596608896774615 0.10764617133894218 0.4366480181011796 -0.07766031649222103 -0.17348456539740933 0.10312038285507663 -0.03600054887025161 -0.15267600746166093 0.008814130969649387 0.11014876091709429 -0.03585303800501185 -0.27851886748323473 0.11312186802045564 0.12550843538055123 0.016696653518650555 0.08196403165620259 -0.007010795313275405 -0.06806693002912517 -0.13988772295266844
-0.03667023316302299 -0.3611788936663132 -0.6513964564969097 0.09101118806922745 0.426169590003956 -0.06499743728544738 -0.1837991183273332 0.12974651092581563 -0.032642336721404173 -0.16807589287468985 0.03875058780381644 0.06817549986568679 -0.049007672029263254 -0.2800917688293335 0.1113625230978861 0.12130001864948371 0.07369271440956529 0.06742706946282345 -0.005265124805248311 -0.11364098332907689 -0.1810835425801939
-0.038888595466690115 -0.35798288497830333 -0.6682264681321719 0.07759653626135962 0.4344208230959043 -0.08007436699332152 -0.19476446290613564 0.08080691882364253 -0.01714523996922239 -0.11139862624527645 0.061715282186263855 0.06617911476857499 -0.055719384918432494 -0.2716127149961058 0.13200405311014157 0.12708899092823042 0.02932856768147704 0.07427849575623931 0.005265893266729455 -0.0932140508875923 -0.17818775061417377
-0.06030753082880001 -0.33172508160143527 -0.6892358662046136 0.06975999110798811 0.4500124493240923 -0.05568519499580085 -0.15546516264272872 0.05550455260908389 -0.014148646150056345 -0.13406663031898447 0.008861481834198921 0.07492702843850196 -0.05024183715022049 -0.2684298828515582 0.1025816165242609 0.12513519023946212 0.035196040118750854 0.07595290677773625 -0.0005202782382636293 -0.130599380765895 -0.15765584468920088
-0.09048879905187113 -0.36690970126543937 -0.6608044940873753 0.08857162043854316 0.4586953872528823 -0.07633586605376091 -0.178066460536222 0.07118674393342912 -0.0440813518374418 -0.12346066917040158 0.06281361295364067 0.07103096410511257 -0.02878129454609487 -0.2929933576009828 0.1190753606689849 0.0834985303810275 0.022820991370476343 0.03726369639711828 0.006074860509249376 -0.0854332203083895 -0.12818545457425906
-0.06679852984923064 -0.3623328639713283 -0.6482603567481375 0.08618469885897434 0.46677611604084407 -0.06411710965910897 -0.18621151230029145 0.0820406436981829 -0.032041736469278444 -0.10757034228397755 0.026686520658991252 0.0656546240396806 -0.052426316869247876 -0.2671443814341252 0.12319522212536166 0.11674694195745638 0.04851291846423727 0.09906219388923644 0.023765240291128326 -0.12583944655046678 -0.15517004378307134
-0.07955953933118448 -0.3600598562749702 -0.6835617696736217 0.0771278433911617 0.437781590983257 -0.06832455012261587 -0.1449525758880591 0.11147298718527208 -0.0246061509043961 -0.1360160792244706 0.035198232598913276 0.06775278971701103 -0.039980769009342866 -0.27691427909569827 0.09683438190488526 0.10097770724770713 0.05448857747821404 0.06731796762909804 -0.02766119987278693 -0.06614864464322368 -0.16010394881262774
-0.09233479657734718 -0.3591711990210061 -0.6486694587188078 0.0996183472744513 0.45369606096945303 -0.046800517799930115 -0.21324021444786145 0.09524749182982299 -0.04905106261465888 -0.13799841348810893 0.04789904632738433 0.07417631065338036 -0.02924106627461048 -0.2907104061801065 0.0764237544786806 0.10855242516593273 0.029380979898872624 0.07295982353789834 -0.037059660255795976 -0.04295852718701717 -0.1660046144845724
-0.04767577403738656 -0.334206511766567 -0.6810038023704064 0.07041482387232388 0.45144839794483055 -0.07646448260726044 -0.18855948606677272 0.10077825303385878 -0.030260928134779246 -0.09207964897851835 0.027901366037093565 0.06511257216940522 -0.044815742736940896 -0.25620848472958446 0.11232732615201463 0.11614529433048368 0.02367015047100231 0.09815723732641508 -0.0036002708855573926 -0.06919599948061037 -0.19692158392318276
-0.06303612135409373 -0.3335268669572852 -0.6706212248545337 0.07340377149615215 0.4592433718121929 -0.07383975645670934 -0.21260965498447146 0.08262967385020895 -0.03974168884025395 -0.12886401554652052 0.03564521542961606 0.06840009910331571 -0.03463851170852599 -0.2805321466422751 0.09946725040163973 0.10436887695157593 0.034771176195377305 0.06325937701806346 -0.02591568296028626 -0.0749932626138635 -0.15796337538998878
-0.08355046915605448 -0.3309455394446844 -0.6925210326045359 0.0716525793797272 0.4528542677897505 -0.06434146337855444 -0.1537524094830261 0.0841009801518079 -0.047267612635327 -0.10690037003762103 0.0519922513439241 0.07790199491833222 -0.030332309004236675 -0.27111056141812784 0.09598651791794757 0.1196478816890749 0.04158790454353696 0.07087970948286708 0.002184358087678201 -0.08421991820306901 -0.15687641363309832
-0.06410362399566542 -0.34529793692725125 -0.6611887542937462 0.09973845306244812 0.44960595257300695 -0.056267349575808666 -0.18084258759371225 0.0957926131888442 -0.040819510217354894 -0.12795330744497851 0.045601944012675574 0.09205949552335593 -0.01693143333730406 -0.2803477837127358 0.10304344138887168 0.10145506951493176 0.05459938959168173 0.08024892051515747 -0.025797391868986372 -0.09606285533248328 -0.18614503527977394
-0.08313670030657502 -0.3546399038931971 -0.6880897916249439 0.06880776161873642 0.4335349419392615 -0.041844957715758406 -0.1691364072345868 0.06202535205362985 -0.0451499843121631 -0.12020052531110081 0.03903819146034671 0.07370242703604395 -0.029000129255896293 -0.26446816990211297 0.12065339292576234 0.11206742680922059 0.05255057589826581 0.07958287131065456 -0.017204558624171043 -0.11161443174194996 -0.15416446864652703
-0.05741300056583717 -0.3599904135324062 -0.6613652353197964 0.09073969079573556 0.4174558082309027 -0.08544296505110968 -0.21346881878973237 0.09784845317781185 -0.01223199224999971 -0.12705322030080254 0.03021088680369642 0.08394842438472638 -0.051633398674550066 -0.30121201064925657 0.11429034522043005 0.13845085798016019 0.0430048231856218 0.07745263204449628 0.010648175679617783 -0.10134126145876993 -0.12903616065121146
-0.06787141256448218 -0.358299681195114 -0.6716669184796435 0.07214935836386652 0.45501434686604836 -0.05518684180796866 -0.17363680203221324 0.093121274171121 -0.01937135021473162 -0.10240215836038426 0.01994147700148054 0.09033308565389576 -0.020880347694534368 -0.2796047937553594 0.08292723959761238 0.12443950218846057 0.0463484476319113 0.041946716550981464 0.018309797863808683 -0.07948312453130832 -0.17553127506423996
-0.04635781756571187 -0.36011830630020014 -0.6865282987700388 0.09480912998796298 0.44719990041335717 -0.07409016656740129 -0.15965856073795506 0.09437397276433364 -0.049924230940129356 -0.09749049981294229 0.03377921917373495 0.08724331037877771 -0.03077663122640141 -0.27066236554617545 0.10178482483219965 0.08657210751657261 0.046338137801598844 0.07986264341221766 0.0024329176411276307 -0.07886952544285834 -0.1429000870962928
-0.038387232547355606 -0.37446787809957655 -0.6486039738033159 0.08137317531194023 0.4613136044007176 -0.06552570849740282 -0.18560332081089953 0.08229604828659508 -0.03996936880931857 -0.12541869670685787 0.03234617035711805 0.08511286342470957 -0.049541950589396526 -0.28703569803557943 0.11664867015567666 0.12866074574535313 0.021034277565276975 0.08496017498572091 0.006799510228641507 -0.0784221656202211 -0.13485998482297135
-0.05689850992495791 -0.3775394437723608 -0.640052610346416 0.101610173980298 0.4542737768324595 -0.09189966545067531 -0.1854283103649093 0.09209245409340619 -0.0439377817822772 -0.11655182888346471 0.05449130884075439 0.08281819896575697 -0.026676746176815324 -0.2910823167526861 0.10365443345497963 0.12095495349549952 0.04513936927043199 0.07782057102608315 -0.01569941888566848 -0.0941554770226787 -0.1523036939080192
-0.0717431756324066 -0.34194533610321237 -0.6970296752562333 0.07378641963104918 0.4405024916623315 -0.07061479767459719 -0.1849379889542856 0.09042232530834365 0.002537321010541051 -0.14179411546614332 0.06007706607656484 0.06102626117835881 -0.04043384531091738 -0.23063198031120855 0.0940590036998286 0.09739535925636376 0.028342893281265165 0.10140190745300075 -0.0026732938176268883 -0.06971777316916968 -0.16931196553237154
-0.09837482450131983 -0.3438687002322199 -0.667713811807102 0.1040152495172643 0.45216298246735837 -0.04159710789099772 -0.16904630283723476 0.07893928958029267 -0.051690172933664805 -0.10078677131441248 0.0476753465857967 0.07652756869889168 -0.024005074914885478 -0.2759289612907115 0.10148633707537688 0.12919230620561722 0.02735179977769934 0.07394644895197124 0.005500815436116127 -0.11490577644682262 -0.1741087159492731
-0.08033206645957755 -0.3428786192432576 -0.6597845775956457 0.073138656582313 0.45101504810054355 -0.04996909880732827 -0.17532379840952766 0.0851084248823027 -0.04313901405191509 -0.13287373882878675 0.05158802517968187 0.09036469132437848 -0.043779324944834434 -0.28057913516590344 0.12614532204903542 0.1359566376799612 0.024444420569796333 0.07703744435327756 -0.027069039213284046 -0.11628795591942578 -0.1589123690739746
-0.0902364394171727 -0.36338436091920356 -0.6629108759414694 0.0797933676065202 0.4430799993197669 -0.033945765989392584 -0.17644729053078287 0.09583927954685861 -0.011226973791624165 -0.11939971696070467 0.027472864485533637 0.0766589747016744 -0.03245385785417486 -0.29806803960156825 0.10082941669410786 0.10778598497646548 0.04882922063745666 0.08516169566827758 -0.016846504506595295 -0.08691879446498668 -0.16133500516387414
-0.06505863374958848 -0.36109925262574555 -0.6715252260620299 0.0739508840028565 0.4441796244126459 -0.08653843592709647 -0.16304250849068605 0.09213029870047389 -0.003394681825978545 -0.11750389663889486 -0.004060264687877073 0.08104251699188744 -0.043787804861306075 -0.308959859258475 0.09950022517399672 0.09346653324223003 0.028829821623823696 0.10029765947853295 -0.006438824424722354 -0.061520917806176474 -0.13406927449238368
-0.05501172847216558 -0.354601258572358 -0.654344859088329 0.09366719952318528 0.45691560123373237 -0.05909398648050121 -0.17472750452167077 0.08387998981426723 -0.033607296746267924 -0.16920469169653146 0.01278200619566881 0.09545360883343916 -0.020766304104388598 -0.27577066104942316 0.10797124176903729 0.10642160791807184 0.023762267859037213 0.12597551612484043 -0.016682746755104852 -0.08781523630153774 -0.14676034640550997
-0.08809174985029519 -0.3309951736274318 -0.6725929845769701 0.06911869881711828 0.4500142389364324 -0.059377017177975465 -0.20181083706020053 0.0734384747293285 -0.042655242680778915 -0.13106596654485614 0.03650755915577939 0.06399701521787889 -0.01762312087421718 -0.27508634447706837 0.08937981306795745 0.10663917054704547 0.0678837893834108 0.06710413187185442 0.002167758779670464 -0.09799504041911697 -0.18674913558622602
-0.06095020397883863 -0.333451710335147 -0.6673265666821028 0.09382505760791932 0.46798051950114405 -0.0671912413765421 -0.19807579152710283 0.07872485333115313 -0.04157585635262049 -0.10091066172044927 0.027491492651152808 0.07127839881385374 -0.04685115925869029 -0.27843501646341473 0.11028453471133454 0.10498760062401817 0.04680192877864199 0.09088687392574825 -0.03770907037542913 -0.08583026403409927 -0.14873253651106214
-0.05057534702795103 -0.3376765993104066 -0.684624230625097 0.1038285738996409 0.4274778079195384 -0.04810998453310644 -0.1926484745293842 0.08601057784136869 -0.052660236243487514 -0.09149247816499029 0.04796247798627797 0.08169505757484422 -0.0584023405068905 -0.2729511190902735 0.11094990632608173 0.10578527837806223 0.028595649955770505 0.1028370219392272 0.022389540775644208 -0.07544085441055237 -0.18773665011965307
-0.07030177161633613 -0.304806751095694 -0.6702316983628722 0.08503132448553948 0.46999722843464353 -0.06827375305400687 -0.16647851096115573 0.08379388635951775 -0.0528243323976993 -0.12187162029442139 0.03643406560386988 0.08632702435422977 -0.02272202315743713 -0.3054653544610472 0.11723709780014575 0.12088078631312965 0.04524775126551034 0.07301289215400439 0.019226703694658703 -0.08489689579497212 -0.14783124260212588
-0.08992237261619895 -0.3436516884826179 -0.6719874050538007 0.06915125122295744 0.4623455534708944 -0.06328127341184728 -0.1950502165014437 0.0616017435679727 0.012187407415150559 -0.11411778257835098 0.01801879896145308 0.07120949577812641 -0.028148434033482463 -0.2695733018152416 0.09430021312166169 0.12228865455545915 0.0511016043854826 0.07055023269063318 -0.008736580264208784 -0.09780146477832577 -0.15733735979964883
-0.048965473844705225 -0.34096687757965566 -0.6912601548597727 0.11277877262299585 0.4359243763478928 -0.08548938972907859 -0.15355636960463057 0.04839434502093352 -0.05339220976658513 -0.12510942046927084 0.0330011946072462 0.08591195865168372 -0.010905380537394028 -0.27942994174184393 0.12547141337819917 0.12075823112520451 0.04322374280925671 0.0474395102315461 -0.004814983286709608 -0.09415574851098807 -0.1379067663562833
-0.06636494297510519 -0.3627219692274833 -0.6572375829042378 0.10070078301813398 0.44398355661251154 -0.0553323877763808 -0.18650076338168228 0.07427632288988283 -0.005453282812671359 -0.13173345658064214 0.03424435417598673 0.06995887896340887 -0.01122261302616717 -0.2903775602062219 0.12169507739681858 0.11034190644042716 0.04390318264433122 0.09201729118743068 -0.03467044278017839 -0.07190555894788854 -0.17261638188553713
-0.031147202249172164 -0.35228091633539704 -0.6422229233055332 0.06475611129670858 0.4537081586865592 -0.08330643243671415 -0.2308451983878231 0.09317343161055758 -0.02315641722564947 -0.1586514956755835 0.03936962266379426 0.09248764204975649 -0.024993087986226577 -0.26927513471817477 0.09677936117516704 0.1352537164621395 0.013896755627814806 0.06699652821277696 0.01166142968733436 -0.1210603550720676 -0.16566609645699337
-0.08234287939971692 -0.3542073890144493 -0.6700587791781443 0.11272993304199848 0.44850357817873654 -0.02983657491915653 -0.1796867559657612 0.08628854044033485 -0.04363856825343308 -0.1291131235111736 0.04655375120077469 0.08197035339531332 -0.03862233191509754 -0.2833134410804695 0.08671869354998613 0.09959071794986434 0.013806644359938312 0.09039255355375711 -0.00826267769941932 -0.07944156386053391 -0.15130442426066268
-0.06268796855234902 -0.34322630241991764 -0.6753676011642465 0.06393970066482946 0.47566278928613104 -0.052170058272823006 -0.16137345364718195 0.06384556258721849 -0.05579549916681964 -0.10717369110460426 0.045534642173030354 0.06337601021636938 -0.047328936074836535 -0.2606555523088357 0.10668395900614594 0.11064766124902486 0.046826979144988234 0.08870638085207339 -0.026738395194759637 -0.08924406905219406 -0.1603925793136557
-0.07658237688189183 -0.3494644192138186 -0.6763130897854156 0.0741788119753004 0.40971445959657604 -0.06860848375155199 -0.1794831582141171 0.07660409496770529 -0.015366336634230288 -0.16077190447687897 0.03919499853922871 0.07179227911790216 -0.028357342863523708 -0.299175436854856 0.11795692618074496 0.09484764936569524 0.07780154499253883 0.0842761649502609 -0.007963733445497665 -0.06818339947039138 -0.18598484251786995
-0.0663994977227235 -0.3477326653339434 -0.6623282031530395 0.06425557693363287 0.45268568138748205 -0.06009646751617012 -0.19867151105421346 0.08604002963834234 -0.027724638373590973 -0.11908327509463691 0.04144472652983609 0.07620761732180953 -0.01730786680741602 -0.2841230440596916 0.118752584568331 0.12021543865339776 0.025213500224762507 0.07096384927831122 -0.006616526845039845 -0.07538967678184302 -0.18166835646199633
-0.0953818740283896 -0.3404749933849188 -0.6809027605243652 0.10922761739981078 0.43816400529405464 -0.07260598547888211 -0.15253183962550573 0.07888809009171828 -0.010624614559361024 -0.1510410676313149 0.002945054413522984 0.09881686247440293 -0.024334302931406395 -0.27057825563966464 0.10367706522243483 0.12905905607559343 0.012902836910878672 0.09798868232126336 -0.030916211582063858 -0.07688863571700369 -0.14874683706190542
-0.07844168076187046 -0.33670010368465325 -0.6687783731151576 0.09738286180024991 0.445101144018737 -0.05030202777331924 -0.18686877023795703 0.07492246831879194 -0.0343687039879022 -0.13056643021447287 0.008876597075487144 0.09714634323013517 -0.04538445890922554 -0.2918811049058422 0.11651525587693613 0.11003645918219655 0.02653070502582707 0.11442119154637342 -0.03101067525494649 -0.06591299999343109 -0.15089048243212894
-0.03865651547166511 -0.3435442780861638 -0.6693088793104532 0.06390840121135781 0.4550546227905722 -0.05733895129222976 -0.1759039908453289 0.09162411703616294 -0.04241089826704294 -0.12544156491568006 0.05325757458886296 0.06783841560375765 -0.012128767532388673 -0.3096504776682584 0.11675641524780887 0.10137143328032314 0.03996556960229503 0.07225132721216843 0.015186614962080916 -0.0995131469224858 -0.1298546912762032
-0.057579262765963674 -0.3542049601948696 -0.6582679310898865 0.07856613312662568 0.4444988686509389 -0.09109089695009297 -0.18614689407032783 0.12261940510875255 -0.023354832580757004 -0.11660657280556136 0.02553482612941964 0.0913774831576392 -0.025396322849659366 -0.28258686385875476 0.0979871800146898 0.11610175411533749 0.06482057169765755 0.09242275239017007 -0.006323741178795062 -0.08083847829539577 -0.17357085161553382
-0.09218282025682792 -0.37039014676415505 -0.6638178953426985 0.06496850324156896 0.4294298750954047 -0.0289361002560607 -0.18689025824909386 0.08796953272976889 -0.03979147622683456 -0.150956129116326 0.0046576495454966034 0.07684466874452021 -0.03144314059068022 -0.2868095184000433 0.08457682200927003 0.1192664606855972 0.034620250091884006 0.0858199162918097 -0.004002396767469144 -0.103799327750963 -0.16506510932512253
-0.057515911806374914 -0.339344195596673 -0.6685695292072189 0.11782612212998417 0.44812051795950514 -0.09215266003719862 -0.20117716905737418 0.09095089600080203 -0.0332836794355456 -0.1171032014677706 0.03051426325232829 0.07027200293577705 -0.038634550477409664 -0.2704892641382768 0.11642832182619503 0.09255926402989774 0.05398200405787578 0.08128778564596117 -0.012034062403700904 -0.08755082114257193 -0.16679025933480737
-0.06888983782247768 -0.3485807426718625 -0.6582539518459608 0.1285256672929799 0.44850634368917447 -0.06358857270407164 -0.19967255331788133 0.066832487644339 -0.008829578834987889 -0.13315102523467 0.024375000649888408 0.07543915490145822 -0.03045283290934489 -0.27976955775166984 0.1011796869789062 0.11198060015138965 0.05464085162140868 0.08835460589255 0.009884730393192098 -0.06231337721439192 -0.18316887003063653
-0.0851798858205591 -0.3892115884090494 -0.6434791030960016 0.07229423387868221 0.4415479999353781 -0.07644584421096681 -0.1806983891801201 0.08417177650264916 -0.03651153785929787 -0.13789297792839203 0.011893230173759518 0.07562943193183858 -0.022795275442589278 -0.2697434877547597 0.10274606769519506 0.12179637405117498 0.07534732487357254 0.10022722954604134 -0.0010556863988119942 -0.1103663527933338 -0.16922127873021886
-0.08075378834874876 -0.3433783566553006 -0.6844305619904253 0.07487691559214736 0.4174984507411703 -0.07555666975294373 -0.1908586809141432 0.0789046421820626 -0.03263855555010229 -0.12753858214670533 0.045328139576004255 0.07536453220188397 -0.0748432105047087 -0.2758126230934427 0.13565185174532676 0.12155147417451172 0.05142602950502775 0.08268773067932482 0.0014379608199160396 -0.07652521298303908 -0.1536081097541757
-0.05093149928189732 -0.33078931975274284 -0.7025991754301513 0.0803935122686722 0.43816571331332765 -0.07022589406350226 -0.15955473402200732 0.10165253343574047 -0.0322404296990685 -0.14836228207910476 0.054190521675064496 0.08887985270891649 -0.03560992329440395 -0.2660501189735576 0.10591795430086252 0.1280542983024729 0.028006572131982255 0.053591101629433105 -0.0017897535402092123 -0.047108113334388 -0.125422555552778
-0.04410236410828619 -0.3174928059962337 -0.6574615143197278 0.10202634235282833 0.4688833154588943 -0.08061524932773886 -0.21016561753296362 0.07545722204039883 -0.04400164337606112 -0.10528316236368922 0.023939601607942337 0.10288159256276433 -0.032890908512478424 -0.27958503831853904 0.09689065213620719 0.12115651435119598 0.018981575716161693 0.10024806510347943 -0.019000505450465437 -0.09035222626493931 -0.1787324311540209
-0.0556079468913271 -0.3410117411807462 -0.6800268935170656 0.08920111905224681 0.4561829119329142 -0.05464098622713519 -0.16396546543609405 0.09450258524852839 -0.04726843550437106 -0.14111340269507242 0.029235329239549437 0.09887470855110085 0.01408951991130559 -0.27526830923366924 0.08143623413392202 0.09897697348582431 0.04447156124107052 0.07297608291029789 -0.03173501174200907 -0.05613551402934104 -0.1633469641871822
-0.07381746543664999 -0.31233152956715393 -0.6876668024263699 0.08445789909764523 0.4581809381238373 -0.04306740502144484 -0.16133354630552024 0.06463007285604581 -0.08499121042073604 -0.14460793233381428 0.0400945451747819 0.08686777688031998 -0.015487258667904742 -0.2741922282660613 0.10479349655435212 0.11861243343328932 0.04896037599496991 0.07549736602695663 -0.029228843466043625 -0.07462718571816165 -0.1506991079699409
-0.041159528171427685 -0.371066747540739 -0.6766925418482371 0.09613021228752952 0.4507597069883305 -0.10106443969092742 -0.18060284947251987 0.05515472880911695 -0.03112423295755776 -0.13155044360857976 0.013455525467720235 0.06631224133762108 -0.01095886137211132 -0.2587820659153311 0.10152479570872597 0.0993110561217766 0.05305844839441387 0.08348405413240613 0.008952004211702811 -0.091640030958221 -0.12661016801877825
-0.04931857383459443 -0.3839186906979496 -0.6580227297239543 0.09377519251290266 0.4427437576296506 -0.06523579771359694 -0.19501343895517703 0.07130179148898116 -0.024467763871239025 -0.13558106487042393 0.04736181779913731 0.08082102312470606 -0.030046808257201744 -0.2668729216570681 0.09735472922593277 0.12405664601914031 0.011760459811206091 0.07915392425443368 0.018917316367376324 -0.07438901130303034 -0.16718614376685637
-0.07391037408967305 -0.3717295149232988 -0.6509978942230034 0.08889766336871352 0.4358516943320789 -0.040247103347242824 -0.16573413944714363 0.10522747047831026 -0.0429533772308416 -0.13725498926303695 0.03852719681129906 0.052385291311844745 -0.010270021559421435 -0.28530331830164507 0.11762484868527011 0.1111565654882492 0.035004365630620954 0.11303185804239183 0.018423582107083367 -0.13732243023871316 -0.16947123720797946
-0.075991213059714 -0.37758715007713073 -0.6688595866727188 0.07328806330806509 0.4344888891048084 -0.04661981200927909 -0.1720384384472982 0.0620085133537791 -0.042401687593028765 -0.10446415659555006 0.05427724334255792 0.08456630287038154 -0.01176158538407812 -0.2873468802244431 0.08625213780014175 0.0982172947968221 0.0593358200806671 0.07518756467531024 0.002224175104507764 -0.125460730442173 -0.16429450756391653
-0.06843230137598931 -0.35778043105931584 -0.68180075145827 0.103339878435185 0.41217537238302276 -0.06035243718601289 -0.19614775252148767 0.0768923003469566 -0.04348945761017831 -0.11317976231871392 0.0383290467823282 0.08626011292915685 -0.02892337104324437 -0.299864263449742 0.0952485500732939 0.13124819106346358 0.05418427744472203 0.08252944428617018 0.001758192729681526 -0.07524655407937211 -0.13335989151315056
-0.06557058339456692 -0.3619844801627897 -0.6787709163993281 0.09795858048230276 0.4343833821473989 -0.05078628085388275 -0.15260611632452745 0.0856185319055966 -0.026313435971710732 -0.13380490345587367 0.04823369827808936 0.08631691816870879 -0.0049302662018974866 -0.27889157039029283 0.09538541475718212 0.09617017793263759 0.056810948335604475 0.06510716280005172 0.009857715943339677 -0.07814780915546639 -0.18509116466733808
-0.06490978901596894 -0.37151400701673676 -0.6593305866029697 0.10740185789157568 0.4294745083230044 -0.059021111819610464 -0.19054515228859126 0.0986635065692698 -0.03568908483429634 -0.14086264004029908 0.028391000553654257 0.08894963634546488 -0.035298672702099375 -0.2725501572933529 0.08947762718404106 0.11669305207776638 0.05795842003722582 0.10196866799633504 -0.0035550958285423366 -0.11491289219798104 -0.1535471070323712
-0.05536735641717568 -0.37230809411472937 -0.6677995553903964 0.06648264584653243 0.4166327669838572 -0.05199156471211526 -0.17407063714296453 0.0930386244573541 -0.06612614180717956 -0.11997956275212106 0.03955049943824786 0.09597344165994444 -0.019981022607347562 -0.3050853350231965 0.12707036095049956 0.10610131238662374 0.021189595870608997 0.06805402026068487 -0.016532201005596898 -0.09897761339085885 -0.16470697896216044
-0.0606747417421594 -0.323992928851297 -0.6720834938940224 0.07048967392962595 0.43088660778186666 -0.040769785534009714 -0.18478844399982688 0.0896246132309013 -0.043880442699560554 -0.14244216129881823 0.06434572015029989 0.071756311954945 -0.04483393226709226 -0.31747850421498425 0.11147320974252123 0.12751278835817903 0.049463308136975595 0.07595567213220708 0.00039644761131281685 -0.11572624782566637 -0.1434422510793778
-0.06707934987724468 -0.3540407775931495 -0.661259945941585 0.11859797499487465 0.4261233916466193 -0.06088208831101743 -0.20072504895098833 0.11010791247142897 -0.04133393636754223 -0.1409461187650027 0.03436539392390891 0.07101283967370957 -0.048908736940577964 -0.28054065423305846 0.11345323214393176 0.13608768525651158 0.012889869318825025 0.09673804481212707 0.014999173864041251 -0.10854312546394648 -0.1389514831376617
-0.05653151610434836 -0.35244903872936145 -0.6804729696518149 0.10803085879369478 0.42949250340902556 -0.07891031877711832 -0.15412830203255037 0.07809016021715263 -0.02034116243794077 -0.14732716854674932 0.0363950041700073 0.08107306155264264 -0.021331009303024034 -0.2908116108138821 0.14676766470416083 0.07353374606072187 0.021427660253726315 0.07625643423807275 -0.01047588074774887 -0.10596402873302718 -0.13312517147292624
-0.01134315706837005 -0.3416464685070266 -0.681916415923798 0.08491362864252364 0.4309601131220776 -0.08216508098278266 -0.19959261582392523 0.10631908667511286 -0.03953035297927914 -0.13184447937076946 0.023372764277357388 0.07975775760066259 -0.013349008593351681 -0.26513042683969107 0.10371375691732168 0.13759051039322343 0.014504379691868678 0.06707318617705507 0.024992464171825657 -0.05988881019867483 -0.17993417034790815
-0.059796470838705276 -0.3468380160037332 -0.672693120390629 0.10100342967020425 0.42238621936735765 -0.057526766383500474 -0.19816946540114264 0.08972143371121893 -0.028552655452745223 -0.1325074573715753 0.020931190538362166 0.08401859211623242 -0.044562507708354925 -0.3019674784333436 0.12659847952061873 0.09664858376155315 0.027817931765655217 0.0999316521508107 -0.017832731581316364 -0.07276677471113926 -0.15358165832772624
-0.07709330983846895 -0.3281831809080026 -0.6718662440051143 0.07958303505416775 0.46516769048938295 -0.05963996692999135 -0.19037335995922594 0.07042706059038815 -0.020693486581595314 -0.11533764937018892 0.031440990147423714 0.07160759486579109 -0.042183604643348555 -0.25032740278900556 0.10809276771902988 0.11847796322666151 0.03356846704982862 0.08680854169907731 -0.01995088128035282 -0.10737450194581664 -0.19202452005084408
-0.040524061502816434 -0.34008519875613685 -0.6777713044766213 0.0953101399424581 0.4498656300890007 -0.056220746075933886 -0.16779272601486245 0.07129728539593319 -0.07678543585830401 -0.1302733990358009 0.037147828715703726 0.07826932361559784 -0.04306773811742038 -0.24719331264588112 0.10376328886786863 0.12926335617280918 0.0458902237634466 0.07503044693669796 0.02638490286872952 -0.10938406880675783 -0.1850929699633074
-0.04544745310154132 -0.36832735252940696 -0.6515150981809877 0.09835016147284581 0.44594295728085825 -0.06944754002801998 -0.18434023842159647 0.08176938052864309 -0.02424224571401463 -0.13171746592878741 0.03288268648647099 0.06088638212614449 -0.030442443669381498 -0.3041776074818995 0.14060517791443655 0.09572429501038007 0.04534941063012069 0.10495322808754287 0.009317431958842558 -0.08499897951378953 -0.13519049460796834
-0.080192693169002 -0.3323373370520137 -0.6938074062893772 0.08808183588996635 0.42670493650654984 -0.0569454387559366 -0.1714089423139481 0.09204585779355383 -0.04796397229035853 -0.09416436501780423 0.0383003754336394 0.0908158412220162 -0.05778401508130397 -0.29330374841126766 0.11301715816664634 0.11920173351704337 0.01985911841668097 0.05354231134383293 0.013884074554293295 -0.09197472495523076 -0.14723229404394428
-0.06087556634051277 -0.33429260949059175 -0.6753578140722303 0.08679969945492867 0.44260040282084384 -0.06499989024638061 -0.16340167410835227 0.09824996554099555 -0.035375488727087775 -0.13519594039350083 0.049541543361348354 0.08673739878301384 -0.029971785420261476 -0.297303158737513 0.10306263021802484 0.11155520204496669 0.0538745678529414 0.08739299569561387 -0.00395346061411061 -0.09355789800618342 -0.15250317519990003
-0.08378379405701994 -0.3712720169104017 -0.6511132897141961 0.09492420322413879 0.4493183551067379 -0.05728869600700594 -0.15941619495138204 0.09886765594105783 -0.06440031494586526 -0.13949337098984413 0.021348771267899212 0.08851724538629252 -0.012901518176568752 -0.30322319388596675 0.1028919280271887 0.09224682185425934 0.022312552997675046 0.09434358291910995 0.009872873849921077 -0.08754226720414719 -0.14682435826581164
-0.07918707368018979 -0.3625046768944108 -0.6425580436879977 0.06874261584415216 0.46800568898755557 -0.061553296216026676 -0.1938605433470264 0.09785647047652025 -0.05664160228953922 -0.13694833621370003 0.040711211954733775 0.09040827118278562 -0.020112319352931927 -0.2855383252939031 0.089694093003989 0.11233851282251633 0.014856000357137016 0.06816222703213552 -0.006595757518180899 -0.08777170522036162 -0.16651574343433115
-0.06518608427451766 -0.3684226800109807 -0.6609771924409883 0.088077697020809 0.4584031103160778 -0.07056075674719457 -0.17219044534049271 0.0725916793330826 -0.021233906820060156 -0.11649525318505101 0.04397781851901341 0.0727657285955312 -0.05449612014229345 -0.25292484382513253 0.11391188412643181 0.1218732366331764 0.008299367072381306 0.10649867993376343 0.018727213738723724 -0.10668573198370078 -0.16177610630279407
-0.07843102067969702 -0.329552550777382 -0.6720811197385077 0.08275866482225994 0.4593100936869735 -0.07292356956137973 -0.1901358599747129 0.07043569125731859 -0.030735152428498703 -0.15722771865581078 0.06341540641116153 0.05746403457292356 -0.012323847689827262 -0.2699016442912755 0.11767799327799973 0.09995082965611234 0.06393336847270861 0.061770735243042135 0.004035161301088428 -0.09223413657077127 -0.15183154126559173
-0.06873169257889994 -0.3593886007098109 -0.6699054037053292 0.06336339356154251 0.43747263389061025 -0.08484086112288 -0.18567027452490775 0.08506411862521142 -0.03231122275158224 -0.14801296972740804 0.03540253767995404 0.08005596145796962 0.005523903565453679 -0.2736737192982173 0.11031934244507229 0.11128204026164835 0.020904570067598473 0.06760594777886214 -0.005268696363789309 -0.09375895677479083 -0.17063382152285161
-0.05622736614831911 -0.3674723347150968 -0.6579038732699498 0.06743922829477872 0.4465434324139896 -0.05377202376062117 -0.1637161885822368 0.07123410904152751 -0.03963070968947474 -0.1444791864373054 0.04663262275240796 0.09138336465976878 -0.013709793981119276 -0.30147084061300455 0.08283067861250419 0.11024604262023655 0.007210917414770719 0.11012762606875394 -0.0067051865236962905 -0.09658056012832744 -0.1601134350034138
-0.05633726585756588 -0.3661477795542484 -0.6444029085924873 0.08573489868573454 0.4497114040702608 -0.07553294287615167 -0.2106575257879141 0.08461461168997236 -0.02687103844815898 -0.1161729244626166 0.03344870894805993 0.06977260727752753 -0.020830387490276124 -0.2920283083999424 0.09319677729244799 0.11394835527273867 0.06436967603595767 0.07943067483212311 0.003973693733914013 -0.09883942717786261 -0.1812382070428495
-0.06830231928290792 -0.3432306815934311 -0.6773824137895716 0.10232782794797718 0.4607174046887495 -0.08078645536983924 -0.13081573477851993 0.09407360503409529 -0.04144067655921907 -0.1216906887837389 0.03527426124616449 0.08110972001937707 -0.049347509116899654 -0.27089403425212266 0.10771961254647677 0.1032670627707517 0.012916806318399771 0.08437605297149195 0.02258127006020938 -0.10430035694557865 -0.14949911665319146
-0.06615623477016064 -0.3124941769814079 -0.6526783635603558 0.08104175957719352 0.4765004132969647 -0.10300441841378219 -0.20913274346769886 0.08559605610913985 -0.021240214448486356 -0.12196517278356944 -0.002266402870574654 0.08830520260679715 -0.03642942615630302 -0.2852660978656217 0.11468931044483395 0.12118432829112549 0.034821251418108004 0.11300449409198389 -0.006096449271991464 -0.08193944098945742 -0.1492705167692897
-0.08986634691239705 -0.3174282670209744 -0.6731463356657864 0.11786309300276213 0.4439371730868836 -0.07882785033433727 -0.19030121129674732 0.0628444083907141 -0.03169569711419052 -0.13763591522439497 -0.0020686053022643635 0.08014645051256111 -0.016181956595602644 -0.2949955341166551 0.09913495903928289 0.11942155535925944 0.06294643882557997 0.08945927742154826 -0.014473801447699098 -0.06790376647272489 -0.16171743862783725
-0.06550532711307608 -0.36219661296988187 -0.6681225387985434 0.10335854090970123 0.44226998265052275 -0.04862746248994091 -0.18522204608277326 0.10506366252816259 -0.006872435596532866 -0.15315182364237406 0.024289579512374305 0.06451527375451492 -0.035753668786569937 -0.2727057387980745 0.1054554881974718 0.08073780239078858 0.04788288397814488 0.0973192226767131 0.005692584668810925 -0.105160254430491 -0.1405098008058124
-0.06794020346003508 -0.32618693524801123 -0.6734244821898387 0.06716924415241064 0.4298276966083587 -0.06342069440794673 -0.1769287019434106 0.09565437548387966 -0.02360597724434194 -0.12201676654771783 0.04275331148377957 0.08163502994862877 -0.04142229619745436 -0.3065180474160479 0.10818415155825338 0.13360186368452784 0.046569333306110315 0.10646124367249502 -0.012770772560671833 -0.10770584964212503 -0.16528830967463953
-0.06400893713102827 -0.3220344937240486 -0.6665734806021097 0.10249556455049721 0.4591823919613724 -0.07524606190574475 -0.18379006233095196 0.10374194308625709 -0.03929966637421752 -0.1452440408300245 0.055871708582997004 0.06740094721834056 -0.03771342024637544 -0.2881237119760924 0.09697471593528577 0.11974121398528932 0.04184782921578587 0.09098230574147341 -0.004663388604655571 -0.04679306250312948 -0.1599833106034988
-0.050057318596728156 -0.36793162242846644 -0.6668419011522427 0.10394413268722072 0.43803821989267105 -0.07330123606692075 -0.1812452571998217 0.0872998478998656 0.0021960863553322912 -0.1193029492288213 0.051115061571088534 0.05882712628134175 -0.030871975446401485 -0.28700334120652005 0.11488353891152461 0.08340688731813324 0.033725770842043895 0.10413631766082064 0.006082323063263808 -0.08177456250457617 -0.1625429737920265
-0.07024035921621954 -0.3261509606944629 -0.6634029921073209 0.05885915326471107 0.4312101936203459 -0.06513108779150321 -0.18376748434521215 0.09929213275763128 -0.013630253311991435 -0.13696619065772678 0.014295772295215201 0.08846871022489888 -0.024847922793290286 -0.3227655117282828 0.10762463969307029 0.1033285390146431 0.04688738011410403 0.0936074024712029 0.004968858023828429 -0.12347076413456975 -0.1762051874758516
-0.045285120323770994 -0.3100451724131296 -0.668337283895193 0.07362213994236746 0.45504563802083464 -0.05635212767117247 -0.17068194681115664 0.09906023934007692 -0.05893925912193624 -0.139003438862926 0.04866543129707238 0.10259975004718973 -0.03534342558204302 -0.30433142407137537 0.11400880261421174 0.12172005072738999 0.01792792953570332 0.06476419613009231 -0.0013333977830960234 -0.09104380515519693 -0.1742441128280492
-0.052544121849573557 -0.3772248882888547 -0.6563361011313334 0.06301030163427694 0.45114649367566245 -0.06492563985726303 -0.18893269959344108 0.06830548833965655 -0.04258613780973818 -0.14645219204643542 0.025173664594404354 0.060545802828920345 -0.02121519978680248 -0.2693927287165133 0.11384797245949195 0.10867351620841728 0.024088353235635022 0.07932965570852024 0.006934493594950341 -0.09407163867165644 -0.1759467682869977
-0.07902156150488124 -0.3458466208792064 -0.6584332931199349 0.09048313395174128 0.46356680937254824 -0.08658753073447165 -0.19060293909981843 0.10990834068045471 -0.00928904663501692 -0.11939656209393547 0.03314584826879482 0.07766959292372519 -0.024493022088641316 -0.28195599332493215 0.12054537803056777 0.09528090051063447 0.05804708469641161 0.05578926134834332 0.0002056715166972825 -0.10702270036866822 -0.13603537926741102
-0.05552191848649923 -0.3877835823179232 -0.6399812398089585 0.06685376682990239 0.4432107679582936 -0.05720548107673911 -0.20016962459782203 0.07928510138238197 -0.014628634528351406 -0.11656659821889027 0.0581641224778545 0.0637764604351157 -0.03806830582939158 -0.30580263988357426 0.12302085831114265 0.09810522181734366 0.0244679471587316 0.07513193829277172 0.010611980425089469 -0.11222093404085173 -0.1628140363244269
-0.06897400467335567 -0.34253492943330643 -0.6625657314750614 0.07162708528691211 0.45200697871075723 -0.07914527732807444 -0.18922399247342878 0.09684731082912248 -0.06084348139569585 -0.11986243948622916 0.03692149754930256 0.0915007912970084 -0.03570546823849175 -0.2854977845820772 0.11055604322642898 0.10095252849075294 0.023798141670988097 0.0831115595241024 -0.033393135512938425 -0.0859256646589637 -0.1704540097900916
-0.07399874519413031 -0.3640750788662375 -0.6633984849648359 0.08980628743904683 0.4541774648106843 -0.08521628968724963 -0.19320447966321463 0.10356914997525703 -0.03566963403022756 -0.1461249364677723 0.026286903092032035 0.06726640394684508 -0.003960327598556817 -0.2643623339458464 0.07258731533947292 0.08739608291310762 0.04199237247313867 0.08867310594050144 -0.001959459796250742 -0.0533422115345017 -0.17056100498360333
-0.09952650315174262 -0.3410700311464014 -0.6563894606167738 0.07374384501718823 0.42986383292991 -0.07901060323832981 -0.20473057166298259 0.11647846463942763 -0.035041547579085716 -0.15021393820812715 0.030989663020947168 0.0920573030354953 -0.03861134116591361 -0.28224749396353827 0.11352137897260613 0.11581183619813594 0.023977003740492733 0.09901536074635889 0.009651090507455284 -0.07977757348444103 -0.18290829739252773
-0.09779530121089973 -0.3825434974574659 -0.6700007554381477 0.0931874491639759 0.42518934390388613 -0.057182258460731224 -0.15872388039597743 0.09601994486196799 -0.03770855796615362 -0.11627913692778276 0.0394444942860027 0.07275101284219822 -0.043353387316418385 -0.2828875972805648 0.09432739574671838 0.0763151672980924 0.0824515824316813 0.09896228621499896 0.013501443624714872 -0.09768390157879153 -0.15267153095680824
-0.03528577024036154 -0.3787810738213329 -0.6721924655444235 0.04946126942754313 0.45158290801374884 -0.05916186701446199 -0.15604398659688315 0.08583710793760428 -0.026857134762469197 -0.13901411748274836 0.005796782205560371 0.07064820555008401 -0.01752600141731361 -0.25853919106776196 0.10456335823622868 0.09722512618907846 0.027638611854219147 0.10811748778855887 0.009669178706878537 -0.09126938010158359 -0.16840999492919423
-0.049571821594398005 -0.3427560095108128 -0.6654963936616463 0.09197356548270068 0.4542690891129667 -0.0633645136535532 -0.17937175809939895 0.08903799529588483 -0.03570820070116494 -0.13298132152487058 0.03178503286795354 0.06030256184060658 -0.04265799184017864 -0.2945203908633952 0.08501268197756369 0.1208933612603493 0.04345906541007791 0.07171384693410071 0.0012390053125013812 -0.09044905934602339 -0.1703368790772965
-0.05191448043468221 -0.35735042715008597 -0.6841924369590718 0.10362825731204077 0.43841609808241316 -0.05251413925537862 -0.18849304706381945 0.0723373047918392 -0.03105632709344847 -0.1317589238634953 0.00285394664336517 0.07703815045599464 -0.015879146965244645 -0.2717302460680861 0.10199316083145944 0.0947153145584869 0.030412617746194158 0.07989373258408619 0.003561177050215422 -0.09238487531517768 -0.14639721442109904
-0.07973717024563208 -0.354423197928139 -0.6515229531973261 0.0880808645115634 0.4741328216031463 -0.06566860262134261 -0.18356436639314483 0.08057575055809425 -0.04246212758206779 -0.10696900330757503 0.033778578944091926 0.08401694543923147 -0.030061663638352935 -0.2753728256288159 0.113436311687913 0.13458648130067197 -0.0031822605338250563 0.0787979688943782 -0.016228456167099115 -0.07732179247110688 -0.15767509040598673
-0.04632495182158327 -0.34882557154628485 -0.6684216267245183 0.10230885734687936 0.44371057900077554 -0.029921814787945387 -0.2158695633921275 0.07425394427632721 -0.025245303615629898 -0.14392526081423643 0.03556626891145072 0.08625205226391823 -0.031699911859962675 -0.2640938585912532 0.10311696542636974 0.11964758307228222 0.020561305009042113 0.0997063244593053 -0.013742522149658489 -0.08680351015759023 -0.15871145689691873
-0.08279584919910142 -0.3586319261510534 -0.6462286175371279 0.09852551157203407 0.4754966065604626 -0.05613364961153866 -0.17235443031546124 0.07390130854461746 -0.028322968476856 -0.1276352241646364 0.04546645895365067 0.06435860384312139 -0.02854309422663363 -0.291784906553311 0.10212710872482733 0.12114194886834101 0.047909361586684185 0.06043166111927301 0.009457541525370074 -0.07335089193825163 -0.16436576586382456
-0.06852326107024077 -0.3155276896496072 -0.6624240009815283 0.08148280429300445 0.45001115395666974 -0.08287765749538963 -0.17258874583000539 0.09563547365850275 -0.02239470013416183 -0.14850206276349087 0.039823352772538276 0.0826201315357144 -0.0051816566104140906 -0.3103291638279458 0.12007964477429989 0.12233049039421628 0.057378048295473154 0.060911930044993984 -0.025079926869106196 -0.07207385924750567 -0.1802294195050727
-0.07786701623287352 -0.3481530744249407 -0.6778488991289787 0.06453950947318345 0.4427379480788215 -0.07270030906817909 -0.18374713531435713 0.05776106544783187 -0.01686591890067215 -0.15568806183104827 0.018691861340885636 0.06781910295861504 -0.01602009449480547 -0.2853681033328045 0.08348950045356003 0.12829718871550866 0.037866587701838456 0.061328120245239245 0.0129779022885468 -0.06787748225457546 -0.16160137215140916
-0.037617992795252 -0.35272702518617444 -0.671411148432696 0.10548429537035069 0.43745301451438684 -0.08449688386492078 -0.15687623847990667 0.08116007543649043 -0.011846522709167166 -0.13312522519268888 0.02346545764903367 0.09365868710320599 -0.05160328392845734 -0.27629526345657507 0.12145947252218461 0.1301824366815273 0.00688222454831812 0.09384345387469709 -0.030695245766238957 -0.09355129679794774 -0.16159085128741657
-0.03726642858146396 -0.3216586973510237 -0.697511789029931 0.07505853554225142 0.4406962331473149 -0.06677060310514048 -0.1907941437852387 0.06254252774955911 -0.015338864835281265 -0.10354510922925254 0.05251559075962413 0.07583030328263256 -0.028468681370491765 -0.28106727201069565 0.12534047722069305 0.11639521922858122 0.0028456531069207852 0.06132758845754271 -0.021459359677064378 -0.07461430664637969 -0.16023619404665168
-0.07245960730661372 -0.3637356081696485 -0.6605137881713321 0.10061162744337274 0.4530721473598984 -0.10340171973031138 -0.1854357731009158 0.09320999413558309 -0.016284181648276053 -0.15981689721043998 0.018479046996253187 0.07692467292289584 -0.017125817683160346 -0.25261218901142785 0.10197964024722075 0.11454683825155952 0.042905480758897524 0.0895244683828223 -0.005202888650463022 -0.07840410814258893 -0.14588254155695743
-0.07480637135291231 -0.34401317826992733 -0.6531433511994814 0.11299090950854454 0.4408687950699235 -0.05349904623539829 -0.19460829646690803 0.08456906590796083 -0.018434268027624188 -0.12353133914851104 0.029660650405814212 0.08427450345158329 -0.06288309054038663 -0.3117056763299197 0.12549251680928614 0.13691737066641013 0.014869152013707377 0.09344763013141345 -3.293600429764165e-05 -0.08266000540733953 -0.13952261436085917
-0.08063456798466094 -0.3565207542697148 -0.6383007150465997 0.0934234716958504 0.4655313656974139 -0.06482424651924883 -0.17921102558361118 0.09393754722386065 -0.045781005733090394 -0.14762676372745842 0.03176454023709072 0.08782265164776376 -0.02473050834375308 -0.2923841093633624 0.1017637730099835 0.11145640478053702 0.037969229794005965 0.0919734083395177 -0.03048486492707542 -0.07850558024034178 -0.1728864655617048
-0.06677554256989339 -0.3609919551406134 -0.6699997889110099 0.1031066098469997 0.4477603245801502 -0.06651757688942281 -0.1630415069895265 0.08686356856671394 -0.040908488146370686 -0.11200721481223705 0.030064130330931676 0.0808138239819545 -0.03975093592536576 -0.2933259670894798 0.08912554539366499 0.1182946901172092 0.032637025050902 0.07367631178274107 -0.0038252616706202997 -0.0839450513505845 -0.14794443071669494
-0.058335529096090986 -0.33776595170414675 -0.6748685809808782 0.11019300756557879 0.45262634061550755 -0.06597486985041087 -0.18728058270593842 0.09093051081677858 -0.06506361716540657 -0.15307549093200695 0.013544793028380558 0.08102672698124537 -0.033462491716775025 -0.24852775548398554 0.11101645624197182 0.10691547807450084 0.05440939926105496 0.0722195930965331 -0.018052471681459382 -0.0956941319352849 -0.15375475793639537
-0.06943369321836963 -0.32926642435993464 -0.6913127949540301 0.055344044180662064 0.4417163210462601 -0.07112219455166162 -0.1477507171819631 0.04517985730385517 -0.02360326770322606 -0.12703598448141698 0.015808976974559786 0.08021783160832656 -0.03160683701706969 -0.2947557783036672 0.10375328329512117 0.11488817127742798 0.05185913903049195 0.10938850408675761 0.004239883712433339 -0.08894329536150959 -0.15470906080975297
-0.042586794512452265 -0.35184012210422727 -0.6711218495411679 0.08737701569247515 0.4429560854735725 -0.03984393915859542 -0.1605864650895588 0.07923172164456398 -0.027001206441137345 -0.11127576327660937 0.018552337931858464 0.08149654895917713 -0.04765134659838277 -0.30520187655540404 0.09169834091643231 0.12427451843391761 0.034625153764925684 0.08369934854370994 0.027992946101299807 -0.12759471183840887 -0.14783432928652288
-0.036780285537056014 -0.3489477820271313 -0.6887629025585417 0.0685546757936513 0.435617084436803 -0.018017499377249162 -0.17860677646810158 0.09816883452951437 -0.026671474443634782 -0.14945794086172706 0.017611298068396668 0.08611046101302434 -0.0006002153418202994 -0.27550623129827945 0.08260182451524516 0.0929373350056971 0.05527178707892855 0.0848965332630016 -0.009670047244887759 -0.12206595476699952 -0.1370019562305826
-0.05536082859167848 -0.33851332613502266 -0.667103837836366 0.09362500135010161 0.43908123296928825 -0.05896826137307858 -0.1857892492390535 0.08245374756824297 -0.00938947487587824 -0.14591299424277498 0.05600048362404673 0.05918621309497081 -0.007317735365158067 -0.29813110818043054 0.08338769707729758 0.12756865138251536 0.078266061566414 0.08627604980635635 0.006100310238461578 -0.06651948138453204 -0.18097760777410424
-0.04870898772741419 -0.3654377351604291 -0.6663562277621817 0.07615252448825857 0.43267845302742036 -0.04366835004737524 -0.14905299768542224 0.07848580555978381 -0.033987599238351276 -0.15737484925905687 0.043945584181795845 0.06936628181445942 -0.024924950141017463 -0.2944410661322282 0.12132428115889318 0.13351088405938893 0.07561572712075511 0.06860562207840826 -0.009650292390251287 -0.0864728214484082 -0.1619781055529988
-0.05823577172198083 -0.3491284191809573 -0.6651686372348676 0.09203512742438988 0.4392606693849615 -0.05929771850856676 -0.18671209842064196 0.0791358439223813 -0.0012679516033817831 -0.13254211659539183 0.027221916526261325 0.07234851428655181 -0.04576987192819436 -0.29918867936887156 0.09875783441678376 0.13700225499179403 0.04152990308431165 0.091761322021326 0.015662359026260255 -0.05888823995153426 -0.16933479803708948
-0.07688271694834119 -0.3357429909916772 -0.655248039448444 0.0934085718943376 0.47650310409854796 -0.06133346869678899 -0.16813105948693616 0.06202253323332196 -0.038568469535753276 -0.13924595907121892 0.025716969254485002 0.06599933203077779 -0.0322594671822997 -0.2935365736603049 0.11418680790496528 0.10794945697246919 0.040864261833555744 0.07243135711796081 -0.00012733590221613106 -0.09343641359388588 -0.16407856043713073
-0.06362023899092997 -0.3773615340958866 -0.645719485014853 0.10529672882172605 0.4579601243910988 -0.06399846380901869 -0.19887594923196045 0.09320365372311892 -0.02403111839046912 -0.10641270292218193 0.022826017425222632 0.07083571598717295 -0.06945159939363324 -0.28285860387565154 0.10469984398963496 0.10722809641661322 0.036945462898825145 0.08954316940686256 0.0464299150800592 -0.07108831038119787 -0.14873899531935741
-0.0848081303641327 -0.38344502013662857 -0.6442976055961883 0.08266282280976603 0.4375141671912021 -0.0778896255672749 -0.1820783692550302 0.07724058719797175 -0.020084549948293205 -0.0998755211778085 0.0353887918664363 0.08870578256473163 -0.05529229733303656 -0.29814254606949236 0.10620178081980397 0.15273071045454673 0.026358899603928055 0.04765572362044151 -0.005187650898050463 -0.10111605968620907 -0.16718954912085018
-0.073827040263363 -0.36100305832392354 -0.6770259947570139 0.0814005668433186 0.4439237179441449 -0.046496254895274015 -0.1736949933043579 0.0955569369088413 -0.02222353739150657 -0.11652351429654748 0.021175685751389877 0.07578674945664711 -0.0316001803660835 -0.28161319714360217 0.07635883909071861 0.09416673520665768 0.05715272965763995 0.08647729468792602 0.0010683908919215833 -0.09661963179805526 -0.1592398941313617
-0.07110444486053961 -0.35085700221883653 -0.6632154317114466 0.07547514610896999 0.46288088159432905 -0.05058917342808917 -0.1700730179027429 0.07475541962950791 -0.03874555470124848 -0.10450654753397245 0.02108135285436601 0.08954246245596724 -0.04947477589898748 -0.2992070049275574 0.09938119481493923 0.12458631889923882 0.040172174695783935 0.0909376407054826 -0.01487624349290842 -0.0756223743755724 -0.1445045377829636
-0.055394455656463594 -0.3247872257356713 -0.659329005696491 0.0886543834747381 0.4683963132390911 -0.0374665728159066 -0.20835446659684412 0.0733319493412642 -0.0075020206138057 -0.13856926695807778 0.03200716584986186 0.06972415929885309 -0.045819090337958134 -0.298011605543742 0.08495660739086934 0.10399010665399608 0.017850708595147157 0.08403704439528742 0.01297482059719476 -0.07886778040525141 -0.1772780526250619
-0.07898433781861963 -0.3853747707228735 -0.6647989932857763 0.08740861672017693 0.43336216744534073 -0.07563873897792449 -0.1828243308019844 0.09994898494810579 -0.03004063210629595 -0.1100267790622683 0.028539976222591527 0.08050974287391127 -0.04606694417829882 -0.26822804038739356 0.10975602746686042 0.1048616482353055 0.013457949600507625 0.10247864348826759 0.02176178126263018 -0.08664677844491792 -0.15043791280373608
-0.05889661323948997 -0.32796850044191395 -0.6889008256090959 0.07554278137672518 0.43636279856121385 -0.0784012531994119 -0.16896999274221314 0.07168829694327712 -0.03371930153890374 -0.1291995089354315 0.04027832115285033 0.08806787667281409 -0.03183451278287959 -0.2763030854544761 0.12100940796016199 0.11155582452744427 0.02297522398255858 0.07175912468620055 -0.0025812496973393537 -0.06329362386443411 -0.19257436595540897
-0.05846205433987575 -0.3617736979936694 -0.6766031925280022 0.09067982104182182 0.43229336282990166 -0.09823193776042645 -0.18502479882811723 0.06857397960039077 -0.038116417831670725 -0.12790671307237622 0.00021006868759223317 0.07506837970885026 -0.02173926543949437 -0.27027666926525823 0.1074526203814528 0.08884813262773085 0.06309336777256719 0.08305924964363212 0.002390845241668579 -0.0580513735641811 -0.18318821798111715
-0.06593033185335904 -0.34362680829646625 -0.6572699984815261 0.11227605130521964 0.4473720846759262 -0.09952752761656036 -0.20557588990121428 0.0692544260080238 -0.029394795746273742 -0.1423283082760031 0.04261306001535051 0.09090432962398397 -0.017445017252444753 -0.2871557227416451 0.11383711483328447 0.11133987764121218 0.03945859971273736 0.05815977395636223 -0.03029370141427712 -0.08352725241916298 -0.15396686530249148
-0.07653550248799462 -0.3398915891397138 -0.6762244972556838 0.0977549446385038 0.44226292716081866 -0.06867752792353078 -0.16640165813173 0.10431415115816353 -0.024334423875789567 -0.1356282798889227 0.053809373433189 0.07622397779596932 -0.06738860623672378 -0.2796536024180943 0.1320357065162674 0.11169917956901333 0.009252468310743384 0.05809677956474334 0.015439075622984806 -0.08028551444610743 -0.149670184563035
-0.053022427859201485 -0.3461179087755235 -0.6669200616740983 0.10104897034861444 0.4560519034414012 -0.04922642692615344 -0.18281222420971743 0.10276673717801414 -0.054383561177631864 -0.12132405885218649 0.046072403087390405 0.0737626195930687 -0.025362787170020593 -0.2748866275365795 0.11309589622492738 0.12474598556324265 0.04415115473045691 0.07314286257520256 0.001052770199158882 -0.07990036374127588 -0.15660977210304824
-0.09484191973320148 -0.3503864672333981 -0.6574935761599239 0.08654486911433638 0.4616595238677906 -0.04342665434256458 -0.18513072830390767 0.08154482918056993 -0.03235569646142771 -0.12984724777053866 0.0026293333080605118 0.08574427459608297 -0.012039081526001038 -0.2946862230250696 0.10487639571907934 0.1142841547463396 0.03741595615600903 0.09894969980424587 0.0020350265772047693 -0.08169701874552508 -0.13537950693392198
-0.06680185811860316 -0.3463046532108087 -0.6706210025033169 0.0971396998259878 0.448911725701071 -0.05883445695469051 -0.1869698816526184 0.07815508726236413 -0.06000934162764822 -0.11445340548165397 0.026267146931023905 0.10627532196892041 0.0076492887765935635 -0.2742602420310213 0.10928146213940047 0.1017040135478189 0.04442514168778138 0.06144017959131454 -0.01419376015483733 -0.08779834843660031 -0.17460187667218816
-0.07173792787132512 -0.3782424584220475 -0.6659429537620215 0.08578285541551202 0.4513724433544147 -0.04843651318402987 -0.17332837658459593 0.07058783346248206 0.0026350005243369608 -0.12278281391787638 0.054479747748882056 0.05206893560787008 -0.039229079033292896 -0.2731401941118449 0.08619648763288297 0.11922905616965464 0.03102401595849401 0.08217600855243301 0.023200149154056073 -0.08570250565396366 -0.1602773504881057
-0.05218865026132215 -0.3996340153245156 -0.6476319252899831 0.0807976310844935 0.45065360991555303 -0.04357678965848404 -0.18704060615915155 0.06357714806046884 -0.06695853273340208 -0.1253757118231455 0.02669072484902653 0.0805294300542039 -0.028269037671863506 -0.2733065138355683 0.10215105558448126 0.10060681799885358 0.059373659884305846 0.0740275675217241 0.010914459508649681 -0.0892521997476586 -0.1644911121433848
-0.07543960992437224 -0.3647145070171157 -0.6592127513113702 0.08260102494913807 0.4530669598771273 -0.06087517130004983 -0.1533760239070279 0.07313118578054571 -0.022491627134916068 -0.1645816525782274 0.05050666324019482 0.0708319467051543 -0.02689393030344461 -0.2789705322197826 0.0799546267459704 0.10334978437180156 0.06541206885343756 0.09701260440197085 -0.018845396640335424 -0.1076111218544736 -0.16016132961863278
-0.03952998589283878 -0.3653470000527839 -0.6728528769164048 0.0984171146410318 0.4316593143984403 -0.08125676763288626 -0.18195277466056226 0.061677046125441407 -0.057234868803454186 -0.13590271694103004 0.01215225345622647 0.07892992554143315 -0.04139195607163472 -0.2868933274387772 0.12555653805203243 0.11000005865203072 0.04612857215079695 0.10233863449731324 -0.00833615689488068 -0.07259401655433637 -0.12144869490131815
-0.03362286682536321 -0.35028351937608265 -0.6635638410515858 0.09292135308703187 0.44490156587618424 -0.06608886971945162 -0.19870665023590592 0.07467835589042068 -0.05440448232809008 -0.10637449488902792 0.001764843501111879 0.1048759056058837 -0.05087841049573342 -0.2907384314035066 0.09022532788139993 0.13548938363802937 0.04207116191403812 0.08624274342924655 -0.017543697771081296 -0.10115645997795081 -0.14564405874667885
-0.03683799324564582 -0.37150409465067025 -0.6634722251045877 0.10658719475783227 0.4593492924215953 -0.05352630581639407 -0.16119486103775088 0.073654825841273 -0.03201487558018569 -0.1259907482268688 0.030388538412470224 0.08313887039582686 -0.03182686831266667 -0.2857695755184409 0.08739295374494546 0.11337812600381536 0.037771449534454944 0.07357904075247694 0.008482735774268209 -0.08608425866093793 -0.14686488435112852
-0.00012762003788048984 0.001381467065822245 -0.01938897592803086 0.04364521151933529 -0.029725785748656607 -0.00022314450223210255 -0.0021906042622583254 0.07765902086200625 -0.26912479089603436 0.23986398205445433 0.0025760084113867457 -0.08346822331170313 0.5103673414145861 -0.582525467205791 -0.00954514296679583 -0.3113143382866158 0.3124668781854725 0.01466362076301444 0.2431960947019505 -0.004934832802561162 -0.004862716186286628
-0.0009087360055018284 -0.009743267064822016 -0.00134396135216479 0.03751495981636486 0.032589218435096386 0.0005117458142963403 -0.00975276272356088 -0.05780965826556161 0.15661376636538007 0.2968298092379188 0.004328985973749492 0.0016659672485527298 0.06621956165970802 0.781180392192044 0.01698231394494562 0.08297467217075023 0.5063841668257001 0.02670519536302454 -0.047239282951359124 0.012889968394822343 -0.0012352116091526434
-0.012072521011761416 -0.29334721040277023 -0.5374830760415255 -0.30390990373102617 -0.05474598236867873 -0.003085759845992726 -0.036449271202888635 0.41401076467713577 0.23069090905794298 -0.05985617883816222 -0.010900085432247724 0.12889610405437915 0.3976207324709809 0.3396885570896128 0.018262071986249583 0.06673052700500622 0.007686851569868379 0.0619194999929131 -0.017918687509804423 -0.026674342233572262 -0.00868666687366802
-0.04096697510760664 -0.1025160824245268 0.17324687016818785 0.24879416933544587 -0.4040211664976626 0.1330698046498964 0.015073476481959258 0.24516916294689212 0.22917422225746728 -0.6238088774050715 0.23866566808136513 0.092186883500888 0.24442273185434113 -0.21405308045134885 -0.03974820526561066 0.03926986264154165 -0.07272576244136472 -0.1704329330967616 -0.013101226542343703 -0.06530654714892717 -0.007002376223881865
0.07670227629307894 0.2535083312027899 0.164779199053625 -0.19971995083323776 -0.21867325629817064 -0.024071611635227575 0.2392494602765597 0.4424861161513002 -0.20989948664323496 -0.586468101091812 -0.11569974214980538 0.08160658943525828 -0.04096905056212997 -0.3340596026284831 -0.16789985517322623 -0.008981345736373093 -0.08091382587070342 -0.07120647277941727 -0.006380690528321117 -0.011221186855063793 -0.0005501281873879574
0.0003012982244690733 0.0017113832927769634 -0.019170117409836644 0.04336286619350707 -0.029966207245435503 -0.0001767443959395065 -0.0021005562415456302 0.07754951237722416 -0.2695006541981257 0.23992898445904454 0.0025773167173788244 -0.0829069414012375 0.5105344254260248 -0.582015077530025 -0.00977600170473111 -0.3113309909704451 0.31267889677788163 0.014301843987064905 0.24358263222590537 -0.004349992957175417 -0.004745371460158937
-0.04430873095037743 -0.33224443469356696 -0.6831942069737473 0.0913570519029791 0.4364118167860769 -0.06491710734052478 -0.1426450788021953 0.09784115950780668 -0.03601050256686374 -0.16608946678309963 -0.00039601644693003975 0.09403035869511474 -0.008573928950385798 -0.2691282855179436 0.10060893798824441 0.09807081790458338 0.031285166714476176 0.09762547147998911 -0.00871505749472708 -0.12039546281010025 -0.18141522650331018
-0.06794424579537466 -0.32674402556289717 -0.6691166270323726 0.09409817380561042 0.4733791349475724 -0.09214216167412533 -0.17566311393251186 0.08135059985235944 -0.030854553787230232 -0.10175196647710792 0.014487541218628273 0.07519941595299347 -0.0430532880174663 -0.2823735260792429 0.12814373421601283 0.09413549318588343 0.04064234345351499 0.07573221111348871 -0.031544035022923224 -0.08163047914760961 -0.1513612348416244
-0.06289141888447788 -0.37552399440584433 -0.6648919014061242 0.07520176724411637 0.4356150995507379 -0.07858525586181812 -0.16823056655454968 0.08779388351414907 -0.013659143177028201 -0.130756841296718 0.018658675130614207 0.08168887042484611 -0.013957504568808947 -0.2930240780846049 0.1105575586927912 0.10470121909607594 0.06758759990573623 0.06429609904532795 0.02104806321554675 -0.09625358313312987 -0.15292539938062957
-0.03800599874647609 -0.3728978683449934 -0.6563477691883005 0.07475698483166568 0.4329068562248464 -0.05068976146136059 -0.19687591176847508 0.08684325326966622 -0.018988023104976052 -0.15512588330685328 0.03931681900841703 0.09100390094486441 -0.038505544260510435 -0.28117826523449374 0.10873136529194387 0.12075571727589025 0.01716061947782187 0.10900133634142004 -0.027052939262922265 -0.09161317227408089 -0.15601596961673855
-0.0739774130248403 -0.324998709806287 -0.6749463615725981 0.0786221892984171 0.45597906405826993 -0.047481090865983164 -0.19963767778763816 0.06254088962967132 0.006342365679042493 -0.11816865854426711 0.0209789208014564 0.07111362775965005 -0.025352749237604093 -0.28123363839483634 0.09010490591505968 0.12398067369732059 0.060573360517485964 0.09007872694255248 0.04161979517705297 -0.08862398364645047 -0.17068961574779853
-0.07886885851468751 -0.3304548577220666 -0.6692483257920439 0.07541511864242356 0.46020660096135624 -0.058916559118170626 -0.156730987180229 0.08237919198803159 0.007630145747405294 -0.13484234000480083 0.03788931425691108 0.06730609788739189 -0.047393456614571006 -0.3030338852037911 0.11223080603485881 0.11216851474748343 0.0486418007630843 0.07336467064713473 -0.026178824063953523 -0.11397345038190157 -0.1396533167530712
-0.06349590130383266 -0.3634555269834862 -0.6664611860430787 0.0919935828324134 0.45758117480205845 -0.07597525083182678 -0.1869837264678289 0.10865881538688427 -0.039377294066711144 -0.12801969821046222 0.021360329667761725 0.05959153678033651 -0.025439262659202128 -0.24040574997016198 0.10295613710344252 0.12492767019286674 0.008372827808364493 0.0970385730601069 0.010865681007376034 -0.11467274539249131 -0.14128731990820614
-0.09509295929463228 -0.33494231494357485 -0.6697976949617707 0.0867496938210196 0.43705748858794036 -0.06996271564066493 -0.16832823848760908 0.04931546652028393 -0.03164375226936995 -0.1524398176400659 0.0177302204079041 0.08097327214696116 -0.03780454460597268 -0.2690599491859658 0.09874569362703507 0.12989179434875367 0.0544344056679079 0.08580723217043368 -0.018280703513558098 -0.1007075751635608 -0.20875488035638942
-0.03413514268296621 -0.3586682834613317 -0.6650018171906812 0.09432203985314776 0.4644434890623178 -0.04904677590764569 -0.17810618802455944 0.08674680076688633 -0.019668099425383223 -0.1462264985914626 0.00756627655761651 0.09114070223869869 -0.05283054567087636 -0.2625803845369004 0.07409992870270914 0.133893666078819 0.02548725123820534 0.08720535255369277 0.00442477658137559 -0.08254008326021949 -0.14604818789213017
-0.06875632250396382 -0.35539539913722284 -0.6838633905747202 0.10559276297531149 0.4129311128524759 -0.0792039960930224 -0.1482131311068149 0.10007493608466396 -0.04687659684079511 -0.12873267827885398 0.06715397712858918 0.0920502234368127 -0.042631649249733575 -0.28956287717733414 0.09314970754077784 0.13772472025948174 0.0067190196887113255 0.09521639055789727 0.004305164535354547 -0.07754155050834981 -0.14552035266653748
-0.06571124060526157 -0.36304193788914874 -0.6680161467626807 0.06556944377897225 0.4480618206821035 -0.03083020990493776 -0.18107125325106 0.10543093907670574 -0.03137163815843373 -0.11191574168326586 0.03175950936347027 0.0704158842440507 -0.07024381879079745 -0.2705285390640681 0.09100346984618948 0.11847592762027936 0.061611705235552566 0.06713472345179126 -0.0034729456943043795 -0.10882886588284466 -0.16628886594167666
-0.06474448119412765 -0.3267290304514681 -0.681103127392091 0.07203590346918119 0.4569810820542133 -0.09456478979148555 -0.1731390350100395 0.09025162167234035 -0.045200710753552094 -0.13033723654043694 0.037579778112996294 0.09115160796868088 -0.017265706156043868 -0.26627530177823916 0.1194979608982244 0.10849780814595911 0.004062640938993837 0.07892827867731532 0.0003822591881188895 -0.08147421845314283 -0.15868414023588961
