-0.10174588311852413 -0.38015747240749714 -0.4211188328744515 0.16475298505015823 0.5244525538272284 0.18053531118865213 0.08201271541691489 -0.013467983488717184 -0.2237252245518799 -0.18190409960634113 -0.14633621245685227 0.126025971607724 -0.17616738396652895 -0.3007823827638548 -0.01147514936814624 0.23631131686106996 -0.026425097593574615 0.04140944250709594 0.1599811651500793 -0.012882999183753359 0.0009554415533041662
-0.10028164265934883 -0.3827670262168789 -0.4311251710425538 0.16923285502308838 0.5129926031910235 0.17620947906511672 0.07779014928695557 -0.03208507629100285 -0.22058033187476922 -0.19455594695084977 -0.1396453776898113 0.1280114039900339 -0.1808559741047601 -0.3004778886031091 -0.01603793547019752 0.2278064894491468 -0.02294483979932232 0.043449265672543064 0.16586397646344794 -0.012753924709805015 0.0004895353146271616
-0.09116658649636526 -0.3799909228657878 -0.4346272757503915 0.18383926260407135 0.5126328301009627 0.16662591065595722 0.08140196020550498 -0.03783463148080214 -0.24404820789364245 -0.15922364260574565 -0.13365429140735563 0.11704526059988693 -0.1955799268527068 -0.3090261925238537 -0.022379260528547062 0.2199510222284571 -0.03766926035030881 0.03719080788006459 0.15474860406353344 0.003978186230432333 -0.01075333316057606
0.009657297570409428 0.0035439118605708024 -0.09814696444796502 -0.10409541781370324 0.0412583748897015 0.04543291326435038 -0.10163160338049079 0.16508736163189563 0.3278062548171055 -0.2564305485619802 -0.12228996598500948 0.31050964717782065 -0.6122990259448162 0.2062258686484529 0.002992193375881099 -0.32510697793101306 0.33737399065719414 0.08544806273977708 0.07549391917204014 0.05771976171900214 0.013979912352123185
-0.1771391003640503 -0.29051490542472475 -0.3966430058064185 0.09568121209929223 0.48890619787095774 0.17759473201327458 0.07738876621939336 -0.1470991650724521 -0.2106285227774747 -0.19603850673945486 -0.13042688303474384 0.09163515083286575 -0.12912177832046232 -0.3778602094489122 -0.01210907480720276 0.26636802858783093 -0.051588143212381206 0.0018599046913498139 0.2755105388385768 -0.03251371035178611 0.03413136919450997
-0.03838316451512497 -0.0209983222982259 0.1273270608719376 -0.21545085127073058 0.03815331928154176 0.1389335542698232 0.10688230398121146 0.1573933641575711 -0.40595172343475483 -0.07447592052761631 0.42362167703916587 -0.3088077347897737 -0.4259268661756259 0.15408117166818266 0.09781561045610214 0.33842374607284254 0.17767990321735466 -0.20596056795133338 -0.059282936728489125 0.1518414068737734 -0.059375323018073765
-0.09709359671426178 -0.3916182109642944 -0.4427683543152014 0.18486478321835226 0.5132736090802834 0.16517454533264436 0.06973006289141939 -0.028740661580436894 -0.20661775771356625 -0.1653380432380267 -0.141724281942789 0.12193625036037965 -0.18587849715548355 -0.2957415747947096 -0.021362606326551337 0.23630459987708136 -0.03022567749567743 0.044946886169299344 0.1556929024438084 0.0012474136413753618 -0.010045589168915316
-0.10388709957182408 -0.37735041649929135 -0.4454809601645113 0.17576541191241737 0.512907712166423 0.15773201328225592 0.06252954416127454 -0.016818225816932948 -0.22066399011744073 -0.15776297286287705 -0.1378135386745321 0.13307778293048328 -0.1620569844071362 -0.32311172319953163 -0.02337202570161011 0.24130538965350856 -0.03350263267577991 0.05277820890559795 0.14698103686540778 -0.004174543683403214 -0.008356424320370974
-0.0988612359871657 -0.40154121607345683 -0.41903713519074304 0.16487633549624767 0.5132446200994298 0.17857938088188413 0.07690524424879658 -0.029500672586031944 -0.23638108893556484 -0.1749636545064023 -0.14388839270813805 0.12334208495176169 -0.1660493980475722 -0.3042378409943481 -0.013147161148831818 0.2337279914863629 -0.022053618808501867 0.028907257248405083 0.15945318670071731 -0.001637123420898234 -0.005414938780194402
-0.09102378975080758 -0.3933418015789255 -0.4365304904097184 0.16655873711591396 0.5084260650534469 0.1708487087509373 0.05799842938936983 -0.01681614365079284 -0.23176304812670256 -0.16803860861905343 -0.14081431477242265 0.1384844430168542 -0.1743957310311087 -0.30675355362858686 -0.01820077094139403 0.23249873804096072 -0.027593096857851277 0.03561411235518037 0.15951341037404343 -0.003017350861308678 -0.004863268740202899
-0.10398579644076883 -0.3858661369440618 -0.42180821353318426 0.18130340881756038 0.5161305982972078 0.1764542374743144 0.07601608764840953 -0.020272126188682245 -0.21969362437754383 -0.1654520376957035 -0.138152739634894 0.14339017345078253 -0.17519675298305135 -0.3087515616205671 -0.02871096741349963 0.233727597638204 -0.03187698136277342 0.0461204358779239 0.16069187129194906 -0.0013159337569960963 -0.007557468370411016
-0.10037396414155916 -0.3848305490927059 -0.4435046405032008 0.1607645179228778 0.5155811752974474 0.17441134866075125 0.06471259854375731 -0.03580914914877473 -0.2052495538065751 -0.16135843414644183 -0.14935036150827583 0.13311427638129217 -0.18032709174102693 -0.31471212100765245 -0.010881992181219113 0.2260993252762652 -0.02100473522025103 0.04306675144641616 0.155666375275792 -0.0026058554186824774 -0.00714952507456068
-0.09252030306297171 -0.3716148063717508 -0.42918582003452727 0.16927154133900837 0.519118283513351 0.17623109644310858 0.08169846667777728 -0.007477792928299455 -0.23164248542278315 -0.17478958316089147 -0.1422759150053262 0.14237255693761838 -0.17897583520380533 -0.3005698474165698 -0.018991725576464315 0.24201301179289292 -0.029787299177858904 0.0376973284470335 0.15747090915333392 -0.00886075990465608 -0.0024081466157899172
-0.09372281506112383 -0.3693463623420324 -0.4199575679581433 0.1869027759679732 0.5164474407487847 0.1691201629103421 0.0835936300084974 -0.0021323791610804517 -0.22320001165239742 -0.18734286573364556 -0.15276298383213238 0.14804541935641288 -0.17846775262587541 -0.316158720542357 -0.008286346987824777 0.2333103147565181 -0.02272513183969548 0.037391288239835084 0.1508066464226414 -0.0008625003613528288 -0.007302128701958735
-0.08773018868482725 -0.3853682352172095 -0.4308510173066438 0.15411475823439202 0.51622071227826 0.178633645391871 0.08613471308985408 -0.025641687389704324 -0.22948406374123761 -0.1716726942342153 -0.15456658268175297 0.14062632131142472 -0.17569822583755318 -0.2966580229855553 -0.00386616196840459 0.2337680357896441 -0.05330981996834609 0.03689135057709618 0.1560191835820116 0.0010321911989610946 -0.007416242055590673
-0.07254041309182324 -0.37994514706009735 -0.42314371596022887 0.16747994174487335 0.5262949292365974 0.18158074503602734 0.0779132555304764 -0.035751097721314684 -0.23165815135982168 -0.14961166702900713 -0.13886441012869033 0.13840872279450356 -0.16679165995786882 -0.30975090058024446 -0.006892007744111104 0.24219306311863692 -0.03568765385672312 0.03322287706996333 0.163098462490808 -0.00373724007532567 -0.004577352293835094
-0.090680183964305 -0.4010279238328075 -0.43160485294367656 0.16801293217905391 0.514329691563275 0.16596088785558638 0.0798041219019063 -0.028614215772758175 -0.22629143670075 -0.17114741314636187 -0.14341143784157304 0.12070957417386136 -0.17570802089920745 -0.3010742649961473 -0.008685060398141735 0.23768250672277597 -0.016692921233541415 0.031249873282812906 0.14889821414058632 -0.0026350179124514945 -0.004466113300357618
-0.09345357222927742 -0.37624247218549894 -0.43396024457656723 0.1804431564969395 0.5244791604869609 0.17715931369698695 0.08739024992632222 -0.019398757603495194 -0.21878884724702402 -0.16451051846047518 -0.14318126252350297 0.1358519503505093 -0.17589861125499043 -0.2950589128960931 -0.014815053953492717 0.23598757161377482 -0.014994292741153848 0.04223273482767558 0.1553833307748914 -0.019765620729733455 0.00281666480947755
-0.10860126543894082 -0.38728898299037817 -0.43336011564118027 0.16121836368118178 0.503871093968998 0.17303464729426893 0.08139250277272109 -0.029934535082582824 -0.2172013281750348 -0.1759727120927067 -0.14523813997428514 0.14063721659304146 -0.1826079279871271 -0.3071543182913431 -0.01400121324769365 0.23474202039982892 -0.019820808747663024 0.03691878300938535 0.1706420543436976 -0.013447767207984022 0.0035103492552916284
-0.0953862052861839 -0.3827510153388959 -0.42456427006512465 0.17659141185444568 0.5140560003831013 0.16534573800658517 0.07910081611277357 -0.016519482724801055 -0.23715253390906396 -0.16977556766305038 -0.1337124380595804 0.12008534529719231 -0.18013597958240374 -0.3155665452858582 -0.014736992721242617 0.23708557726888163 -0.01765782723575148 0.03807720151022726 0.16389107520871035 -0.01964224508943702 0.0032946841671603606
-0.0838656968590692 -0.3865268724130503 -0.4306702376403532 0.16045445761096724 0.520189584167997 0.17722059478608285 0.0767729424086562 -0.02528219043141346 -0.2234818373810762 -0.17341823881718088 -0.1369046232633353 0.13091603915630462 -0.17689471257800776 -0.30288829271073703 -0.014554662428175217 0.24593018822804005 -0.018968512540073847 0.042644436592952306 0.14804151216506872 -0.001228637062231159 -0.00898955717776829
-0.07445800817093651 -0.3945234959986777 -0.43693837056609103 0.16439818655802496 0.5254604395003338 0.16441755004519745 0.08517480764104227 -0.01783317140656821 -0.22204708677649695 -0.17235680231396197 -0.13191227479991027 0.12378753940675183 -0.18210072686311854 -0.2989427293592455 -0.013458484846167164 0.2242595538913607 -0.025777400781929867 0.03960166078641804 0.15204964328504336 -0.00021725640762082737 -0.00787043597457995
-0.10498179599899078 -0.38322682118363066 -0.4323994365680297 0.1699545259110176 0.5121626544472757 0.1618420363523837 0.07977996551950461 -0.03864903096357575 -0.22417644760086572 -0.16757105867878286 -0.14666222998863437 0.14905473098019723 -0.15938239460286238 -0.307912513558485 -0.019962366795522105 0.2428838569054315 -0.0213167871951057 0.05518174821836661 0.15686998958827433 -0.0007241769643921188 -0.011218471950915855
-0.09375608761456758 -0.3955340718299745 -0.42944824108307644 0.15185241682805464 0.5101503670436534 0.17847370830529102 0.09985706681453277 -0.029417130619841674 -0.22213188715876364 -0.16554156141945017 -0.13182260631813775 0.1373864004111689 -0.15860781399792945 -0.32169911442599564 -0.01840967754880376 0.2234607943498114 -0.018874441275309607 0.030057248546281095 0.17602504661585644 -0.012821307058647322 0.0025473656713537094
-0.10109691836807845 -0.38720286300966333 -0.4264764871443255 0.1607189720515827 0.5315954071208067 0.1747375988931396 0.08412832013870274 -0.020147919450310647 -0.23057340880938398 -0.16772352514566113 -0.14661866723829695 0.12798935643278028 -0.1598895770736214 -0.30624967641308426 -0.007409794537029708 0.22089362761952466 -0.026863616679357598 0.0336439528983429 0.14917532315919807 0.00010630938475606589 -0.006875335328091445
-0.09542257919635694 -0.3835856244445457 -0.4397124780551751 0.15004181922998552 0.5162387902854856 0.17134538733118396 0.06961821018905094 -0.010608508519885292 -0.21694306904457092 -0.1768842375219643 -0.1341269578950228 0.13132031385635798 -0.18715331558833734 -0.30569110798941834 -0.01660923053141552 0.2437692085390966 -0.020153943010978486 0.033060225374154366 0.1542356469036778 -0.0021212657213273887 -0.004860431577855021
-0.09329214751114345 -0.3774778918283408 -0.4401797947979676 0.17538059928135424 0.5138909308799542 0.17344655959490135 0.06931613148700475 -0.00915358828382705 -0.2321780294980646 -0.19234058764641396 -0.13286240145553121 0.1425370971625571 -0.17281585032127766 -0.2974301496818199 -0.020517785028757535 0.22843861594895568 -0.023834087187827167 0.04125242417340281 0.1519988974824467 -0.0027038464288261627 -0.006893650810607125
-0.07827742802833337 -0.385170411088396 -0.43921314868053146 0.16315465931960849 0.5158336066695808 0.16183589054979136 0.09596388793044026 -0.028438857912981962 -0.23022812417434396 -0.16723855419755548 -0.13837938657510446 0.1317778159336163 -0.1715424410501429 -0.3101343817510333 -0.02257079361330305 0.2380018132854385 -0.020689672665177863 0.049127519846754404 0.1432386107978131 -0.003996682243003161 -0.008276296464822244
-0.09901710792716739 -0.39657338457853786 -0.43198291697887764 0.1800002701222717 0.5081494738372017 0.15740016684926603 0.07571242296700921 -0.022966341442509936 -0.2222427148142092 -0.18717006751742005 -0.1418016635657606 0.13523530595820682 -0.18151736576256627 -0.29168695549034085 0.003758461985164021 0.2349553054094185 -0.04135101975141717 0.02899958163192112 0.15988977222256173 -0.021065980551092812 0.006098344816940415
-0.10083263331241178 -0.3737735841930637 -0.4220430912229975 0.18188310572769772 0.5154454660446958 0.1709256570297033 0.07691519339081203 -0.012572482558497184 -0.23779004854974614 -0.1800882780197393 -0.1379644517282638 0.13504026568569846 -0.16735489183105584 -0.3159397567011691 -0.007318536028194413 0.23746373454962535 -0.0058029751283155545 0.026011479497917427 0.16232109598637945 -0.016852507726017485 0.009699421630986435
-0.08864466303137247 -0.3608191374516708 -0.4247020776574102 0.184034462483202 0.521812406568791 0.1678411239850779 0.08388000155749223 -0.017952476429242643 -0.2355064637031831 -0.17559065060562648 -0.14591263940682006 0.15233453536902397 -0.16462253089756868 -0.3175281170558678 -0.007539971911135305 0.23095292584582613 -0.014130966011474304 0.039769197566534784 0.16001357908775624 -0.019537762459487105 0.003787888816735802
-0.08435299392823262 -0.38846968981644814 -0.42867542549752274 0.16413081093271006 0.5100258079114559 0.16486211469526177 0.07726143786524382 -0.03161591203577363 -0.2226240649663753 -0.18478876275179038 -0.14655745866016207 0.14319709054163526 -0.18793783227187097 -0.3123346164253058 -0.02255363487353999 0.2283443095727827 -0.009233580329624269 0.05107340757479498 0.15166105131405752 -0.006381104942721747 -0.0069179920570862025
-0.08972242885579919 -0.3765899281985729 -0.4294428818420135 0.164793171778618 0.5192111204840018 0.17862726919817193 0.0863859945162997 -0.017268845775961824 -0.22849427365899733 -0.17547006128568632 -0.14512960635975283 0.12291562770936006 -0.19449958174824356 -0.2973147070599584 -0.01033839266536334 0.237799506996061 -0.023967479858643694 0.027457570387606135 0.16095540976198075 -0.003968645918060268 0.0008362071214897961
-0.09782072419112327 -0.39306198883020166 -0.4412678612005952 0.1577019033212868 0.5151234519202548 0.1620652448803405 0.08225821735863623 -0.02634653967484705 -0.2268585735024901 -0.17970028066881136 -0.13898032161650015 0.13201231547360529 -0.1736342642833945 -0.30262884613854807 -0.0053162949297190796 0.225961716275745 -0.029102741186795383 0.03982725968294368 0.1464165030563339 -0.008144708426970787 -0.003341359422758261
-0.08769380620694948 -0.3859906898811164 -0.4442682896665938 0.16845032021521972 0.5115644371955145 0.17096304279439345 0.08078582777058521 -0.014556341608635818 -0.22122872233334012 -0.16786062909187907 -0.14111565648876853 0.13275157017933295 -0.18357456183823664 -0.3167699697459418 -0.02346054214836592 0.22926962181732669 -0.017980575672274866 0.04394081373651712 0.12567265763628027 -0.003685212773652184 -0.005599773850354733
-0.09933987945731718 -0.3794645239172763 -0.44254236149266785 0.18691643604313415 0.5263275901530756 0.1678590629775218 0.07779218721781977 -0.018110910559889226 -0.21712600609733126 -0.1601661099653601 -0.13539344784336477 0.12888630544478838 -0.1639126527485136 -0.2949414052643531 -0.02004540432283968 0.23100647438577945 -0.012407874964433288 0.04759614622135847 0.16031754752813793 -0.01712458886813607 -0.0013691061600729854
-0.10573479564089949 -0.37047092412965765 -0.4322730857405847 0.17196998059996688 0.5107664468283661 0.1702816479757582 0.09789963443900694 -0.021266093322839272 -0.22297056439740431 -0.16945567490411292 -0.14534102228141693 0.13799474038602355 -0.1558279531123718 -0.31670325294643553 -0.023180123432638488 0.24543215476900426 -0.043473152684613096 0.04707880544699595 0.1644933913505022 -3.8182799134516876e-05 -0.010165466840693175
-0.08251310082389823 -0.37747511954779306 -0.44299374644934736 0.17247437159216927 0.5128388565149675 0.1725174245937744 0.07855342461085946 -0.03711634104316588 -0.22924620072766663 -0.17065648459753646 -0.14885571842593648 0.136607731150483 -0.17317096985839053 -0.30503763386125254 -0.022941197591346513 0.2343537286592144 -0.02836528555495047 0.04786671885724291 0.14236622633469997 -0.0031346799770561816 -0.006632530328711889
-0.08694609850344644 -0.38667443165182525 -0.4382493273293167 0.17159026979111527 0.5230102446369451 0.15496720724497778 0.0948192301963495 -0.017048277417600236 -0.21647644292867982 -0.16743398751005023 -0.1455865962891707 0.12282321701162016 -0.17353063578983935 -0.31103210467210324 0.0012761723686350792 0.2231398550900381 -0.015591430003737751 0.031827546347316396 0.1595317812550634 -0.006382040156144391 -0.0032271194739422198
-0.11162771076259541 -0.37810599709052656 -0.4343741296039573 0.1615803875075937 0.5160054853561766 0.16304974993591695 0.09715627306586641 -0.014391814026442 -0.22301508184157218 -0.16811560599224565 -0.1381776599151554 0.14391467112744138 -0.16672474098007717 -0.3091831010206892 -0.010742497651295622 0.2421072436612187 -0.02095596912264837 0.04096855622651258 0.1579854373948953 -0.01694756507272779 0.0016528684375619758
-0.10070118203128434 -0.3762897824450339 -0.4263103624921796 0.17953565663421453 0.5158301594805668 0.1778707583886047 0.08037855267958026 -0.032155236904509714 -0.23051476727387718 -0.17576497737056054 -0.13574276513478442 0.13880815148642878 -0.18174357396067564 -0.30618524213273496 -0.01533891572088275 0.23380639001722003 -0.024850265218039902 0.029944653437808225 0.15533190884081774 -0.005515667682136808 -0.0007713019762295271
-0.0969968663669452 -0.39199360648064585 -0.4377737167210141 0.15944767465767543 0.5051262138168119 0.16098488876016376 0.055168193602912904 -0.02490752349756368 -0.21373126682743762 -0.1741756896913869 -0.14523175426966325 0.13750221374903093 -0.16857206442815117 -0.3285846322725976 -0.01476024126328822 0.2399932182949123 -0.02686026521634106 0.03493649120858335 0.15142725303891316 0.0013837889061853264 -0.006338306338830185
-0.08100475301293612 -0.3809687669112808 -0.4343517446632137 0.1569469546652125 0.5063798819862905 0.17200859433996382 0.0957135789084865 -0.022909568629902535 -0.21494935317728592 -0.17277917790407435 -0.15529718337203155 0.14146401326763686 -0.16695553119225537 -0.3234585891474345 -0.01919003659374151 0.2384927423442159 -0.03611542466539399 0.045018023048633476 0.16116478811244672 -0.008732120838475564 -0.0008215605206858418
-0.09943142571311608 -0.3745108760875696 -0.41780121778578294 0.1718767865868645 0.5303247716217029 0.17345091477201793 0.07840485671990102 -0.031071548359760108 -0.22107945704519777 -0.17531165086032843 -0.1338558903096557 0.13672547845333508 -0.18226951086313278 -0.305646088969592 -0.015612188801604001 0.24477198431746955 -0.020542074676675015 0.031928250294328046 0.15104219328541083 -0.0043849178630707445 -0.00429793417986162
-0.10821814768845606 -0.4039999935832379 -0.4176041997012001 0.16931203647059362 0.5102421032720018 0.1745142238766688 0.07624739677438216 -0.029977565868313964 -0.21012647326766243 -0.16795269456115014 -0.1466154786323286 0.12719447104578 -0.17378073131327146 -0.309300832475339 -0.005882484004924288 0.24526544054679886 -0.020859403820195056 0.02242291172684588 0.16571860310102815 -0.0023630339933045632 0.00025137112597184875
-0.09451046705298825 -0.3917521085882485 -0.42656155926613837 0.1650315376280217 0.5245045540524301 0.1795752199237135 0.06917811102141642 -0.021410218491077326 -0.22196000842808386 -0.16494544430880168 -0.1474769941622762 0.12743131600337176 -0.1638251564874546 -0.3111196595925282 -0.003451671272106167 0.22517361086041102 -0.02539753420556428 0.02632718073087021 0.16011471396840166 -0.0031785720246290464 -0.003995837456040942
-0.08962863418028606 -0.3849445205243023 -0.42336607041314617 0.17759807431753805 0.5178024028840374 0.17260309718843397 0.09330291354877417 -0.003655804391161688 -0.22423184050347678 -0.17060786357289975 -0.1395037202505911 0.14389251143820295 -0.17077008249391348 -0.312125643429651 -0.017173106544983455 0.23195443387981002 -0.029695907976340565 0.03279485638883017 0.15506836398613671 -0.010815153562687217 0.004257948149770541
-0.07354832734244562 -0.38690498210674007 -0.42114632357535087 0.15784500621049435 0.5208921865822377 0.18705545975368432 0.0641232607359696 -0.013888568033136064 -0.21237781409641598 -0.16634052166936444 -0.15013281285210214 0.1444759040486169 -0.17486452715719739 -0.31954876970765655 -0.012821702410619033 0.23916877683529497 -0.01876967593775973 0.035741513515642157 0.15478215766116185 -0.012506789972046996 0.0027095303626662862
-0.09843535347801499 -0.3743201484400545 -0.4396937762763042 0.18787070219238927 0.5136689671566725 0.17046931458181216 0.08014373410105631 -0.03213049083490762 -0.20619494838841645 -0.17957971834104053 -0.13367717590518413 0.13371546483900643 -0.17582971936408662 -0.3130802937775287 -0.022915616966827812 0.23514237250917938 -0.02881098827285414 0.034526254648540956 0.15415422317585978 -0.011720751576365537 0.0027939744854913002
-0.08666485661192007 -0.3687862451142394 -0.42737638416198653 0.155356274192581 0.5162085285057597 0.1809503433147983 0.0732525203209551 -0.023495949997870143 -0.21972093419000394 -0.17718878616612332 -0.14933210507804964 0.1329965999779806 -0.18674925151257754 -0.32552951152953014 -0.008822213532751125 0.23953088641927275 -0.027953453053437143 0.03148218806257333 0.15623984097687232 -0.018970907881248028 0.008077219403197233
-0.10488768220229676 -0.3898178143602514 -0.42729807781255025 0.16355497500281033 0.521601863203759 0.1706258022090452 0.08838726199485891 -0.010693213904410383 -0.2166978641996302 -0.17481770581721337 -0.12770440209810646 0.1353194631767377 -0.18399926478457382 -0.3141301557216884 -0.012573245618697305 0.225129252743487 -0.028606189201402097 0.02706647176635126 0.1463609963207363 -0.010572972759002349 0.0007024793580370872
-0.08851788492999565 -0.38338213469987076 -0.4285358089567243 0.17075163922535405 0.5196637631341343 0.16858202732396785 0.08200529587267077 -0.014913977215295627 -0.22581505995466947 -0.18085688001626163 -0.14361364770535992 0.13411554326123545 -0.17225332476468028 -0.3065643621273565 -0.016006840664807637 0.2301729810080103 -0.0273575417473388 0.03803465156589906 0.15953442005909999 -0.01044636901263291 0.0028920908727906054
-0.09376331126102172 -0.3796921222272221 -0.43371734295610237 0.17167932627290713 0.5118828555138729 0.16855250326067697 0.06886467776131583 -0.027962455590036156 -0.21880416042458586 -0.1740168364283872 -0.15393257344143735 0.13461819948439935 -0.16735026408866213 -0.3252614713844171 -0.022630066868939123 0.23318573492704575 -0.02295785357451247 0.04518163902098351 0.14868251128146384 0.007646179984451397 -0.010144265795966095
-0.08993382263854181 -0.38657310044329696 -0.43604137118017355 0.16835693641286348 0.5254235846002904 0.16602730784642125 0.09457840331943228 -0.028539617351017788 -0.22282482622553487 -0.1625914187088599 -0.13560270671504995 0.130022020253398 -0.16796326229635977 -0.30801319026676416 -0.009147322967733976 0.23269871088895036 -0.016682898656049754 0.032758348878205626 0.14303704190767264 -0.009691864825921992 -0.000787912559447893
-0.10406596190060417 -0.38052082269686927 -0.42974695866431784 0.17416413782433524 0.50645975915677 0.17231013172782983 0.08293926469895375 -0.016506844611063432 -0.21108921298058939 -0.17288775800958087 -0.14401835094075863 0.14565490806435055 -0.17042937596519556 -0.3187060632693937 -0.02131522299033851 0.2494557045795038 -0.0269317007988566 0.048421984737208115 0.15172806125226798 -0.01469090482354071 -5.614892737201678e-06
-0.09387114766791832 -0.38389844404835577 -0.422115400507182 0.17596446759326795 0.5193844735818973 0.1811256263652011 0.07272861703420484 -0.01955390593109344 -0.23414160948911353 -0.17432578636864102 -0.1398197159967618 0.1314494095324057 -0.17310490072709303 -0.3108860939021267 -0.023612626013773858 0.2264669060193529 -0.03902720997832815 0.02987374136102987 0.15317546168923543 0.00424112617596042 -0.00547032327693204
-0.08525956385982197 -0.38317034611142076 -0.44199310408687015 0.16996917399474168 0.5181537529446892 0.17995999388827294 0.07560405385251137 -0.03262776526693152 -0.22040454125191825 -0.16134109179088935 -0.13862882683505168 0.1372588340663372 -0.17285631643628024 -0.30289988836261816 -0.02131278241357199 0.23418135464289455 -0.01613418006865694 0.03918990529985278 0.14981238314868345 -0.013544891412391454 0.0010953319546233478
-0.07929060281628952 -0.3892462229839168 -0.435648248005935 0.16997985198668678 0.5063278377333189 0.1794055310252358 0.08073716027548813 -0.01816552596024119 -0.21323816821267375 -0.18263023149960692 -0.14618359303399417 0.13782704541409507 -0.18051978132751736 -0.3077333209279709 -0.02654502917905294 0.23414663326183233 -0.025176152836968002 0.04347805939365744 0.15336346956470537 -0.006772746300608686 -0.004242740278527073
-0.10425557654749999 -0.37940180876754925 -0.43399266370828604 0.17059956647043784 0.5219077058769064 0.1778795527048422 0.07393208345154115 -0.010853950762367249 -0.2333418468574255 -0.16688234632217444 -0.14042962083607052 0.13325347027229847 -0.15922971303470707 -0.30942608300144325 -0.0308180284647924 0.22739584904247082 -0.0312494001215456 0.039774790774516164 0.14836803579192034 0.0004193548053689362 -0.003809599911288993
-0.09608986781914328 -0.3604649022246794 -0.43079099555303424 0.15749918295369403 0.5190263182945671 0.17746851712377434 0.07874736087781002 -0.030744225413229385 -0.23255932370582852 -0.19193845809118457 -0.14659699047757815 0.14837866197914074 -0.15435856971954126 -0.3075651914182211 -0.013336960987226863 0.25024611541924335 -0.032343637189991864 0.03949286863659063 0.1540415170275425 -0.020059757251589636 0.00481303537335771
-0.0970215646815066 -0.3825471793468451 -0.44453406404003176 0.16151146306621061 0.5149774700795329 0.17924306594280012 0.09180299209638446 -0.01466727643145011 -0.21795206070169487 -0.16805024770755986 -0.1354982682095435 0.12468341936530432 -0.16456702443203408 -0.30211775039612865 -0.027513654061001373 0.23890494536165235 -0.017752010455357743 0.045133059823912726 0.16196763113125323 -0.012229525512869236 0.0005062174896756861
-0.0849743271319771 -0.3814026792828425 -0.4304290410440126 0.16591346897468634 0.5198410100710706 0.18592093339977087 0.09381783874561171 -0.019638240228948535 -0.22100795419734381 -0.1692723757757005 -0.13731577253083282 0.13369930481089823 -0.17197385048467975 -0.30738132446204663 -0.022661190139307525 0.2336243927317081 -0.020216502430747213 0.03693998701874498 0.15864417186356136 -0.014012134893534159 0.0027700575131677807
-0.10405825932264666 -0.37080953906148845 -0.42001426270690007 0.1547474084471885 0.5323502988736748 0.18850651956591677 0.0815333234826666 -0.04361372252667809 -0.21509662592100265 -0.1561519166706552 -0.13286479194074208 0.14346041900735798 -0.1777561728868777 -0.3191873584656167 -0.015789285489562807 0.23936466333178383 -0.015305762949308367 0.027616822747929093 0.15074965580998648 -0.013872273905542996 0.0032689672690055147
-0.08326520588726771 -0.3959496209451969 -0.41959694665105624 0.18049250260218483 0.5255759397940033 0.18530475498932095 0.07632951478846849 -0.03163278074243561 -0.20998709174755564 -0.1699371634334738 -0.14102408401306157 0.13440401754971926 -0.17124631152824427 -0.29903486669141255 -0.03038993022122133 0.23352932526915285 -0.020242887781682126 0.04366208994564824 0.15069079361718898 0.003438361464390379 -0.009440800020937418
-0.10263618226183582 -0.39434414848099936 -0.4229405483333254 0.1786830991639266 0.5136900807347835 0.18420029939763008 0.08959711855303612 -0.030164159696906737 -0.1971964615100457 -0.17328217870151286 -0.15215302657181595 0.13617330768201497 -0.18068458715238891 -0.3128544956790159 -0.021149633904798657 0.22449630916815952 -0.024817951839104783 0.04082320759713504 0.1485377723150377 -0.009048269647513431 -0.0013954635287934405
-0.09093726242385215 -0.38961565204308596 -0.434659196947916 0.16687966702939974 0.5172801148169123 0.16295797290931766 0.08608083329211093 -0.002437022196830409 -0.20818327725751015 -0.17188943797624529 -0.1298103738543094 0.12909314607080158 -0.17255459290388384 -0.3165989426863601 -0.007989486839502997 0.24281987346387895 -0.016618067028811127 0.026825545468521908 0.15807558812368772 -0.013356911809774262 0.0018306400087349092
-0.09084909101947801 -0.375787865230805 -0.4236309732257239 0.17452950908398018 0.5169095678407101 0.1740899318207527 0.08427970244390862 -0.02849977807558902 -0.2245696418407664 -0.17902136776713506 -0.13293183386398513 0.13547510915081348 -0.17806956383892475 -0.32201803804757445 -0.01222754395343433 0.23424666474119796 -0.013887163827526954 0.02531563111579581 0.15930064926815488 -0.0065554939294519355 0.002168842357245781
-0.10197116981772794 -0.38344201090475816 -0.4415576920130162 0.16322715192350398 0.5217684221863976 0.1671571489250696 0.08150673521949384 -0.02341597936866622 -0.2233815212705459 -0.16934851703967735 -0.13072773274393626 0.14106857153011618 -0.16073006736569342 -0.30861613108361696 -0.017921158536875426 0.22743198020627697 -0.01813070526598409 0.028165723318901045 0.15412213303948039 -0.00013091390439129387 -0.0037177016238562496
-0.08194128452342761 -0.36915535761262736 -0.4486687590767856 0.17648159912945563 0.5178152947540827 0.1638303742911905 0.09012980267151767 -0.013835202132188426 -0.21560275464339623 -0.17684640694638518 -0.13321375417584644 0.14179979957290917 -0.18530725186746033 -0.3073841584377253 -0.0263986699318292 0.23091976415889548 -0.03209609392998639 0.048669852741501665 0.13801239333685106 -0.019064073646511102 0.0024467136599814216
-0.09466730324459459 -0.38972419678307524 -0.4213859224229264 0.17967099927604416 0.5127761929632739 0.1813965221664197 0.08003172681438776 -0.030733319054476314 -0.2047573459824738 -0.1740524116051761 -0.13619159113350213 0.14386254683561747 -0.17603308492629535 -0.3125121446060543 -0.016013235460584124 0.24923175160633523 -0.01855710485622616 0.029695733934268602 0.14954567393478518 -0.0026899933554492706 -0.005052996956195168
-0.10901772215464006 -0.3915099724699681 -0.4166043240580775 0.17997503618180002 0.5217011990723802 0.164590951284058 0.07434700028725034 -0.009775215326876951 -0.23579356454206493 -0.1733493722052317 -0.13825466582500898 0.14162549517771322 -0.17552188788917883 -0.29909673408286735 -0.016547815839605334 0.2369632389871266 -0.011563809760668266 0.03374287234820022 0.1454314241332068 0.004094906351151155 -0.006872942900029437
-0.10053734289370313 -0.3723610086872366 -0.43425300753446333 0.17512457055304895 0.5200906971390084 0.18392415642468282 0.07958004794696373 -0.03249164056639731 -0.2150852415181783 -0.17775798655926786 -0.15071281112765217 0.12787334574099923 -0.17090550002999308 -0.3048771743854838 -0.01513723415621006 0.2311689840730544 -0.030688741750516828 0.04065643425007288 0.15774113545573715 -0.00316070126497432 -0.006677507774635201
-0.09853980650129406 -0.3828706830826835 -0.4228425119629645 0.1636612536693059 0.5223006724410125 0.17554068982264204 0.08271688311684432 -0.021650025598609415 -0.22125431867545764 -0.18230063578464611 -0.14131644612374852 0.13497807094838715 -0.17843487165518804 -0.2978954153956528 -0.017275595102894586 0.23831725087252112 -0.02519820501150066 0.038989874626038375 0.16376771811653199 -0.01277132018801364 0.0026519868842208335
-0.08117562313919766 -0.3802341898477775 -0.42093046505886406 0.1684568871666491 0.5307896695466396 0.1798966839614361 0.0879942632053585 -0.019898501766796202 -0.21012287077011485 -0.17309844010446085 -0.14338359350378765 0.13703101139838073 -0.17059567971833522 -0.297048859372477 -0.014448802679500626 0.24954326780811442 -0.02394628600268184 0.03320182699409158 0.16136948194120843 0.001478278112212112 -0.00649792329614356
-0.09783396110936264 -0.40024287687410137 -0.42612665246612214 0.16710230260902842 0.5078121856157808 0.18304766702207106 0.08197081253622261 -0.012027804461628775 -0.2096792435246303 -0.17454640020445275 -0.13914431326517815 0.13288449893534396 -0.18330386301152607 -0.30351444550598405 -0.026087049770176025 0.23781130086776248 -0.02976107040403621 0.03359139039560731 0.1612042202243182 0.00451882595530622 -0.007405919037913009
-0.08786541735404506 -0.38076020505639246 -0.4330838115315597 0.15959789532037064 0.5192509640847239 0.17245344747112032 0.07897227036568472 -0.026821956889478006 -0.218147152344113 -0.16211728973416104 -0.1452250048659369 0.14074381762841792 -0.19009627707249602 -0.3064385016418234 -0.016066413624315802 0.24578272603894893 -0.018294131593430015 0.04046945728833787 0.1429409553070455 -0.0014213976621704433 -0.008131999473643082
-0.08799434812072428 -0.38463862767473983 -0.43642993967505284 0.16868134112515856 0.5070690304294392 0.177442562663491 0.0742811083124982 -0.03826977040280803 -0.23102679331722198 -0.17913869479279182 -0.14353528400186777 0.15350149260138207 -0.17336760606041413 -0.29307807404887803 -0.010618227948159413 0.23494806902946144 -0.028039114075182094 0.03218105558486763 0.16439910014251646 -0.0053599435077634075 -0.005228946006458169
-0.09946033503408105 -0.39069074909457 -0.4364655153612437 0.176725772603442 0.5216059670682406 0.16787821940117723 0.07138735649963382 -0.015267941950526543 -0.21842233470468367 -0.15625285615249096 -0.14666507172789442 0.1292626651117914 -0.17658298571926412 -0.2896086816222463 -0.0041759814278641266 0.2394192942563423 -0.019526022144296707 0.035853923958265574 0.1600457346091668 -0.011446532198573636 0.0003631736892519595
-0.07678481113860258 -0.38505276220860934 -0.4381621466010906 0.17136866100836712 0.5158221486685222 0.16809108088204158 0.06751374646770589 -0.02620186361950807 -0.21706269733054764 -0.16587265482735766 -0.1432346014054117 0.14428889043711154 -0.16349099315862928 -0.32022287530582033 -0.01734405799313635 0.22535773333798734 -0.03884197141459705 0.03965963234142895 0.15964021999178227 -0.003963984165484995 -0.0026134066147343966
-0.09330923598215082 -0.371642980084483 -0.43977615395583314 0.16865212642332159 0.5204066961692371 0.17794418314038266 0.06244086909254178 -0.03669436820949421 -0.2200234379961397 -0.18023437009670243 -0.1374772803087301 0.13529403338629015 -0.1788096696440773 -0.300705023152255 -0.021304679265617153 0.2310304205877443 -0.03283967279576342 0.03241005940827194 0.16456679517253553 -0.007526512530892572 0.0018353327878651206
-0.08877319212108484 -0.37338471654019045 -0.44766197148356685 0.177008354153956 0.5205923726737537 0.16748338626490475 0.07891241860136139 -0.026203790420642605 -0.2103448400945409 -0.17048272346935853 -0.14659966463993437 0.13235020678650847 -0.18253493988656253 -0.30674471766692096 -0.004882907569870587 0.22419071563276782 -0.024403981115090134 0.03209312895439372 0.15264135048148675 -0.006103584980514964 -0.003593005611018813
-0.08993007113167022 -0.37647951840454347 -0.43025571364353926 0.1738054934836679 0.5108987499051526 0.17164004564920676 0.07155018466657503 -0.014578606326596568 -0.23703602229673595 -0.19503816822648185 -0.1468258022075658 0.14036456084628143 -0.17430512596757225 -0.3053243055229886 -0.027512962192136628 0.2286159816836538 -0.03784732779020476 0.049018823890686965 0.15174092782762957 -0.0030203708296310736 -0.0073823014057370325
-0.09901003969832131 -0.3881707714172977 -0.43550308596454157 0.1693042093633 0.5112368739730655 0.1724127763080615 0.06230791275658674 -0.02287883860645103 -0.218968547778593 -0.17928304881421148 -0.14238624516454443 0.14032664216179866 -0.17103255298320436 -0.3125747716938048 -0.01820740105720541 0.23017026602107266 -0.02397657064759214 0.03807648784229381 0.15277060125912403 -0.0023736750160007827 -0.0030614619243429712
-0.09502420607357544 -0.37373625482838174 -0.4313974400407341 0.16043700689180337 0.5191200346281702 0.18040311396197223 0.07905729862964127 -0.03652226894176459 -0.2378155070048983 -0.18340435540935862 -0.14822109903770786 0.14389231694389126 -0.1621981698826604 -0.2998748492062366 -0.005610468017499486 0.2355563058497914 -0.03164369814223207 0.02892569096857229 0.15140866575543452 -0.01955609413974363 0.008286672239395464
-0.0876892996069198 -0.3824434392178614 -0.4251652287254263 0.16581104495621918 0.5191815573817897 0.18545360384020632 0.06908322396161172 -0.013623362804126472 -0.2248683165665072 -0.17101499820526012 -0.13876071420510366 0.14461771362008677 -0.17254863565536344 -0.3118195877803474 -0.015096276841052953 0.23757106311980333 -0.01865968511170769 0.03429368164964838 0.1534766537601156 -0.012479479026567979 -0.00021826407825276724
-0.08640540186679886 -0.3832854966879159 -0.4366616744526046 0.17381402174187152 0.5179075814478675 0.17228679706348718 0.07998327024608448 -0.02293788970025558 -0.20866339780792942 -0.17789757340272827 -0.1441625106438344 0.13543213911600815 -0.1843877089590501 -0.3042685245608146 -0.02100978783879138 0.23339704811958334 -0.005322899931511078 0.0498941734142649 0.14571004967567855 -0.018391809939952014 0.0036442076073314577
-0.08572083154906085 -0.38548436982337797 -0.4311962651843264 0.16113377548206173 0.507512335622954 0.17730274721379702 0.08024215370273992 -0.022770503737624008 -0.2380961338249531 -0.17376939402921965 -0.14228459830078666 0.14093896135698772 -0.17018937540389178 -0.3132562878790192 -0.024953790459385942 0.22906817404972418 -0.03650975431331203 0.04543238463897616 0.1597188882670027 -0.010294982407212813 -0.0008971240080398575
-0.10332247469989331 -0.37721609194673394 -0.4263617351584695 0.17894201463540718 0.535415235769152 0.1843490632104202 0.06933167555349228 -0.029764006727889248 -0.2102062120273736 -0.17209929822012782 -0.14171699601081603 0.13396384364544509 -0.16302582501818388 -0.3102251738195795 -0.029241263902342447 0.21299364171502658 -0.033590311352588706 0.04469352300602571 0.15107038593439642 -0.003149674006225653 -0.007058461869026144
-0.09214147282227335 -0.3829790439376033 -0.4319312320511907 0.1682696522104576 0.5158057670493833 0.16929432656066057 0.06729814619192823 -0.01736404872890512 -0.2279922394203882 -0.1759634533826232 -0.1451644225555638 0.15279446765682292 -0.17849183910454294 -0.3118696304717455 -0.00593594350321673 0.23237878719669736 -0.021813518837291473 0.028866734113006335 0.13620145570573647 0.0019795141838252297 -0.005249531091559517
-0.10346585750180146 -0.38301614950216684 -0.42734500914333146 0.16847031687092082 0.5182377556599215 0.17312253878273073 0.07114503431394134 -0.02396828740031533 -0.22818765589709353 -0.16425161300076038 -0.14831207315035388 0.1380647335049615 -0.17612304717645194 -0.3142968441010953 -0.002479280606555237 0.22936440812785766 -0.022055033061754457 0.03264150496034754 0.15191142588159 -0.015650054992168434 0.003620881553585477
-0.10063915902105779 -0.38410991394505317 -0.45549990512225386 0.17336316519903505 0.4982032720590727 0.16586143365336867 0.09224621457698128 -0.010386344076992945 -0.213985564348326 -0.17154852814064223 -0.1249928266498543 0.14408087246978632 -0.1670301473635253 -0.31433276345503075 -0.017576439562592684 0.2363990614432947 -0.013767384770002942 0.02987854215353025 0.15752217941881214 -0.00791135698330035 -0.0023885229482312562
-0.09229222857483514 -0.37548621858181935 -0.42958596663623705 0.15820020107598942 0.5234859140811875 0.18310498529543298 0.08239262101224303 -0.020391121761037016 -0.2201025694092091 -0.15791897590971787 -0.14107183896186853 0.13794732329448758 -0.1790492313664517 -0.3123816215630523 -0.011701858488326541 0.2382049598738752 -0.032592922407490774 0.02446912901711861 0.16012396729476994 -0.003612391588618132 -0.0020184333133567035
-0.0941164525578396 -0.37387894076188105 -0.44566318219553847 0.17345603658869527 0.5198887394988043 0.1792173639061104 0.07078567039692099 -0.034816483341537474 -0.2202075669791866 -0.1808990167106793 -0.13516062614107222 0.1480168530487005 -0.17832869310259697 -0.2903666660415041 -0.025881334766231973 0.22747318223348412 -0.01695825300858285 0.03312630743541885 0.1506652505956923 0.0008125688393496114 -0.004621697951574548
-0.08313800613674587 -0.3968924869802952 -0.42817957158351366 0.17143402408323546 0.5148572427811313 0.1742015593550134 0.0875602855998843 -0.025422234047995936 -0.2261453421672258 -0.1753433009008308 -0.13725794303331168 0.12998188837228908 -0.16645686265134557 -0.3105911873969132 -0.03528354432325712 0.2222810885972631 -0.03285870208220639 0.040994023324472176 0.15443926399144914 0.003364149414026095 -0.005116971287933982
-0.09697053082100443 -0.36996357067606017 -0.43512074665152706 0.16980429526688043 0.5214179862366602 0.17384313454220512 0.08035103866117908 -0.030007234216421378 -0.22668043413625868 -0.1628709208105754 -0.1401395100033085 0.14032062965408182 -0.16815626742032003 -0.3117156837534572 -0.004120661132525216 0.23526680387464202 -0.02274938465015507 0.03662472461594573 0.16170526860347093 -0.0033505988632405942 -0.005995408816508763
-0.09367513217644012 -0.3850652156544214 -0.4323443858768215 0.16461941675682693 0.5221846108384928 0.16606723496261416 0.09471695077205247 -0.011689085404272997 -0.22135676021964856 -0.1799062581042875 -0.1434368228989454 0.14535196580571458 -0.1597522257878005 -0.29885093123520223 -0.006502586718998209 0.2345912438046785 -0.028255879536366883 0.034488267822333336 0.15657494081975457 -0.009336013712373206 0.0006398130414131981
-0.10380407442914978 -0.377588825753544 -0.41547547848128236 0.17295728799346985 0.5200947183947171 0.18221351472113478 0.08598071006519685 -0.011657072901219822 -0.226829247414262 -0.18061134759377656 -0.15273956333975416 0.13794442480590843 -0.17793625342848993 -0.3146708819931572 -0.023040059214240082 0.23574150900864674 -0.018375841385995635 0.04111544426148961 0.13267781424023317 -0.0041926321633407385 -0.00503296979175152
-0.0990531686700804 -0.38827781696420804 -0.4365603896906093 0.16606354033476645 0.5103608023019612 0.1755703329821453 0.075075862015186 -0.014686904905993921 -0.22604850755769515 -0.1710924277392237 -0.1492265782871935 0.13579475824680234 -0.17316991714450128 -0.29027183940949247 -0.020051411826161453 0.2414764479924105 -0.0382095977585873 0.048407075183550384 0.1618631483006974 -0.004050673475044942 -0.008026089149941417
-0.08562053161056582 -0.3863651290358667 -0.42884326520003174 0.18229087094452284 0.519319831996837 0.17145803545980576 0.08414595241571635 -0.016182185751609464 -0.2257769967420287 -0.1790149762801875 -0.13100876150112425 0.1264227903104895 -0.18319558515365095 -0.29789009608012296 -0.020412167116454667 0.23564092217090646 -0.030245729283931554 0.03997033562501076 0.15033327663676796 -0.017041017848626393 0.0028753048130069803
-0.1108960334678719 -0.3757578445352196 -0.42443082850531616 0.17527959925724015 0.520755755291683 0.17672348600142404 0.07099551527067834 -0.01734935337318747 -0.22153757202457197 -0.17633798160998856 -0.14950191165610738 0.14489966318854328 -0.18122827900504748 -0.2980899544971361 -0.018995878482837958 0.2386968961396693 -0.02571318026095148 0.048013628427763445 0.14920715454767094 0.001071105811914068 -0.009749966565526843
-0.10249616665887153 -0.3855622091450274 -0.42168953045428764 0.17314788885712978 0.5245896422001617 0.1733978817425157 0.08013304626842269 -0.03846254878308979 -0.22522730660608042 -0.17257764899970612 -0.14181358315479464 0.12651182576452477 -0.1767466377107951 -0.30019570356076763 -0.01304901007378028 0.23734257477753457 -0.005125258314011793 0.030508796031660994 0.1562045173610863 0.0010632632655340215 -0.005376969721019742
-0.10045848519988984 -0.37460794495848104 -0.42392064837453847 0.17482308147632405 0.5150330005846486 0.17702087869677421 0.07444244255840521 -0.02640882786261752 -0.2377369839121932 -0.16968560501235375 -0.14295703337216217 0.14051761084435968 -0.17685446422299117 -0.3179063991739128 -0.02917384426392151 0.2307913246826797 -0.026148503419317782 0.040951410440737294 0.14881749725644983 -0.002768909510040875 -0.00196770379263442
-0.10300393056074351 -0.3888450872243782 -0.42541366949917087 0.17132655566190674 0.5122697491531927 0.1634994671285846 0.07671686097961898 -0.0412059529668712 -0.22324527505282604 -0.1789729956486741 -0.13811159912344206 0.12972156107492092 -0.1747544534837996 -0.31837628963739123 -0.00752529623882289 0.23688843526217707 -0.026589328744736136 0.033648948086573004 0.15292221570785838 -0.005945672058391706 -0.004111754210346026
-0.08254158510652912 -0.37037888800227803 -0.4372396362386935 0.16128877782212653 0.5169722743000763 0.17449021403255666 0.08368594631136059 -0.02923741177220209 -0.2259945762131976 -0.17190016560758506 -0.13384656745416593 0.12983415272214938 -0.18472001815231892 -0.3128999633712997 -0.013262939643771902 0.23971038754575275 -0.006263953420374589 0.035916755131788075 0.163736142844404 -0.0055396776520985356 -0.0043736536771672736
-0.11016225655776814 -0.3792222738444337 -0.4330165577472385 0.16963908967325733 0.524683234676904 0.17063528453038987 0.08028630925723267 -0.01792112821080269 -0.22279207528433467 -0.16920356384241034 -0.14194827261089937 0.14167847895840902 -0.16114713297166058 -0.3177161088018344 -0.012108980009362615 0.2210346650035856 -0.02927915553970111 0.031640893947561595 0.142311993571065 -0.009141978576813571 0.00044870626083962155
-0.09522483315734048 -0.3847258775777648 -0.4404283300241131 0.15358548155577598 0.5138851628640121 0.18775112135478403 0.06560072038963193 -0.019372142660092392 -0.22891144589039325 -0.18405174720143258 -0.1442621861036052 0.13978462377980785 -0.1681702075081106 -0.3012898572234958 -0.01485963183584497 0.22435478672423761 -0.031749786951065465 0.031207433359467216 0.15167274795720426 -0.01092015875216674 -0.00034869323704064993
-0.0992990625372985 -0.3931544944032466 -0.4179955134825992 0.17307814050467707 0.5144956274804988 0.1804071566129186 0.07964473340850027 -0.02791658554525789 -0.22440283251673243 -0.17250664982254896 -0.15087636428326417 0.13544921758268555 -0.17585030427477227 -0.30634501506336226 -0.026156257600898337 0.23349223555260204 -0.025705757852874923 0.04933222942201773 0.148844496967679 -0.008023008657508351 -0.0023691313366648132
-0.07703408015525456 -0.37818341486233287 -0.43830371743042634 0.1662993611011439 0.5222201714354386 0.18300847863610056 0.09054982945193556 -0.023933208688282442 -0.22583026114258942 -0.16795182597163477 -0.13963056355837772 0.1277538697847644 -0.17331565613754782 -0.307192144411356 -0.020646958404167217 0.22604073316106357 -0.0245546463094093 0.02801120487463316 0.15457377396691493 -0.006765280835906678 0.004696905010321982
-0.08781307260020814 -0.383464590519193 -0.435443119380071 0.17620327672686964 0.5229838643460869 0.17249538417331106 0.07993211973586609 -0.02874943203046758 -0.21156812000688052 -0.1497294128410831 -0.14087751483343805 0.12968750519208921 -0.1765960044092678 -0.3099554501884397 -0.01779669394058774 0.23811234449456634 -0.02179114282469859 0.042827634222283556 0.15326285999241865 -0.013653213737421163 9.22458290644793e-05
-0.1055751634456958 -0.37558124000973564 -0.4314670125677479 0.16498005763689813 0.5188755631537015 0.17349515206107857 0.07616748388937979 -0.023794276450163375 -0.22918168792318358 -0.17200183308760736 -0.1459037522331925 0.1401427400206358 -0.155654351099441 -0.3091733774648034 -0.021523740200751363 0.2415397713824363 -0.02871515378244091 0.0479365846113402 0.15445202504580088 -0.00500012692317694 -0.007034349343719374
-0.10001088703463926 -0.3819139132049232 -0.4331209718197928 0.1698745468395225 0.5100434977496578 0.16479132319621867 0.07355062609002064 -0.02467951763807727 -0.23833420732281466 -0.16195062879138278 -0.14174595283731714 0.13384748782939754 -0.1749872116430482 -0.3135942285793634 -0.013134551242578653 0.2351132319824947 -0.020199702679097646 0.036732501184574884 0.16430304150841582 -0.012136728452647242 0.0042604952510366485
-0.09493015985333327 -0.37440341772505337 -0.4310358643626675 0.16704332402157868 0.5197690596557074 0.1847412068079103 0.07415942415560751 -0.030101333268810534 -0.22378146645783464 -0.16914353773103347 -0.14333895108954278 0.13729077886674704 -0.17963343383255784 -0.30289670789056444 -0.008497928614475674 0.24826185556924946 -0.011627736105448686 0.03141441824965326 0.1463194002082752 -0.009083808724322361 -0.0016915985419300647
-0.09374402710976606 -0.39263550234605 -0.43358149470303603 0.18303550998205873 0.5115785050664651 0.17099042262332098 0.07884029636807789 -0.02472887803627279 -0.21983370256586005 -0.1717019082643553 -0.13585899780740854 0.13280073898038502 -0.1651078275652125 -0.3001083366052553 -0.025773023133159077 0.23891348253860392 -0.03084896229648638 0.048452504198059146 0.1587162847513858 -0.017704382350219483 0.0012981659250375325
-0.09255396703603441 -0.37754693376983367 -0.42490635022724127 0.1757879948629651 0.5255237580347848 0.172335161885328 0.08439237613772589 -0.024133513254787468 -0.2211460367012238 -0.16253433228220043 -0.14460261381538736 0.1242918286199227 -0.18229200103852589 -0.3180795986496847 -0.013812867764526664 0.22568472240133283 -0.02271636513157128 0.036368795751433626 0.15734808940196185 -0.007561930631800891 -0.001024034043063908
-0.08533218229161889 -0.38911032968270626 -0.4413074183836382 0.16220558105306365 0.5132467713072433 0.17450412252054376 0.06620102372375501 -0.03545307852273957 -0.2292227473194847 -0.18016646230422492 -0.14979256272792185 0.14096249762969876 -0.17459100321057222 -0.29379829359038906 -0.011806469364424137 0.22641137931239116 -0.027499191394627913 0.03681154122192624 0.15186715760666908 -0.006845626084821704 -0.0011120327632607244
-0.10143072009846336 -0.38202334772464747 -0.43011535513397764 0.17634200139503442 0.523012356820427 0.17598706402406059 0.08112379838260285 -0.009138158877321658 -0.2169628958673775 -0.1849540429739434 -0.13495265811897472 0.14786825057589637 -0.16959647446673454 -0.2880382648992555 -0.01349598187661314 0.24592492605135197 -0.026488038931287962 0.03220217520245666 0.1444970578687406 -0.011386077391921578 0.0005572366321964077
-0.09341475495366111 -0.38279038318414466 -0.4373527062926374 0.16903980246058192 0.522077073679647 0.1838824739863569 0.08496767066576683 -0.02624293885634194 -0.20757746241498334 -0.16669215801039838 -0.14123082075682647 0.1400923452358861 -0.17486860129384718 -0.30811620584582255 -0.015530780611138573 0.22331025894185202 -0.02624484266112243 0.03220079471689239 0.1500157383919686 -0.016304996195144993 0.006456212544763255
-0.10070199769127393 -0.38229694020164545 -0.42289329126519815 0.16558213999139756 0.5369312037313607 0.18019006913395388 0.06862457272359611 -0.013054048142886729 -0.22089401836659675 -0.17539133809728485 -0.15539639463753235 0.1323339319184708 -0.17215354316966708 -0.30407969516907735 -0.004377621425743158 0.2185161346189099 -0.01276663339256076 0.035387949933434165 0.1379300132243369 -0.01610286912219955 0.00479653844031921
-0.0899828360703573 -0.37875968358040873 -0.4288921154421237 0.17303016505638968 0.5127352080232455 0.17070168626851925 0.08895988254495997 -0.008130110900319931 -0.22876791946672237 -0.1815204848947919 -0.14804536131363072 0.13871673780332477 -0.18210447652981407 -0.30968511312193436 -0.013220458342071768 0.2312694007818913 -0.02686715905699289 0.03282029549908452 0.1534881195314861 -0.002778914102717949 -0.001763812119438274
-0.09078345817827833 -0.38379377446576374 -0.4249974227270887 0.15377478711411094 0.5216117317066131 0.17718849821025381 0.08992154536767952 -0.007810911550662096 -0.2197778630213534 -0.17534613432885468 -0.1481243010631201 0.1396540369633357 -0.17337626404645606 -0.3121576179166934 -0.02299276186446337 0.24030585632034523 -0.03376638240921922 0.037675995529664524 0.14039186341351237 -0.005494238489306262 -0.00035493918169321876
-0.09779749762158842 -0.3876032220486987 -0.4207127532210534 0.17970941547603234 0.5052976211863267 0.1706318874957471 0.07863430560568706 -0.030762063485933723 -0.2259821613990534 -0.1813724579797236 -0.14548038098220176 0.15326664002379284 -0.19171191325066025 -0.3077613065756099 -0.02261090103820678 0.23273262446116696 -0.013889333022787793 0.04421647541183746 0.14945157186213687 0.0025219355682079944 -0.008868586493061225
-0.10728194558155421 -0.3917845318202435 -0.41760438844902403 0.17631481614273625 0.517648125373228 0.17121040993236106 0.07550928768279423 -0.018425557315183857 -0.22941121663126632 -0.17850176196701517 -0.13755336101265622 0.11924652055614328 -0.1735020867693356 -0.31396636123395594 -0.015908513027800355 0.2323052830496777 -0.009216225502667832 0.036783497184017876 0.1553798390200954 -0.00910159353502991 -0.0028225639058733556
-0.10434284375578934 -0.3671794739415921 -0.4322971893182663 0.18163851561543398 0.5210969669102711 0.17761857272017112 0.07506648972970197 -0.014811382861623564 -0.219631350507807 -0.18379765489675248 -0.14368766914809739 0.1485676557487134 -0.1704230028529096 -0.30996749436914345 -0.0159900133162329 0.2295730029323394 -0.030599511723643887 0.03387111754717522 0.14329065996166163 -0.005562320320817362 -0.0023672101699124706
-0.0799052721807905 -0.37847547313620106 -0.4257193107411358 0.1663316818324444 0.5206686167655585 0.18773593843266762 0.07275696175223585 -0.018630541527889753 -0.2292363541278781 -0.17807933291949152 -0.1441542297861008 0.13727528182572843 -0.173030606562563 -0.30805871757590225 -0.018776350647737423 0.23489707729686607 -0.020264469516992515 0.031995221081333 0.15417751197429483 -0.005119402564799339 -0.0005756817300676843
-0.0896419834576782 -0.3884508313331494 -0.4213022349621237 0.1696164136018403 0.5181271874334488 0.1809768888577089 0.06885898226554513 -0.026501256027665246 -0.22987509761709649 -0.18216852109489184 -0.1502659880666719 0.13524630028655693 -0.17200394829051724 -0.3043882328275058 -0.023477653201110244 0.237568589635401 -0.026408151564644426 0.04621759155517825 0.1383134350915756 -0.005917497533287891 -0.005161830608039297
-0.11058281143747417 -0.383588546639604 -0.427293522873882 0.15941673494855033 0.5252029777410157 0.18040136362445922 0.10247687661983747 0.0019951739293283125 -0.20960024257218732 -0.163453708193885 -0.1582858330514651 0.12493097437642767 -0.16538585908884285 -0.2920988557150825 -0.0048782585501748 0.24808331131689085 -0.028199128699860222 0.04442409426835668 0.15883068006350495 -0.013884565930797439 -0.0024434325961712284
-0.10106638227315232 -0.3833882167164063 -0.43423970669346135 0.16783842391843226 0.5141787982989318 0.17348691610093178 0.07946958530703421 -0.0234498646773547 -0.2281322932046091 -0.17072192477374312 -0.12863485582201617 0.14816178555070067 -0.16118124983050244 -0.3162847613644125 -0.0207057901998303 0.22804148874250085 -0.028074934732880395 0.036941953103860704 0.15572696263034472 -0.013501138099809948 0.00010681481484193841
-0.10884420552983079 -0.38199218803331325 -0.42552892378840773 0.17241289147886013 0.5197088909744295 0.1733793405830371 0.09170383709585868 -0.0026314732459501344 -0.22021310629963128 -0.18024139569532238 -0.1359663606309275 0.1462368746638219 -0.15894089743929088 -0.3128208181920076 -0.014279304295759937 0.22442888635508776 -0.02927167835644386 0.03800262835913127 0.16100294369486193 0.0021911568561248733 -0.009363078895059393
-0.08722017217521381 -0.36762243740916783 -0.4307132492462868 0.17589083669031572 0.5252671767258943 0.1713734384484672 0.08340782724126089 -0.020409246529428778 -0.23014766687396987 -0.1663376393330797 -0.142918783158608 0.1351634118015032 -0.1830459494864158 -0.3103590904061198 -0.016473116064250625 0.23310014312203925 -0.024967698119331822 0.04322729216833427 0.14763194818781084 -0.009604566935451104 -0.0009462918697458815
-0.10416704252411654 -0.38100681141732196 -0.43053147348887805 0.17915928740146475 0.5165425215760737 0.1778675642566605 0.07840629452481597 -0.007449843574620227 -0.21180171538931872 -0.1895865671781021 -0.12977287340608995 0.13359311411060223 -0.17318716449311775 -0.3100958909588371 -0.026110959294817472 0.23540669432203717 -0.012717933251509623 0.02996830775818615 0.15177054528457115 -0.005468710716278007 0.0022340324166695716
-0.08371388546627635 -0.37167107774814634 -0.41623355163759296 0.16193052116734555 0.5210754707914065 0.1825343797443628 0.08262945512674061 -0.011412368240376424 -0.21804034285598 -0.17567567794881322 -0.16055767314124625 0.13376518560071535 -0.18357912106822186 -0.31038341698650174 -0.014133300197220991 0.24584956443774716 -0.032389372960753754 0.05225025207646771 0.16374571920514572 -0.015370344865229962 -6.896868040296999e-05
-0.08923796425997255 -0.3637585725062734 -0.42480655542050777 0.16675019436373403 0.5269007952886227 0.17190218746689054 0.0852741618937476 -0.022232733329306323 -0.22458357426444583 -0.17696808488829802 -0.13868695709374781 0.1184281319173906 -0.1754708512156141 -0.3304575787707023 -0.009791763691346444 0.22879979691135172 -0.04187070381116601 0.02859911593136352 0.16159092855991136 -0.01844471592422771 0.005841700491865441
-0.10999734895861293 -0.38456053928156786 -0.4258269261964601 0.16144584781335033 0.51544352612099 0.17545819279597774 0.09342702156329187 -0.016483853260382333 -0.2255504319814031 -0.17800625465488565 -0.14113331806887036 0.13446753176874987 -0.1641790731943795 -0.3080913612308427 -0.02323619677841943 0.23846568414642472 -0.030882253993122114 0.042296146257215145 0.1565713275420785 -0.006834385576295992 -0.0028862121764076268
-0.09380821614244603 -0.37529005484405015 -0.43364069267556377 0.17297897067790408 0.5216186453444546 0.17754896521299077 0.07958626676727486 -0.022685436029273635 -0.22583856672485061 -0.16791671953218046 -0.13778069348104932 0.14087784676221585 -0.17587739477010172 -0.3119825793170331 -0.02071927081974019 0.23352179211449822 -0.028080973926387115 0.02860784451685769 0.13787004125315055 -0.006882835281982711 0.0037181372806970657
-0.08492370268671863 -0.3854914737082712 -0.43229723079777393 0.15573138896702973 0.5098188049342992 0.17122763074078665 0.08417320026662752 -0.027844980850875844 -0.22387776549230257 -0.18092694075311572 -0.1471535618316687 0.13511150595737073 -0.1781724053035997 -0.32771697827121665 -0.018562714273268926 0.22369283418073413 -0.029214982922790244 0.031288236982916495 0.1477341635306677 -0.002411899580834531 -0.0009423202981075026
-0.08999939973905735 -0.38736802970414513 -0.43825623846129363 0.1627748603448769 0.5089670647546554 0.1644759594404352 0.0727366636361291 -0.01541687539418784 -0.22971887928269974 -0.1800968649501785 -0.15018091049496388 0.13053283709435143 -0.17176295607684963 -0.3196045722041012 -0.007664339363768396 0.22539182866358834 -0.018494035213022352 0.045016963580195336 0.14797880714702927 -0.006605792291661397 -0.005942162118520272
-0.08620513491699257 -0.3915027020361655 -0.4303135912090447 0.16986914638044442 0.5253430061594321 0.1829024424354849 0.08356964919174213 -0.024302479838240392 -0.20464200123924048 -0.16443601286627257 -0.1445454984556451 0.13360061422861322 -0.18140277894582507 -0.2952325613665259 -0.00851387881803682 0.23417452757800886 -0.01953739581471311 0.03113325346490318 0.155203904640475 -0.012579016194960418 0.0043523286664275814
-0.1070607074962345 -0.36806714573851895 -0.4301503541584897 0.18472249828447068 0.5162998266967702 0.17086199461446344 0.08002724306373829 -0.018486193150891207 -0.21894887659649856 -0.16650025997990509 -0.1376377653202577 0.1387273887860652 -0.18142898208369224 -0.327374756907063 -0.02298738760779013 0.22477408076588626 -0.028146240100327385 0.035207427428037674 0.15609443098658898 -0.003162546585846775 -0.002696321188170782
-0.110824102040062 -0.3759076914556181 -0.43805948324984784 0.17169874683357803 0.5120515555204008 0.17363549193165206 0.07030661329111072 -0.015080783710731375 -0.2182356530650154 -0.18557858725112003 -0.1431428759880618 0.1300983263489909 -0.18844303630267906 -0.3080278825574811 -0.004837295990486932 0.23243994245837926 -0.01406579559523239 0.02872188754437247 0.15019335263803812 -0.0026905783408104817 -0.002213517273868433
-0.0901242514810374 -0.37494600454303323 -0.4380279476795652 0.18114821990630392 0.524107382287447 0.16570844777444954 0.07973780446836057 -0.021873939362123215 -0.21641303684045546 -0.1792013022443207 -0.13235550723699946 0.1476967065152166 -0.1730155916615895 -0.3043267309743847 -0.012555852102522597 0.2345623083769714 -0.018927858430013513 0.02987762681714591 0.14251820261846243 0.004203026962246962 -0.006261092638419283
-0.10237715641862434 -0.3707640833698289 -0.41957367872317375 0.17318749103540113 0.5133408578692633 0.18417256791391104 0.07396293285208712 -0.033814327535978614 -0.2192798758065068 -0.18570512013398552 -0.13323958920509688 0.1295026952049288 -0.1872306128155487 -0.32586119523943124 -0.015542829948927289 0.2377550317579999 -0.012449980305259383 0.02443457676206148 0.16081807617407623 -0.013453951742541452 0.008091828632422466
-0.0978706764814653 -0.3963861806844683 -0.43136116523859136 0.15269804499324796 0.5090046803466368 0.16865734831191054 0.07986406044442261 -0.018173469058417498 -0.22055236767124145 -0.17431430021080288 -0.14315544824838272 0.13561279323457948 -0.1856132940998774 -0.31602213374860405 -0.013908635057798675 0.22252850971712246 -0.025547312317333887 0.03885910226724522 0.15968627074944514 -0.007073085396999306 -0.0032148434302809266
-0.08829573049561139 -0.3876543613992738 -0.42659252591165353 0.1723077881362231 0.5146216486100798 0.18057191804309233 0.07515318558100875 -0.027450225310942603 -0.22413753661066635 -0.17679798315107323 -0.13896829444904477 0.13595527255524534 -0.16671159005324893 -0.3004582403810495 -0.021254584766382253 0.23996445397696897 -0.03440677136025522 0.034999467297914574 0.16903382993195942 -0.006178356329720839 0.0006644681682766853
-0.08832317798158866 -0.3851613341044606 -0.43559439550583223 0.15708593598495635 0.5296134228564271 0.17283964678129066 0.07278307045672233 -0.03006925644349701 -0.2220280207310058 -0.17184280990769504 -0.14448053572288555 0.1262965457678017 -0.17040269508178466 -0.2964459855974023 -0.0163505584855634 0.23230275400633094 -0.02573835981513907 0.04643926134834584 0.15224218321509098 -0.005573063924898346 -0.006081190690110765
-0.10807461542055952 -0.3784005799175071 -0.43952937998471275 0.1550886667931872 0.5172894613005539 0.15723431932565818 0.08310260412040688 -0.005632457878517226 -0.22141215072826137 -0.16879426690089966 -0.15136508861880374 0.14111692534490794 -0.16537275122837364 -0.3100644230302555 0.005143851911084205 0.2419292036862487 -0.03650956554270008 0.03475889495655292 0.15323886846145737 -0.01531796085192874 0.0017576032224586907
-0.1078029213765913 -0.37855521843389606 -0.4365482651335189 0.16771731412402943 0.5221672546960435 0.1674799489303729 0.07051584480303787 -0.014631447788244559 -0.22860565084759413 -0.1786081172862502 -0.14020130154389798 0.12734106087817565 -0.17642733788986897 -0.295256940955912 -0.017886758723287845 0.23396774070946247 -0.027914916258229134 0.043058548867516956 0.1558671934600035 -0.01226221378345553 0.0006059336578053803
-0.0762138195196903 -0.3759424547499921 -0.4335625354927663 0.1753961096087429 0.5298808453842998 0.17759701223992136 0.07789248410710428 -0.020349245638051152 -0.2072095927407622 -0.17510449166926484 -0.14539233762276307 0.13202058779485246 -0.17156787119132602 -0.3077036124032526 -0.007138063958121207 0.23076993475107055 -0.035566083425937825 0.028576681783448327 0.1535224057421237 -0.008855090345149494 0.002252620490942522
-0.12018162962444622 -0.37566793300809714 -0.43375626664675376 0.17195532144747452 0.5081261632851255 0.1746430998622814 0.09246934090416654 -0.019625773000131175 -0.22486739334762884 -0.17780761682479396 -0.14651229758479228 0.15519986528501423 -0.1818087883764423 -0.30146339916116427 -0.018522242460173203 0.23361523624450511 -0.021031820669125262 0.037346760609523896 0.143501916754617 0.0006860074876233917 -0.008413464218149373
-0.08145581645359415 -0.37248190453651486 -0.440816863208523 0.16957848336746614 0.5196495287489525 0.16348201172619936 0.07138486077841993 -0.009561980664462446 -0.2173554022351212 -0.17860101360876696 -0.1396390232569528 0.1383624505357896 -0.1660286230146229 -0.3149647278868349 -0.012029449053395482 0.23605345355715027 -0.036205843337346166 0.031604044556778316 0.16376253069235105 0.002188486551241358 -0.00669365009375441
-0.08165733978256935 -0.37279466941534584 -0.4428094300755854 0.1661629452602694 0.517642126629737 0.16688882505855 0.07609169986112509 -0.026992481497150868 -0.21850246263725565 -0.18526757207325645 -0.13445077002362085 0.14759401562267607 -0.17834097132753968 -0.3020196246842538 -0.0120566481037772 0.23280175109959925 -0.027679064558292565 0.02996819190186622 0.165242780303645 -0.008779320886713987 0.001962957960287115
-0.08163773115126326 -0.384044856661239 -0.4198592879293022 0.16745138562598738 0.5189865854551838 0.1865567546200284 0.08655246000971455 -0.04156099284615555 -0.21906827030780596 -0.1698670399612694 -0.1385462076401333 0.14283233878322538 -0.17201439013346795 -0.3179177460923427 -0.016016471975011264 0.23777772338091394 -0.024184393531509942 0.025842901875493405 0.1516224681557437 0.001010573919075891 -0.003674142511204526
-0.09159925163352856 -0.39937590005619866 -0.40609702338063997 0.16878222583546226 0.5131786452883735 0.1744003831971023 0.07379155373650902 -0.021025312938579163 -0.23064084210979158 -0.17751627642243478 -0.1461373705993619 0.12075330295803921 -0.1900104589518426 -0.3170200099041014 -0.017623439856250284 0.22884567489881072 -0.04105483251093588 0.03687820595110178 0.16131216404925094 -0.00711107818416097 -0.0014737957071694824
-0.10172245217618822 -0.38061417908944456 -0.43474726052209617 0.160247047506261 0.5255773844320618 0.16270057419151318 0.07863018497827931 -0.023426359706530023 -0.22305741132699197 -0.1905189937990722 -0.14072040423295706 0.12036653717109391 -0.17092484194694685 -0.30131019353905486 -0.015124961970988482 0.23115567890589725 -0.03369016644161413 0.03996077445381647 0.15449827122422408 -0.0039031323843341467 -0.006512258288956244
-0.10101597778463811 -0.3755638536576075 -0.4357112122339086 0.15490617019105848 0.5133614265487241 0.19446170519723538 0.0884528353654145 -0.03512303420785868 -0.21573306451500734 -0.17410425271217983 -0.1324222176293778 0.1414065186453576 -0.17430859497372386 -0.30709869035504084 -0.017819885846385535 0.2413180812531877 -0.005964943940219409 0.03844768970756555 0.15894131292575567 -0.00886889815520145 -0.0031918491919896916
-0.09260474914369936 -0.388032870668071 -0.42239745028189446 0.16847436974888638 0.515643031306544 0.16620253327385748 0.09176278772932897 -0.018193956698150094 -0.23066533857425 -0.17424935712777653 -0.14761106009335345 0.12588466438773016 -0.1763667676364427 -0.3101186990443101 -0.0117969459846662 0.22993448181480208 -0.03620394129156265 0.042571163252098275 0.16424280242866093 0.005666614101748082 -0.012851406588323604
-0.08247720393526749 -0.3829294690614684 -0.4507101436866222 0.17527389220130682 0.5107995968020352 0.1679472462710534 0.08938188672741747 -0.02629561664548874 -0.22544456080981254 -0.17544536015450551 -0.1326079863165319 0.12667848565182857 -0.1719156290072765 -0.3088942263827801 -0.01746482352004056 0.2164335416572973 -0.03326018710902761 0.03764309916805796 0.1578549127879312 -0.009594873745841885 -0.0027624397046885824
-0.09014477541884741 -0.3689660840434678 -0.446527105622269 0.1786945014975492 0.501315486301387 0.1711596272585217 0.07372822423595728 -0.023884905632813702 -0.22284051275000333 -0.17750283486271232 -0.139016589365005 0.1510630838789717 -0.18237177383627193 -0.31328028660832097 -0.020167106496904705 0.23526159255806298 -0.03206275833695385 0.038009951386991404 0.15707467576940906 -0.0133446197806279 0.002781069768364966
-0.1042093766592017 -0.38802516182942637 -0.4377242463326651 0.163644995919935 0.5115049059496389 0.1822321674844545 0.08191474678912512 -0.021898178540228037 -0.22167773398859444 -0.18012705612780372 -0.1418153946701218 0.1321075812494116 -0.17467124281415355 -0.29745337018956114 -0.029189034172170704 0.23109477330166936 -0.012568334215328393 0.04492582818023434 0.1534398659048721 -0.004388048159279873 -0.004879878632842977
-0.09739347192138115 -0.37927510391805214 -0.43866669273213516 0.1777939819668831 0.514482564113773 0.16929019453061567 0.0699799211421961 -0.014502969565617719 -0.21519032116929618 -0.1747958827198898 -0.1432393446559097 0.14516424047997917 -0.17194323632279143 -0.3109170381656753 -0.011377971893245551 0.23546045748523356 -0.023018563874865467 0.029300484440285827 0.14985317282170785 -0.007502693943342835 0.0032390092703629423
-0.10084162083724384 -0.3848740841774937 -0.4167416488768914 0.18097713959554185 0.5100933700679784 0.17667684921418067 0.08970765886771737 -0.018033089397367343 -0.21820266855657156 -0.17251481607281238 -0.133347575524285 0.1478343003457118 -0.17763233179179888 -0.31899605670139786 -0.02235032252991283 0.23822888249383836 -0.01449096305353474 0.03696268478510997 0.16202042500967462 -0.009474238580333447 0.001664758709798519
-0.09596475898793595 -0.3730674089122266 -0.43219733385463077 0.16634752078600276 0.5338306974678898 0.17810062741463573 0.07143815156521995 -0.024329514338016243 -0.20960680880028187 -0.1588478079765139 -0.140050094251762 0.1451903616939099 -0.17141820937123514 -0.30956393404615307 -0.02031094461145675 0.23300693030807618 -0.022923014006783187 0.03883501975113617 0.15129993504651243 -0.002744575568141154 -0.006444064201949744
-0.10186889950729178 -0.38884483897593425 -0.4289976838611583 0.17299895273755758 0.5082681225596704 0.16658362967420443 0.08725057817249793 -0.042941479054707396 -0.23374910570003601 -0.17194667491920831 -0.1523769047320361 0.13682604359589984 -0.1732717235530858 -0.31350611016019914 -0.01611916972213145 0.21999294393134267 -0.02018394452071334 0.05667857084862217 0.14827944805778884 -0.013149733342155833 -0.004657977947592047
-0.09418376041193968 -0.38460396596341806 -0.4276475891037036 0.18319384757613555 0.5069074303173142 0.17050701216502687 0.08700316602369754 -0.032533433581174886 -0.2257964730402418 -0.18639659564692987 -0.15508185064889723 0.14039234953654878 -0.17313143936226588 -0.29764018492300554 -0.021649958713299472 0.23605341731297017 -0.038590931881862536 0.05096926978444783 0.15387455671100214 -0.009907627217961854 -0.0024687003763005783
-0.08211787722994732 -0.36846262745195424 -0.4262500348532794 0.16619979486110814 0.5303151648587255 0.1808154766244429 0.08049208298597572 -0.017660287227270713 -0.231005224374652 -0.16848134709776896 -0.14459196187978077 0.133291156467467 -0.1709446190424257 -0.30680566629489514 -0.009732797219687847 0.24062018240900562 -0.02323560556653006 0.026127456863757684 0.15636157337035925 0.0008522567492241414 -0.004656200132152527
-0.08219471229741333 -0.38262810250734297 -0.42069575963986616 0.16878954960213868 0.5308786550121026 0.196002363980954 0.08962191245519119 -0.016184052591268216 -0.2105673269538055 -0.17302113988934822 -0.1480219919750586 0.13139490415679475 -0.1686563023245217 -0.308087606276586 -0.02618312152826555 0.22427368712801635 -0.01462906016086215 0.032977132246470024 0.15401340366200225 -0.001720869538171276 -0.00021644982496497788
-0.0800221077154881 -0.3654038297028255 -0.4292525347334593 0.1822259447986182 0.5220602940645824 0.17724022577639606 0.060681513554043755 -0.014892379133169983 -0.2324063777924533 -0.17909272312666064 -0.1332894793689173 0.14212529724843032 -0.16793929611544053 -0.32091413876674124 -0.006132864673229059 0.23140995612778956 -0.014613918343266783 0.014555211291432009 0.1594183697301171 -0.0067734876167905 0.00562052770533531
-0.09761432752867907 -0.37729322823222156 -0.4425826543837452 0.16132817642985597 0.5128796296610922 0.1716815433421568 0.07983030781230757 -0.0287220046322302 -0.20545389291755217 -0.17294983321838522 -0.13399562808411758 0.14671758008049868 -0.17797287820126043 -0.3119825276723477 -0.029155718153094187 0.24295121194823666 -0.028308977675515202 0.05417555958995911 0.14835188024607265 -0.01617246622893158 -0.0020846477800627963
-0.08796449822008218 -0.37122793024216066 -0.4316744548954933 0.17255872265290173 0.5196588464117831 0.17709108445787605 0.06813956222645495 -0.02782339325555372 -0.21597726818729432 -0.17009572946333074 -0.14549130015403533 0.13429640493529438 -0.172947558183386 -0.3180821235696018 -0.015432579418451123 0.23859071207646546 -0.017558096559088743 0.03328323677058934 0.16415286939332172 0.0025336752135949664 -0.010373064875249397
-0.0913695872117155 -0.38360310659158164 -0.4228358126341712 0.17329406551778506 0.5182715876517578 0.17487678078742608 0.07891651740646467 -0.027745320650094978 -0.2293697283683102 -0.1854955933270479 -0.147761474784387 0.1444942419495429 -0.1600420648892714 -0.29950072401433736 -0.01577880865644969 0.23840700048505206 -0.018287407197144088 0.035780438267635814 0.16038697289741716 -0.0034600747775150043 -0.0034039758121678435
-0.09654190160463595 -0.37505063440151243 -0.4319286100580866 0.16143969962721907 0.5230253468068622 0.17792167413979085 0.08394725849268786 -0.026985123751233995 -0.2293728513497806 -0.15627077188915234 -0.1447836260069734 0.1339021976255559 -0.18049563858023296 -0.30610153821544817 -0.017372875106431637 0.23342451742061976 -0.03252936338316518 0.04278142130159879 0.15564320445050384 -0.017106432849235558 0.002924971426466422
-0.08465710227997882 -0.38223299131933974 -0.43260672861852545 0.15356541030803164 0.5137103210288056 0.17292235382050514 0.07117696385508482 -0.025075478360812045 -0.22613740732516957 -0.16619221390521 -0.14031930754647437 0.13939401982323743 -0.17724354669145095 -0.3227510019419233 -0.009779238301375566 0.24336849907794825 -0.01744335319816702 0.029116989583313997 0.15001626510533717 -0.007628716560370114 -0.002038090791813238
-0.08600933647363451 -0.3906893153626167 -0.44162023610685724 0.1741858057912282 0.5148588421132424 0.16762999879397877 0.07920826755462246 -0.012024962493672816 -0.22396498344973814 -0.17150313672682824 -0.14316840129902608 0.14288334752103915 -0.16316567710496144 -0.2999072511059268 -0.014652556129603417 0.22779811664733957 -0.02601806761035514 0.03983023724319563 0.1533796215289106 -0.0024354562844878407 -0.006476558943671184
-0.08750452303376119 -0.38954073975371034 -0.42603350248678434 0.17318124293691486 0.513998521024524 0.1740202748203462 0.08463966946128892 -0.020998950434984214 -0.2142370919351679 -0.17095148830182424 -0.1333785900970622 0.1459407679338513 -0.18244602960004255 -0.31670189166281226 -0.013243149976771307 0.22068793209979484 -0.044545613353151756 0.024325893238635175 0.16605164720308702 -0.013637505463676489 0.0033823141990846997
-0.09567542616207812 -0.40217215266215384 -0.42323347237655495 0.16090272150689522 0.5170783122853114 0.18267464353448112 0.07268348456921962 -0.02948571951719021 -0.21473097156512827 -0.17582535927770143 -0.1436411781800067 0.13987159955201572 -0.17564271749636687 -0.2992475121927037 -0.009607429648478783 0.2342844623609973 -0.015759640505963835 0.022041065963536922 0.15444479144465123 -0.001909532945796567 -0.0015644227969171525
-0.10127601255534621 -0.3849273133751051 -0.42049142891284275 0.16729411910812259 0.5199773737194667 0.17817281242807873 0.08729375281907008 -0.02434737327795963 -0.2091495725010236 -0.18446811197424878 -0.15451014888628628 0.1402594498625208 -0.1809411286739982 -0.297899045980653 -0.004981876316199626 0.24251923147601726 -0.040522853268108436 0.0363886976326775 0.14747788698386205 -0.008656639547411438 -0.002406908673372443
-0.10651524517006812 -0.38046807294287444 -0.4336601857537793 0.1697028072523797 0.514475522496421 0.17740123412341155 0.08281390700874271 -0.015463336545669323 -0.21636866856559836 -0.15745685631768125 -0.1373153208168186 0.14724684258568174 -0.1729002337557173 -0.3173626898013586 -0.017857842643210043 0.2321085524449453 -0.02491290515004664 0.034652055039968536 0.15803357779974295 -0.005831218833752058 -0.0016595638742258876
-0.09455077254886357 -0.36771200783274427 -0.42630099130428817 0.17206891277798395 0.5178013488925073 0.18935945077074243 0.06330224036090457 -0.0318003063294522 -0.20936666256109618 -0.17791933122677625 -0.14947823779265773 0.13881500012142262 -0.18725932672832668 -0.31794373921464875 -0.011124651665114336 0.2382425345905593 -0.011764623890803879 0.027405774283935903 0.15639450548335374 -0.0044423820645769245 -0.002253583582463233
-0.08858101328726968 -0.3800124966985604 -0.44140584809436545 0.17641276748945714 0.5135114663364292 0.1765629293101867 0.06850656841101148 -0.023760673336479035 -0.2219697443149559 -0.17006655218702474 -0.13541851574870276 0.13304291049823136 -0.1861379910036065 -0.3056494341942616 -0.02183819234022392 0.23598855715119665 -0.013900225781397064 0.0376899445423252 0.146742337377486 -0.005490584917719614 -0.0034166096638104985
-0.08348978570229913 -0.3960024723180387 -0.4272598589773863 0.1737993301903582 0.5158948829815401 0.17445450169609056 0.07037583715504159 -0.026621263138907444 -0.21878985922636554 -0.17903398581128113 -0.14116606329205544 0.13602657667112203 -0.1711318763016184 -0.3030970356243913 -0.009849591972817932 0.23885260144636417 -0.016826175604261907 0.02449951018779473 0.15379852829845223 -0.0018329617195401986 -0.003935378705630452
-0.08522421379326593 -0.38041850701163177 -0.4341038629305972 0.16279434453336922 0.514507520471565 0.1668004996925623 0.06558552990114645 -0.012672984611343705 -0.23013344184652487 -0.17257048923714793 -0.1481662571436367 0.13731673216753182 -0.18081981790858484 -0.3137655922523738 -0.013123865402533602 0.2371466159333346 -0.01063544425750501 0.03972460316555029 0.1524205467164126 -0.0059989643708238585 -0.0015150127404008516
-0.10368683415649457 -0.38022745069037617 -0.447943006417967 0.1629352139293251 0.512240799645915 0.1745412922129098 0.07092450125553938 -0.0063372387384980355 -0.22116760590579193 -0.17458763840782504 -0.13192523819509117 0.1322621178957613 -0.1676640874439661 -0.30864159810299735 -0.016658608343436448 0.23605295348705954 -0.025652255566581874 0.03148938113046069 0.15554597942765103 -0.0020712307053289115 -0.006182323384583894
-0.0732813549927656 -0.376476292980398 -0.4243832539530425 0.16822404099935165 0.5195212435817411 0.17753984009500162 0.0716970725749128 -0.005466855397206762 -0.23319612070193677 -0.170955610505944 -0.1482707567331008 0.1307246227148174 -0.17000247124443707 -0.30613647661701643 -0.029931204494076002 0.2391413246557457 -0.036079178892778875 0.06347534014731461 0.17047900090268972 -0.006789014639989549 -0.008812528613325455
-0.09220510373865322 -0.3999423843988318 -0.44280502761097634 0.1772999645047877 0.5147039930709111 0.15982925958475974 0.07432415506951369 -0.025663545383491932 -0.2136964895811714 -0.16591979346403746 -0.14154843133670705 0.14123183706384793 -0.16437914612441062 -0.29395881137394425 -0.01623789481808224 0.23316178078341884 -0.037756861499333105 0.04278786491315258 0.15111793033776585 -0.007125981901269496 -0.0015257503937582044
-0.09349128801216207 -0.36858281520818004 -0.44272581699675023 0.1669333161673007 0.5157002115957615 0.17309267213076462 0.07977304930295356 -0.034564205107171765 -0.22467504794594545 -0.1773278056616458 -0.1270680177213878 0.13779737747640333 -0.15660513018994812 -0.3096078227015544 -0.02814920843886855 0.24746859434430893 -0.01652485844904014 0.038599718243862234 0.163543896057084 -0.002388805025696696 -0.008831746151303197
-0.09360593803994408 -0.37693798019618097 -0.44261079610748594 0.16075242101535056 0.5088673548532593 0.17712890253168717 0.07147152673787328 -0.019402008329117298 -0.21493479142243194 -0.17611436509621745 -0.1396501609791377 0.1419927566555055 -0.1859222641186044 -0.31339987196762087 -0.014437738461864358 0.23835286173265396 -0.00937511933492434 0.03345646849759913 0.15352271424389105 -0.011460316241968818 0.0035413796225637366
-0.0950500020150483 -0.3629948064861332 -0.4414812901072857 0.17646051601491314 0.5288488698962552 0.1679624848001288 0.07629054218810703 -0.0259571998185288 -0.2163737653750196 -0.1630539034403641 -0.13113486692424017 0.1461422594059237 -0.1535434796470853 -0.3212021359707686 -0.015776401730896995 0.23052987160678656 -0.013910863783301667 0.03912872869622369 0.15765968364271335 -0.009176257916470825 -0.002627696908235949
-0.10233593986847135 -0.38953001817448113 -0.4128690303107657 0.16649802023471186 0.5174475796877835 0.18506955681404624 0.0725171095088186 -0.02499458729384588 -0.21055090743198943 -0.18272418952667047 -0.1403869945638582 0.1630810348938263 -0.15821481805233 -0.3183930877091041 -0.022138599802759843 0.24118569009114166 -0.018117074870995207 0.02862899010083272 0.14635496549178342 -0.008184312310929304 1.0276994159665453e-06
-0.08553928198744738 -0.3854675194833915 -0.4265607645821479 0.15905327882631456 0.5312068197831707 0.1826278316497597 0.07749636044850906 -0.014931489422244613 -0.2161134874016707 -0.15969387860002768 -0.15167573110435095 0.14239760728211692 -0.15805567761821346 -0.31829691281022726 -0.02321894061491763 0.22560403642347426 -0.018396785385695107 0.04761681456665061 0.13859187042149843 -0.0038117235438167815 -0.005908008272084106
-0.10528955091918121 -0.38838816879785204 -0.4217254745349465 0.16204867811883855 0.5228616980941451 0.18399324867509148 0.0742473029993044 -0.03979604890588082 -0.21226535302133823 -0.1624752657817039 -0.14018214968208886 0.13488547854591607 -0.1685097952891555 -0.3125103292829624 -0.024064377891550946 0.23480115325612663 -0.024365708411293027 0.0343576973973109 0.1632912812582256 0.005028190476709407 -0.009487662100651321
-0.098143348457088 -0.3898069184767241 -0.43213427535165805 0.17335851542657918 0.5250247307034437 0.18157824696012498 0.08180761896093361 -0.008210523610131113 -0.22767643097308032 -0.17479966506884984 -0.13435014972595755 0.13171497652162745 -0.15469535129630707 -0.3048149579738361 -0.022001713750806298 0.21637477882367775 -0.026063091898855795 0.02585525397089547 0.15144593726223196 0.0020431159086208746 -0.004547760957521389
-0.10222679095870611 -0.3812582681338146 -0.4312708139415089 0.17661961740251725 0.5133831037653165 0.17262628161350704 0.06643729521299031 -0.017824126799561194 -0.22050106515336296 -0.16567077750345474 -0.14635425637403207 0.14489115801445 -0.18480836271295278 -0.3179455016760732 -0.01649629756434789 0.22978500263598714 -0.017355799349936776 0.02975952458743499 0.14465107262544707 0.00016822409700906676 -0.0010243299008018633
-0.09496469768003335 -0.38209936068249395 -0.4270153119365958 0.16666182759558323 0.5150153031955069 0.18291984156484611 0.07130256246737816 -0.03086628497704638 -0.218562660768136 -0.1805062604687582 -0.15740368887093478 0.14921753662848694 -0.1604930806286901 -0.3061628172046996 -0.011214730825672389 0.2416233546285801 -0.022311614026253153 0.034898828757622145 0.15162117204860065 -0.0011445107413642647 -0.005004680316919404
-0.1046750457474681 -0.38110252658668886 -0.4391452589127293 0.17178877633742717 0.5065879273421166 0.16989994159827876 0.07296009058539656 -0.015562331282293633 -0.22284733647776814 -0.18295036121135388 -0.12424688122281653 0.1319199822650134 -0.18522977953804073 -0.3118320205865104 -0.020685340268796273 0.23356249646321453 -0.026257091658743653 0.027438403834032 0.1625429018832709 0.001597404497047947 -0.003973354235671871
-0.1117246326198645 -0.38169490421396124 -0.43315865260782044 0.17424541855715492 0.5217176556419962 0.17778107083843941 0.08543249617507546 -0.030247483549549075 -0.21652544245947017 -0.1646773352973066 -0.14100443581798963 0.14178169688783182 -0.17991075812870816 -0.3044722570727408 -0.034327911551801454 0.22095796027360293 -0.019909275063681262 0.050784306663971344 0.14042206197588578 -0.008597269012393364 -0.0019316680051329309
-0.08470613875946291 -0.38588751650218966 -0.4265363711213505 0.16464273149312583 0.5153181259786299 0.17888257233587265 0.08789032555516477 -0.01260481783976411 -0.22866294686337993 -0.18141864339888858 -0.14340899760118564 0.1264386754805064 -0.17752772703917596 -0.3025226255048062 -0.026317937273454887 0.24029810677275243 -0.021602537229723502 0.045725660362379066 0.15346696854482564 -0.0020908209506929273 -0.010083268107896599
-0.10667330511604979 -0.3754186052169449 -0.42910219715108655 0.16194540923127773 0.5167721504295213 0.17863517152934422 0.08884250280082925 -0.01201168861786835 -0.23064186069794337 -0.18322422611622585 -0.14065302682468364 0.13953784319527832 -0.165700811876478 -0.3049739937543911 -0.02385985209858313 0.23815230428046805 -0.02775123473375921 0.03505025010271801 0.1564887643524931 -0.007689441654348882 0.002515095307515744
-0.09963217245198368 -0.3820378312183779 -0.42127201839887135 0.17692821017358093 0.5232319566317252 0.17460135703941088 0.08631166750982011 -0.005540178133111792 -0.20600878541437953 -0.1733246383240937 -0.1558784062539759 0.13512669096822147 -0.16551894137406495 -0.30760715789830995 -0.00707046129627496 0.24354085748874582 -0.025590734713820732 0.042755706360063817 0.1567715630492024 0.002556961416980609 -0.011096728570276482
-0.09201762566493951 -0.36469085011620395 -0.4239174198760504 0.17468559335425837 0.5190934747994621 0.1701936339980761 0.081469439504253 -0.022647903245991384 -0.2261462893181026 -0.1784929225900116 -0.13999799016860276 0.1291936137235687 -0.18596713766465586 -0.3196084215684071 -0.020033414243440465 0.23987460220988496 -0.0421283373349475 0.03879506749352118 0.15881497449328352 -0.015353888713936845 0.00579919177984205
-0.1033747091137051 -0.38153815444879824 -0.42739372366201145 0.16808195433460807 0.5183759785399519 0.17756980504643388 0.06876866787162962 -0.007936248757594355 -0.22441542638218503 -0.17505369020921063 -0.1413627721367573 0.14494295957748185 -0.16851744344741104 -0.31584936156729393 -0.024906685540900968 0.22890050534821982 -0.02534388767836617 0.04414825463384286 0.14827472826745428 -0.0005725092933940767 -0.006225290947509071
-0.1034666215479235 -0.38033688197240423 -0.43450929515713793 0.16235682623408268 0.5132319727541897 0.16979099547975945 0.0862800504774992 -0.0157469048266157 -0.21978535198528282 -0.1647253354674569 -0.14912407371216657 0.1409541653920593 -0.1734289426655812 -0.3163616974256687 -0.007495770283584325 0.232952567728426 -0.02717498119695016 0.03659056379484302 0.15863150493154243 -0.0157688946203374 0.005542925504444346
