-0.01235087918037438 0.08598491491886441 -0.04984787577080457 0.007904986629477768 -0.00014364704022672622 -0.000354340733210131 0.0999857892107261 -0.6731435815692484 0.1828855355169798 -0.011698458731324256 -0.003922771811654211 0.1505060804993534 0.5839373557447833 -0.07867757945405397 -0.0032294196205587336 -0.30167882869519447 0.16968900593370884 0.004008076748175525 -0.05925556256197063 -0.004360534615649292 0.0012338646626986114
-0.011635321315079328 0.08987150231508506 -0.05010095741311262 0.006256283595527574 0.0014746267385436916 -0.0004043899116696283 0.10337349864740059 -0.670895370961382 0.18515050211455505 -0.0149356498739953 -0.0026398379073627742 0.14798123956756842 0.586129943587664 -0.07872784521262535 -0.0028384829037942667 -0.3006020556489784 0.16962181287139635 0.0028444538499000464 -0.05593416837575287 -0.0037832466758288778 0.0012800481721561266
-0.01224531021891512 0.08190684261567555 -0.04807773720283195 0.014277323306905438 0.0007522376273861644 -0.0005220689650470559 0.0967944652231016 -0.6759128696851523 0.1837258960536167 -0.0073683359635194805 -0.004568172091382335 0.15256504075376193 0.581144163254858 -0.07921141721900775 -0.007312884060683341 -0.30337946824540674 0.16741409327776693 0.0007692018707172748 -0.056213720496622994 -0.002507485389783101 0.0011966695128835185
-0.012314535624315306 0.08140359618900683 -0.04768000685263102 0.014279321177189502 0.0007349453975667476 -0.0005178284223515674 0.09665826019816803 -0.6762456580037848 0.18374130836719524 -0.0071958270248436975 -0.004252136700835437 0.15289433910676745 0.5814094758743719 -0.07921905146175283 -0.007346292767396309 -0.30257754935507875 0.16679886674480238 0.0013300879117086038 -0.055975251425485324 -0.0028476075940752437 0.0007432089794213082
-0.01225609064012877 0.08212169503319297 -0.047851923210677716 0.013886506758509446 0.00018480362617677928 -0.0003679768158703664 0.09673066689926764 -0.6759069062911454 0.1847298164120966 -0.006734979558766764 -0.0039919983112016826 0.15241479220112744 0.5812656309385067 -0.07953636760061623 -0.007943863157774032 -0.3024475359543931 0.16746194067546827 0.0016220704078140085 -0.05670679425333536 -0.0019776081968829774 0.0005271000095844613
-0.01277127953957323 0.08165798768254984 -0.048015645728364045 0.014671146397935523 0.0005748784726546643 -0.0004946733620495476 0.09707759097271781 -0.6764036091820598 0.18425819942645896 -0.00669100587823848 -0.004332103738667904 0.15220795761680947 0.580920354131012 -0.07968112384146427 -0.007858428784446843 -0.3024047929842597 0.1675313725570358 0.00119262061601059 -0.05585345854263617 -0.001920442612255301 0.0005745393660729426
-0.01289299676976817 0.0825327357769294 -0.047818914168366346 0.01343906647408061 0.0003573844645629505 -0.00046101110083040733 0.09651664468543367 -0.6761051994036127 0.1842916622195258 -0.006669638008432788 -0.0047475200229645026 0.1523698072750528 0.5807580244630319 -0.07996584516657344 -0.0076302503792662684 -0.30305861858767214 0.167684318896164 0.0015837629310204802 -0.05631359747318381 -0.0021448791423482848 0.0005406148168239764
-0.012272251693147877 0.08175093132218508 -0.047991409468016666 0.014460992695039584 0.000490735526123885 -0.000575052443829582 0.09722442521098362 -0.6756880313556951 0.18418646760185867 -0.00729713105979107 -0.005129364897177929 0.15263842331823158 0.5813996021032801 -0.07971550667138275 -0.006807806137206355 -0.30268340892184475 0.16778298819394707 0.0014182208130429 -0.0560374751376384 -0.002466971318638814 0.0007905884278615636
-0.01216157304656524 0.08138555009045963 -0.048176139125709255 0.014742831153398223 0.0007102004395438444 -0.0005323975850482621 0.09668063554728777 -0.6765064325012076 0.18380835134265064 -0.00803510253121663 -0.004370066247427712 0.1528706437144536 0.5807845890536403 -0.08039909742907747 -0.007923137381439353 -0.3027028859191526 0.16686082991058215 0.001112934509157569 -0.05592338203432055 -0.002146125036059503 0.0005777649240360078
-0.012650292499894095 0.08151389352065586 -0.04781440066475045 0.014477344500110774 0.00015291099086330495 -0.0004526211825514868 0.09626402079263724 -0.6757326009382877 0.1838441664815056 -0.006802398545725116 -0.004742675221776256 0.15245944267768377 0.5816471490090955 -0.08000687240347099 -0.007491308866737018 -0.3030863444405953 0.167177410083203 0.001280216250586517 -0.05585857801263222 -0.0019833145080166365 0.0008859900491760336
-0.012702102037360621 0.0819572046700246 -0.047852985550138234 0.014293803040579848 0.0011625281313826141 -0.000646301907804558 0.09688032339430126 -0.6763018895537647 0.1840926757038051 -0.007118541739697929 -0.004911521800598395 0.15249733856258868 0.5809385596688196 -0.07904266481249177 -0.0071769021619440855 -0.30283613114771185 0.1673785921845536 0.0009534057569091512 -0.055830487528513446 -0.0017061541021503289 0.0005022900821693647
-0.012181152982183122 0.08145800247094942 -0.048131093646983154 0.014214980949272616 0.0005365129322713652 -0.00047257077956857377 0.09706043458393279 -0.6760638506229849 0.18412848458958342 -0.006362386668784794 -0.004401329898427837 0.15233265603115007 0.5815140712742158 -0.07955331443189198 -0.00757568722924567 -0.30237941224128345 0.16710669647090468 0.0013743106770763467 -0.05599562397572983 -0.0022570514642187554 0.0006338802770288174
-0.011968802540863594 0.08240242271181356 -0.04795426362457929 0.014177702971652542 0.0007646683207759811 -0.0005415993284096865 0.096712047517451 -0.6764244850266017 0.1843430766213919 -0.00678968158929815 -0.004813049548948288 0.15298535765052412 0.5805646758424027 -0.07918785277457628 -0.007740773085055324 -0.3028817977310929 0.16732806510798592 0.001665080729142034 -0.05548121058074198 -0.001523599888509346 0.0005754609788571847
-0.012009338423908557 0.08170047341240444 -0.04778123368947394 0.014255597861080476 0.0002289330470309585 -0.000404270015063653 0.09670990331896376 -0.6762140266133636 0.18459487346055065 -0.00693175751661936 -0.004334422059079273 0.15229173320262182 0.5809245078003826 -0.07853430631192071 -0.007957953961996727 -0.3029133506988874 0.16757234808598417 0.001759107202150612 -0.056509472664257904 -0.0018271737667447153 0.000489685451269517
-0.012308574135966026 0.08157623986438876 -0.04777152177695246 0.014637153512765823 0.00048703835481762246 -0.0005402290603255307 0.09706224009245291 -0.6761119049992023 0.1837781398046459 -0.0069823385078123445 -0.0050040184735797725 0.15278736045621602 0.5812353313406898 -0.07937499351866785 -0.007684654107009441 -0.3023092503378053 0.16810063192143682 0.0013355258580268101 -0.05574009462261451 -0.0021761835218954465 0.0004730367794067941
-0.011470472327863279 0.0818508902477162 -0.0483270092162967 0.014724302806679298 0.0004808658444831226 -0.0005296116700726586 0.09746829421781363 -0.6760871666494379 0.18411456137963655 -0.0077833294429265525 -0.004805635668636974 0.15239559759709928 0.580988061365116 -0.07932297718336265 -0.007791796046509543 -0.30305886175487284 0.16719107870146147 0.0008905082410668051 -0.05581028497161296 -0.0015123823057349725 0.00069349670245795
-0.011889507317149255 0.0822296433561454 -0.047708345026859715 0.014401263422952726 0.0005459530625291506 -0.0005430737754235707 0.09626290190381813 -0.6755197863498053 0.18401069277229437 -0.006841015334673526 -0.005014918237283652 0.15268302817334867 0.581595142011108 -0.07977544175475819 -0.007322742590507542 -0.30312353478638226 0.16748323797238046 0.0018002625184365027 -0.05623998476925064 -0.0017308264800046866 0.0009964507073581077
-0.012657956200852647 0.08189130708306173 -0.048049587112270184 0.014287256510647115 0.00045614311130704415 -0.00045317247803685674 0.09743247728594621 -0.6766166236665877 0.18405804421431837 -0.007193898630688994 -0.004417023606867993 0.15179790731615092 0.5808211921610792 -0.07943301027854419 -0.006812103067468766 -0.3024397340874165 0.1672147939953186 0.001620623222169532 -0.05637962005722378 -0.002090680177572829 0.0006405028983045195
-0.012650374539939653 0.08246104686973132 -0.048048969804599696 0.01494064102975131 0.00020891611639590248 -0.0004677125778626554 0.09650675848542668 -0.6759413939540037 0.18389279196157332 -0.007167036053378518 -0.004688434706295671 0.15210618956083535 0.5813275764226021 -0.07977073260814875 -0.007463558315828133 -0.3025235013679569 0.16795911999785673 0.001684758770084807 -0.056325261920055415 -0.0020072244608712775 0.0006855690101751071
-0.011769407553416567 0.0819404098489981 -0.04765332318969382 0.014577169400299352 0.00027611158156182577 -0.00043354935809350703 0.09708734625659006 -0.6756455988838347 0.1843418014678344 -0.006354899855311056 -0.004423621270838469 0.152525744430909 0.5812463303366668 -0.07951792490320612 -0.007246186915303319 -0.30337856428787446 0.16742121013924763 0.0013902889125894486 -0.05598323254614604 -0.002536017113247285 0.0009816426278829728
-0.012082159664725738 0.08166710974513917 -0.04820830038053974 0.01464228183298592 0.0004372844922241062 -0.0004619985189440327 0.0970210761658913 -0.6761801421157199 0.1840551382011306 -0.006555739193673171 -0.004293715085337125 0.15253010944565062 0.581123012864019 -0.07978568346865847 -0.007760891052169138 -0.30241787262344694 0.16758089010906219 0.0010182474082655213 -0.055989194696945 -0.001988156104491735 0.00044818897236863166
-0.012586196651255438 0.08143584609257985 -0.047718241771942026 0.013792019790787962 0.0005065205562127872 -0.0005359699196855368 0.09693035644103781 -0.6762396768878044 0.18403604115374533 -0.006838940358761942 -0.004992603885738284 0.1521139570318724 0.5809661669264565 -0.07958060811245364 -0.00708866433642538 -0.30322376565766695 0.1673102566230088 0.0013516981089624913 -0.055829321079887174 -0.0021968298552693883 0.0009135053447288857
-0.011287743889690517 0.0813776683483459 -0.0485533020804068 0.014644732114487857 0.000436215025167621 -0.0004800264099390716 0.09690496703617542 -0.6762600157340591 0.18407341185525106 -0.006844459812565049 -0.004539992155895716 0.15256220176539204 0.5808569494533304 -0.07937907793136391 -0.007739164043741378 -0.30294581040973345 0.1672548512817252 0.0013436929544011521 -0.05676037533127052 -0.002041521226695563 0.0005221255937489656
-0.012087098366672532 0.08199389842900824 -0.04877746495311498 0.015134253175859213 0.0008605216891569677 -0.0005904167606847683 0.09698924500355265 -0.6757284505532324 0.18437802037041565 -0.006730211714809117 -0.004671491741856448 0.15299839158618264 0.5814731028575225 -0.079421672321253 -0.007177598425469047 -0.3023573250119801 0.16724524236450555 0.0015994760596215439 -0.05628784979955703 -0.0016099145264710526 0.0003301059029572945
-0.011848537464044238 0.08177027971032859 -0.047726151267280345 0.014104467573614938 0.0003032285691606286 -0.00040778028938803237 0.09714652870268839 -0.6757298241833063 0.18448740786490567 -0.007271018546764038 -0.004182548488007236 0.15231122096903427 0.5813639196168676 -0.07914248977419353 -0.007122470368733491 -0.30277108745775655 0.16788178372588528 0.0012221695375025155 -0.05641108114320514 -0.002398317893601846 0.0009932789085199253
-0.01242120172609227 0.08194711641945139 -0.04795753109575255 0.014647712488548067 0.0004395692993235763 -0.0004837073438901465 0.09725041702455685 -0.6760598026741885 0.1836359900902339 -0.0073009202961273195 -0.004573975037407184 0.1528783896768578 0.5809589197037268 -0.07993059198257385 -0.0074629050120625946 -0.3032341195646429 0.16708001141491985 0.0009232300072507164 -0.055722978714338955 -0.0014977946153892053 0.00032244167858772613
-0.011858007779191753 0.08187456425565877 -0.04768016259013375 0.013029916621439376 0.0005247507068344153 -0.0004179728397742214 0.0969057668669978 -0.6759129080148275 0.18372603309365468 -0.00671658379343018 -0.0042070838701527185 0.15210812349865174 0.5815433507975698 -0.0800676005062293 -0.007547472355475033 -0.3028947982335108 0.16719538508514928 0.0013786433860435402 -0.056054225216987025 -0.0019229011082321635 0.0008351517837479995
-0.011833596735021244 0.08135458482126665 -0.048026468592511674 0.01442496891269972 0.0009517194839095655 -0.0006604733088712154 0.0969957292263092 -0.6759948408491229 0.18425661337496882 -0.006879980573543571 -0.005395885141056605 0.15213540586155427 0.5812622396511048 -0.07936093022296088 -0.007039266771243806 -0.30268624294914326 0.16771475925382986 0.0012891246320300758 -0.056653516258530656 -0.0019652003855473413 0.0005099990151358877
-0.012442721243294052 0.08224214175078923 -0.04750417082906857 0.014358944630133291 0.00043246196286003214 -0.0005301805005332524 0.09737426719672967 -0.6764521348198186 0.18407180798562267 -0.007219990983805731 -0.004996111856201613 0.1525108012952369 0.5808777057004034 -0.07978237770768082 -0.007246813679409157 -0.3025152425182955 0.1670425015976712 0.00133915230430019 -0.055388000346532434 -0.00215122047691311 0.000487948935783057
-0.011641541669342222 0.08213065740960686 -0.04761393713452314 0.01499043312484304 0.0003047451151653771 -0.0004689145776891986 0.09670527308500072 -0.6761693945095452 0.1833456901211885 -0.006662720801249899 -0.004646180996009372 0.1516354589513491 0.5819023067481578 -0.07991098014018065 -0.00706119679144658 -0.302308918004857 0.16672168936525678 0.0011737092571426863 -0.05619108115782794 -0.0018123115590923066 0.0004476538631328878
-0.011970881588742623 0.08099718830782643 -0.04820958123017796 0.014315380861529052 0.0002106649666457574 -0.00041971955116533124 0.09671354213226033 -0.6766480685261717 0.1841935724532585 -0.006744729804301563 -0.0043354588921521425 0.15298565618337842 0.5808231646250867 -0.0788559140778405 -0.007445537729839317 -0.30245837989955543 0.16726982559339554 0.0015155386005523757 -0.05538613110971063 -0.0021655494467826613 0.0006592486792786392
-0.012346531950012068 0.08165048301657694 -0.04858834928752846 0.013670884692027218 0.0011022945374578137 -0.0005823308192320515 0.09701473627758947 -0.6762177792996588 0.1840269784452589 -0.0070076073246068135 -0.0049808022715593 0.15339295699320837 0.5811821742950564 -0.0792393413284126 -0.007114113238460775 -0.3021966666658035 0.16684655921218636 0.0013522440824432996 -0.05664800310853905 -0.002409506115907842 0.0006826359383381716
-0.012639432093637975 0.0818602820431235 -0.0479594589896978 0.014609517350002424 0.00063187402867219 -0.000542982135199122 0.09672244764771114 -0.6762675280712765 0.18361215659665323 -0.00671364388746834 -0.004898989831950518 0.15218816294981632 0.5811208013521766 -0.07978317006476617 -0.007518114062246605 -0.3028952344574847 0.1674272206729007 0.0017674028189583449 -0.05549233694139049 -0.0021650407502482737 0.0005401760215515762
-0.01235166984911451 0.0819551131486397 -0.047613725087778926 0.014887482602927611 0.00019213908340948307 -0.0004459199469499314 0.09704619097898254 -0.6762174660195993 0.18406265013959688 -0.006490167277669956 -0.004587375275486753 0.15279974782662986 0.5808647263194665 -0.07983759870808292 -0.007066607617144898 -0.3027170007418287 0.16736100853405209 0.0009203901346468479 -0.056429913105684945 -0.0017715105168279084 0.0006507423083541267
-0.012034463409608311 0.08157352996085068 -0.04809225620539954 0.013875814368984682 0.0005300932103836557 -0.00046269515858379415 0.09660311051682749 -0.6763602402300611 0.18489764330066455 -0.006767502231903205 -0.004400817891543045 0.15241805798422584 0.5807616824732854 -0.07914476627573767 -0.007335646051716364 -0.3025244572300906 0.16763512328074737 0.0016688342499401219 -0.05643941189374711 -0.001736623591218554 0.0007073544491080513
-0.012639119860407623 0.08083863294374219 -0.0479797642253464 0.014510467934042724 0.0006678570195680978 -0.0005258263335519895 0.09717523203251001 -0.6761950946323924 0.184358323379032 -0.007361367962639139 -0.004463457788973527 0.1527810558335245 0.5810814950739749 -0.07910570395471075 -0.007939379643121827 -0.30279276370719616 0.16706365267364737 0.001461063128339362 -0.05592201891691911 -0.0022281309650486027 0.0007102227039775047
-0.01208355842200633 0.08186561396936237 -0.0481363304858529 0.01384642714735405 0.0005809996822824678 -0.0005227267775734515 0.0964590866737608 -0.6758708850006042 0.18439016292558888 -0.006413942915493363 -0.0048647474993637465 0.15327815340320314 0.5812889196504192 -0.07916522156492786 -0.006949723100477884 -0.30291294293523036 0.1668647705112894 0.0011264599972909458 -0.05620327259334367 -0.0022480537504723087 0.0007473123542469032
-0.012683918047537877 0.08218637362706763 -0.04824790897086243 0.01418205805362218 0.0002902742124221779 -0.0004409851285351358 0.09636894405366439 -0.6760973807766394 0.1840712965396337 -0.007065945647153912 -0.004486607136823719 0.1522266851174305 0.5812698651822994 -0.07932439917073167 -0.007347113268933894 -0.3025753255899197 0.1676057704782426 0.002058816721385947 -0.056245959403216986 -0.001485593003283429 0.0008780998793605528
-0.01233707178825358 0.08202163927881992 -0.048557983360155606 0.014639021196633673 0.00047078299257318043 -0.00047942168671046313 0.0968487819798165 -0.6758650800569107 0.18534156071925953 -0.007132395708314431 -0.0045473297518075365 0.1530124797131067 0.5808924606035865 -0.07932698807103132 -0.00769284685133474 -0.30257746588067674 0.167463820030691 0.0013378550598349198 -0.05611076491398154 -0.0017039359142820712 0.0003082638084449981
-0.012135357505002085 0.08203321486602999 -0.04856805585809951 0.01480022800601033 0.0008701981864952705 -0.0006923260471638036 0.09756203247903349 -0.6760121810827213 0.18447313861608033 -0.007250336079426376 -0.0055307737970875705 0.15323487799900098 0.5809948798453919 -0.07966562140330744 -0.007232299455598233 -0.30229978453941947 0.16717790374454897 0.0012584250628260125 -0.056071450657424186 -0.0023283579551593944 0.0005578656866713352
-0.012549593925656261 0.08112784877086852 -0.048233084399053536 0.014162675461005867 0.0006349201390184324 -0.0005506001850367919 0.09675620170434282 -0.6761952408135413 0.18389503151077294 -0.00715820231582103 -0.004906215950661959 0.1527827559302474 0.5810670698927655 -0.07944669816485674 -0.007950082988002692 -0.30304533847562515 0.16694630786476988 0.000807993810105317 -0.056303940294125436 -0.0018649195806466218 0.0005466378012963458
-0.012050326529704445 0.0824172907048223 -0.04820238132847397 0.013911667002071623 0.0005678810097628396 -0.00053591495299466 0.09700387460698989 -0.6758966735406791 0.18391923813146302 -0.006617525941448832 -0.004876298159455178 0.15198078140020127 0.581021392940221 -0.07993596892350162 -0.006701346116361159 -0.30314636018847924 0.1680511816987705 0.0013490287598120717 -0.05606095517566277 -0.0014599642980999896 0.0005132570071767602
-0.012686292548120297 0.08166789886725606 -0.04741980559585311 0.014677691929714649 0.0005069059467942642 -0.0005344861972417342 0.09635946060974938 -0.6763349326466909 0.18421207037244922 -0.006583595667544676 -0.004734786045405232 0.1522482467310385 0.5810478439570543 -0.07899830241451962 -0.006385975750696732 -0.30244166962989605 0.16805894472799598 0.0011032764430950785 -0.056499238515277383 -0.002156464899323264 0.0006476574249359655
-0.01186390900442587 0.08237139701933183 -0.04852311444588477 0.014084311820529506 0.0005809856675156258 -0.0005291144077077289 0.09624857025605797 -0.6762590531886428 0.18413466153096683 -0.0071943477694749475 -0.004995368194349165 0.15207984521508766 0.5811895915547454 -0.07945437293432529 -0.007767288289697839 -0.3024005009354938 0.16750792435213585 0.0011029239996807655 -0.05615246856027904 -0.0023625549462986703 0.0007267056709053414
-0.01240394289148075 0.08132419745123547 -0.04832487736983093 0.01373754986886519 0.000534852413177571 -0.00046710721435658226 0.09707125050600689 -0.6758485718533203 0.18411811655067944 -0.0069898618639172355 -0.00465335634085094 0.15188752980042847 0.5814696944342339 -0.08020442749966317 -0.00798999126891402 -0.3027771172607457 0.1674031818774317 0.000651918414392575 -0.05627781533879313 -0.002047560780586204 0.0009224262058347489
-0.012525179454818043 0.08148256069468088 -0.04762765030317434 0.013524552966802382 0.00041364895649164535 -0.0004093957545394329 0.0968942659168328 -0.6765377005819821 0.18414911006621956 -0.0072162667080632415 -0.004254021016650076 0.15262464529271294 0.5810882844456272 -0.07937990328646448 -0.007763360755336023 -0.302531939019932 0.16657138766074345 0.0014262942538664216 -0.055524747857559974 -0.001732737947263959 0.0005391931538288253
-0.012726662362583118 0.08169747987152631 -0.04752806472303769 0.014045296063025408 0.00016452852937579222 -0.0004394034079544896 0.09674082956497615 -0.6761008984584678 0.18437296626483393 -0.00714902125550706 -0.004624660231553852 0.1529379848949285 0.5811140521775414 -0.07915219789243325 -0.007845630793875747 -0.30274005385739555 0.16719239623463897 0.0012343276733951043 -0.05608288910512849 -0.002661769545886435 0.001056849551683074
-0.011925634565947665 0.08189700755645199 -0.04734202719689156 0.014165416520286005 0.00041642134066428356 -0.0004659683479684444 0.09718715838474669 -0.6763174839421646 0.1838999204539212 -0.006386403777142333 -0.004587841277920698 0.1521974912551275 0.5811726255186526 -0.07906496660014431 -0.00710516737874941 -0.30262744322097573 0.16694639109564086 0.0015175787977877214 -0.05735226812576812 -0.0017065021841086503 0.0004797741934959507
-0.011979725177794082 0.08206944183620155 -0.048550305650134934 0.014129714844834775 0.0004409736646104091 -0.00047085261319921825 0.09762896455787605 -0.6759797296085719 0.18360016427083417 -0.006957832660719698 -0.004598566255509136 0.15247628589398868 0.5813908010194502 -0.07935778190546407 -0.0071611832680999665 -0.3025256307584097 0.1673348570426558 0.0007474660522458089 -0.056236628313389596 -0.002422030670019052 0.0006255216575824802
-0.012108197338305858 0.08190337336287679 -0.04763660008239261 0.013883011275919784 0.000424474805670621 -0.0004374713431760388 0.09678735302540391 -0.6760141330369271 0.18454427603633225 -0.006717899908133775 -0.004393914147921204 0.15263137576457295 0.5814780062177705 -0.07926084107123385 -0.007701816840990449 -0.3020813780112966 0.16747458228308182 0.0013178624838079962 -0.0559840972979697 -0.0025741159766497577 0.0009291824032026759
-0.0124590345371086 0.08154995170594673 -0.04777284968594174 0.014319743386148387 0.00045160970588820017 -0.0005646039904329607 0.09657903331774216 -0.6763717977322622 0.1835247501780211 -0.006761197494628033 -0.005298030763540351 0.1525071952979312 0.5812894719415722 -0.07964426142035352 -0.007706819257975785 -0.30231708119269324 0.1673329827352166 0.0018403451203292305 -0.05643103518714452 -0.001643309000573079 0.00035719452195911376
-0.011856057224668821 0.0821001263464598 -0.047354165652232987 0.014462365605693158 0.0007248725541764751 -0.0005613345468627243 0.09703996864028488 -0.6762398825409544 0.1842001853403308 -0.007290132672307672 -0.00496830125736503 0.15290423461811295 0.5809472889066518 -0.07990381672627676 -0.006980602139771748 -0.3021165233781742 0.16784298348485557 0.0015380731840049348 -0.056341360808612816 -0.0024625225954056267 0.0008169476345821223
-0.012303615773358045 0.08167250822066907 -0.04876952789062996 0.014324622658160644 0.0001955673035531592 -0.00040828592562369443 0.0962795640586596 -0.6762868668280473 0.18443569893881026 -0.007144410437164977 -0.004396703200048242 0.1522341271037039 0.5807652991519372 -0.08017079439136135 -0.008129756833185658 -0.30270340815380464 0.16761888449477613 0.0017953347945663823 -0.056397825453711005 -0.002653975255538108 0.0005812405234259746
-0.012627805107714721 0.08199779573916838 -0.04758031731376717 0.014175263828368985 0.0007424819200844277 -0.0005252942271601798 0.09660845471332362 -0.6763895430053645 0.18409068127300007 -0.007310424698223501 -0.004742425904487598 0.15240371898796828 0.580568709461727 -0.07967826018018828 -0.007384147503420855 -0.30298481902323465 0.16780078197831885 0.0019876023783418463 -0.05652398172316111 -0.0019351350745664855 0.0005470886406670055
-0.01174687325030124 0.08162409361373582 -0.04772580461732807 0.014302873237746027 0.0004250992082874846 -0.0004480798810397545 0.09677518745444484 -0.6760903817521947 0.18392040179342903 -0.007263509784801767 -0.004183462339806833 0.1523198292410165 0.5814788803809338 -0.0793847541826768 -0.007691530390904936 -0.30253986785916537 0.1672009183782344 0.0011703951495574492 -0.056421171327359784 -0.0020744152931664217 0.0007341597627712561
-0.012047796129406419 0.08145592068641294 -0.0477461336170617 0.013993619755546364 0.0006592069264772339 -0.0004924415077278819 0.0966195975351274 -0.6755652189568889 0.1844186585423458 -0.006532017175323223 -0.004443216609247853 0.15277778095344313 0.5817313316501447 -0.07929112204705291 -0.007410899754134756 -0.30273016711169354 0.16739448936393972 0.001368688134989361 -0.05641787726093264 -0.0011664959931720863 0.00039121378127859044
-0.012397614591706881 0.08148323199698203 -0.048148878975564656 0.013721089046810015 0.0006872142700766412 -0.0005196281376389205 0.09747076337351848 -0.6756649267740363 0.18364826226867706 -0.006535140215840508 -0.004884512698110175 0.15331330466088733 0.5813480630758682 -0.08016728103367855 -0.007397520115774882 -0.30310816865300716 0.16682513966159282 0.0009662899572197395 -0.056742450231255334 -0.0020637771828235308 0.0006476479516221842
-0.012080664265950938 0.08201807301148616 -0.04769946647418437 0.01423439569850801 0.0004297784403324872 -0.0005276401579574147 0.09653474216363667 -0.6758784032937217 0.18445709856129122 -0.007032517040462651 -0.004911139892391703 0.1526164417506479 0.5813141670303454 -0.07907600615369374 -0.0073568636381235964 -0.30277756501767766 0.16761271134494266 0.001792774256049152 -0.0558506234867147 -0.002009984251459923 0.0005525872623934317
-0.01230422165118127 0.08115594632591862 -0.04827006281651811 0.01442583511782832 0.0003943106065920111 -0.00048466556895464637 0.09761832360122662 -0.6763300607975709 0.1838819853158512 -0.006752510905241957 -0.004663221738151978 0.15325098844402954 0.5805805907206976 -0.07950260048847388 -0.007425028563845385 -0.30322120318260554 0.16669636475645794 0.0011784123942720202 -0.05672913166704174 -0.002345429166063313 0.0009312170419180919
-0.012422785302979071 0.08131317087497372 -0.04808201395945086 0.014320954896831446 0.0004103832625437527 -0.00048031230968176243 0.09674277847748673 -0.6767047609299085 0.18374087383775747 -0.007202925561756037 -0.004639091377226762 0.15263714111891322 0.5810130413134084 -0.07962168831664823 -0.007052574767109345 -0.3019774019085777 0.16729771910718808 0.001150910227709985 -0.056083991074636165 -0.0020978432963666372 0.0004922161470243161
-0.012218455026996007 0.08151154129755381 -0.0476702314954237 0.013837575560553102 0.0009010646609127787 -0.0005951369055769502 0.09699382219118396 -0.6763248056915352 0.18368513775998108 -0.0074596985669395524 -0.004976549303083561 0.15273098397153978 0.5812586694612215 -0.07973600061621898 -0.007109346374410211 -0.30202524518381446 0.16767952255761548 0.0010533309536395893 -0.05617669307621378 -0.0028059057100705514 0.0007441381147994473
-0.012693421782685796 0.08137062312885844 -0.04808662124162061 0.014766723738200678 0.0004010754219606896 -0.0005015746234833627 0.0975019558728869 -0.675841145969688 0.1839519973488773 -0.00662886940623092 -0.00484634494507013 0.15209109416123506 0.5814274953912275 -0.07965177791918837 -0.007924932320285228 -0.3027803296202868 0.16748246640598177 0.001011139110395271 -0.0564337822736421 -0.0019737647189798486 0.0006454875842420767
-0.012402495791573303 0.08125086964854165 -0.047284297461490606 0.013720397976518195 0.0005327002736839513 -0.0004565811267016486 0.09739938668072498 -0.6764205344639244 0.18415816923817707 -0.0070920300314382435 -0.0042795027351188635 0.15207457006916242 0.580780712662864 -0.07962600838454523 -0.007711182218975489 -0.3028625452429825 0.16751735491410324 0.0014660753164378064 -0.056364563209400545 -0.002289365275464988 0.0009439097771428587
-0.01160595517256007 0.08194269382345114 -0.04689146606210395 0.014248269189520721 0.0003052739815741637 -0.00043014196845886853 0.09720387905077213 -0.6762358948882125 0.18445678048042344 -0.0072473802619719896 -0.004189743011958226 0.15270011236569092 0.5808146118745473 -0.07888065763633002 -0.007410788387392792 -0.30297654441122546 0.16741814012641393 0.0024564972763210253 -0.05599958215601826 -0.002139749448281083 0.0006572309791242538
-0.012459757208277423 0.08179486242131359 -0.047587424306122075 0.0140541274118823 0.0005070985327646233 -0.0004528999809920032 0.09654546240275196 -0.6762279576279395 0.18374595454581188 -0.0062641443640990635 -0.0042637867340201765 0.1521167357461206 0.5811801476180304 -0.07960363749133711 -0.007591794504403096 -0.3029400581056178 0.1671855472119599 0.001055870414270665 -0.05683488723115927 -0.0025986462379993004 0.000735578127233595
-0.012464931746534175 0.08219688600182533 -0.04819573383973292 0.014447642422542812 0.0007610384442133809 -0.0005720099444739611 0.09751494913177051 -0.6759704676750715 0.18369255104669577 -0.007269724761173094 -0.005065572244996899 0.1523704509825704 0.581443742199361 -0.07963150187134493 -0.008094097633289818 -0.30205677980724754 0.16791177067900356 0.001213382517706334 -0.0561334844322175 -0.0018572828879594172 0.0005533392704470024
-0.012568644404103997 0.08202511336610883 -0.04816056260048193 0.014899845040039274 0.00033767535433094914 -0.00047905866220405156 0.09693523258788558 -0.6764764869647124 0.18362039072089537 -0.007305837752223334 -0.004460476444139669 0.1518887800766887 0.5808797390706342 -0.07910793575843818 -0.007167959503311744 -0.30306274843241365 0.16720318192204106 0.0007103634714576357 -0.05616450231326219 -0.00228705923292027 0.0006982093515406106
-0.01282005949702492 0.08129547290600356 -0.04855556277499113 0.013749067719013366 0.0007070566778440896 -0.0005096803920401779 0.09649048038090345 -0.6760439088791547 0.18412210862523884 -0.006538699181899156 -0.00477697760123082 0.1522120103663177 0.5813281215530818 -0.07932272946166272 -0.007296520678186334 -0.30274568021169906 0.16754746058611839 0.0013443721433747695 -0.05636226508152371 -0.0021115400286034042 0.0008145325862223426
-0.012307673682774379 0.08193208157025335 -0.04795345583641498 0.013739833070811152 0.0005984588897487921 -0.0004785841396335411 0.09739494157266398 -0.6756330388867745 0.18440226842249485 -0.006762346321013742 -0.004433764473108895 0.15301679939944277 0.5811192467977526 -0.07989100051863827 -0.007077090837350759 -0.3029424282590853 0.16757495501328182 0.001141838557257756 -0.05660343069427069 -0.0019526316704915985 0.0006830620837599353
-0.012132013331214001 0.08219218097330434 -0.0479766259557402 0.015039770580474784 0.0006752606889741563 -0.0005576323689779725 0.09682860533486666 -0.6758567106803182 0.18414794924252206 -0.006792383217663242 -0.0050302926059663956 0.15250683717142458 0.5814327494294373 -0.07942070008218247 -0.008804112577839853 -0.3024702654530708 0.16743066779201088 0.0013930489440140846 -0.056514134202072165 -0.0018738093995442268 0.0006595906289182809
-0.012799354671901594 0.08222207876236438 -0.04841483878428853 0.013756422349072376 0.0003843744845567552 -0.0004609357574859134 0.09683369044361904 -0.6763019045100505 0.18385993054452202 -0.0068498986114680195 -0.004655844651578911 0.15257249892046035 0.5807621226299361 -0.07895861885769168 -0.00770656128169458 -0.3030108421276292 0.16741107882312475 0.0015022507017357475 -0.056576800421453535 -0.0022078739258460153 0.0010187943148288227
-0.01184692922749354 0.08205528093489484 -0.04728928366749786 0.014352119587506575 0.0007004870536096015 -0.0005245014388155033 0.09735821789604995 -0.676003012851421 0.18465118920776424 -0.00747483171645009 -0.004902879974735497 0.15286404896261543 0.5807413154842611 -0.07988594205132002 -0.008000790003826322 -0.3027389503566634 0.16775944039023596 0.002065695220496011 -0.056322029631545235 -0.0017580004640409415 0.0012596563238386975
-0.012657414884446489 0.08178009330184328 -0.04763346540281929 0.01471970627455933 0.00047252925167583074 -0.0004942717942618481 0.09687745985277317 -0.6762576387404737 0.18358326590070229 -0.006541543284839525 -0.004507598204942189 0.15197271904490836 0.5809820309678837 -0.07916662204894186 -0.007262517043348965 -0.30291930853312177 0.16795548521657896 0.001526235357050065 -0.057079596680982454 -0.00197974333958622 0.0008674188028178483
-0.01165991532906956 0.08198087779941361 -0.04763972252049026 0.014399066081240164 0.00041006523885824377 -0.0004640035296175416 0.09697922614534238 -0.67678210509344 0.18443465385524538 -0.006083503661841322 -0.004620674277892918 0.15192677619952732 0.5804256721188937 -0.079346633838085 -0.006889973477411189 -0.30259142557527724 0.1675708154884545 0.001150258316647019 -0.05644186275837313 -0.0019570533209830156 0.0009903467630565973
-0.0116619556621511 0.08169420078440114 -0.04767393179178379 0.013837718282935542 0.0008795532717419685 -0.0005634327506755302 0.09734737923113773 -0.6765729907227835 0.18414363093593963 -0.007395769123761041 -0.005022932841119328 0.15274511347658978 0.5807368810624419 -0.07911855221865495 -0.008094746313219306 -0.3022224429099688 0.1678244255588234 0.0012259265641312179 -0.05556223207145012 -0.002094764247595635 0.0004366361612177276
-0.012172232569120655 0.08107969274069385 -0.04772107094638813 0.013650150349272736 0.00017122866632273236 -0.0003684973369406041 0.09725642198879385 -0.6762462065230707 0.18425361450984493 -0.00750756695632754 -0.004066030301502745 0.15224382044505322 0.5812017016850536 -0.0793823392587093 -0.007690508882177804 -0.3028165913367945 0.16670255044168175 0.0012431070299931482 -0.05651234607728627 -0.002509460087227638 0.0008239411322567065
-0.012285260002534628 0.0822549380724844 -0.04778627720248856 0.014190868195447267 0.0002957463084637795 -0.0004114339927756192 0.09676298912078858 -0.6758658227309158 0.18469421870585506 -0.006883429768230374 -0.004092677737620517 0.1521456910093542 0.5811354317329838 -0.07880565065636673 -0.007550869295203906 -0.3028283427350372 0.16799025330342643 0.001601432145373917 -0.05654675764527664 -0.0020321057401353738 0.0005016166637726465
-0.012981477538730786 0.0820209969271701 -0.04801276006994106 0.013562717627126793 0.00046755745362780216 -0.0004327086722690156 0.0968767101382394 -0.6759849824236038 0.1844034181887723 -0.006540253935426653 -0.004155445157043906 0.15301603935576585 0.5810658480383394 -0.07978312530611885 -0.006585197800856856 -0.30245933654376395 0.16769843567391143 0.0005203443212590017 -0.05604722670202394 -0.0016592056955590788 0.0003624914694290537
-0.012882091701554224 0.0821923995504246 -0.04776983001272383 0.014011873300211758 0.000601795948396333 -0.0005658503251107319 0.09681477735095446 -0.6761615048655222 0.1837508049345616 -0.00661759121364584 -0.005135521090632351 0.15192843809980958 0.5809843441050325 -0.07902902308240572 -0.007843339046776044 -0.30353702752492134 0.16706948553521558 0.0011450065096059758 -0.05666537949853758 -0.002316769662781659 0.0008583504352977511
-0.011924262708151293 0.08202423421301934 -0.048110990154079075 0.014452841446009041 0.000828798814421834 -0.0005787987692405458 0.09697088148004361 -0.6757564464496228 0.18484595572833917 -0.006922384830686668 -0.004786398166784687 0.15222512235523417 0.5812045270860824 -0.07958696921583563 -0.007539014047116115 -0.30278944547291636 0.16780823175840273 0.0013362669036448638 -0.05576683784332892 -0.0011497078907288243 0.0002621922518570511
-0.012524607204149238 0.08197762606262593 -0.047889699239329134 0.014427959765209584 0.00044038473757653017 -0.0004689704743649334 0.09723173288445949 -0.6764776509463258 0.18383224303925164 -0.0071460885895850085 -0.0046332430189733155 0.15245790849915733 0.5803167080884347 -0.07957907434129462 -0.0076470750455095975 -0.3033368321725888 0.16748651843676904 0.0017326146717173707 -0.05657429550581778 -0.0025784411093785803 0.0006924036723173487
-0.011789025381639751 0.08135481640108821 -0.048864887739760166 0.0141277979031434 0.0008946985960584271 -0.0005517307853700326 0.09649783609050339 -0.6763461185875572 0.18420258039716378 -0.006824303130571311 -0.0044566841102082625 0.1527575623265957 0.5810315659452306 -0.07931500597626497 -0.007092361544453124 -0.30288205239071353 0.1666240946556235 0.0009818227892897918 -0.055851256230805536 -0.0022916266717267217 0.0007599140762476597
-0.011981328581582325 0.08159867174974732 -0.04825691477025602 0.014412879848692836 0.0006593161816166272 -0.0005357021427370326 0.09674228850812011 -0.676744980303057 0.1836873528438017 -0.007064613550116974 -0.004747217106747852 0.1525318038111758 0.5805298437981692 -0.07940365242183066 -0.0071300801983904885 -0.3028167755246563 0.16712862881035015 0.001435510125309358 -0.05684568212229001 -0.002019557763572198 0.0006457462451558496
-0.012082296479586155 0.08183926614654802 -0.04814798627183455 0.014665248716056737 7.142679058675951e-05 -0.0003847381262675498 0.0976315004841153 -0.6762412887239976 0.1838854544174468 -0.007194209998304901 -0.004080929644928151 0.1527540095727884 0.5808827811603609 -0.07957159541964734 -0.00772642617626912 -0.3029565640573572 0.1667334317725832 0.0007207026550990777 -0.056285467019262105 -0.0021973940381176545 0.0006259983829558694
-0.01229365394900362 0.08157967345994441 -0.04808693542102741 0.014829633675209779 0.0006674446098283505 -0.0005545235339373129 0.09722414250281715 -0.676102671443105 0.1842054151246356 -0.007425530350411777 -0.00469290151878279 0.1523752872013688 0.580963411901578 -0.08010741682117131 -0.006727492879946327 -0.30284926618021785 0.16755086093982155 0.0017795114207614555 -0.05556982406781442 -0.0016878332735900494 0.0005331504273321079
-0.0127852451196477 0.08123836391413135 -0.04777915341213286 0.013965929681286696 0.000636182094370928 -0.0005339688908185844 0.09684402263827324 -0.6760787260332377 0.18437032588130767 -0.007201836222568721 -0.004976317261539016 0.15275250751000183 0.5814553587015272 -0.07945145514056634 -0.007712690980975927 -0.3022355964700736 0.16727143620178295 0.002082223961104689 -0.0556391179410878 -0.002366166014960116 0.0007800048820570954
-0.012052930974131983 0.08141300278362287 -0.04755880433141552 0.014570275241101454 0.0003689531628856738 -0.0004551581256644837 0.09731518912252438 -0.676007321297243 0.18444959646415537 -0.006364118509542499 -0.004414435314817509 0.15217477781580374 0.5811253441596712 -0.07979991872460009 -0.007464115167463715 -0.30273936418751496 0.167481141961141 0.0007986021133232619 -0.056770791240744335 -0.001392954884920844 0.0005112209305402128
-0.011735731737091254 0.08099081919026133 -0.04777572832261891 0.014014100078778308 0.0005816573859824744 -0.0005302326758742039 0.0969481458278624 -0.6762663527515921 0.18405404363212718 -0.0067120270447051916 -0.004834235848311817 0.15192663166047624 0.5811997736367253 -0.07983995762623558 -0.0074815827058937545 -0.3025817859029717 0.16746388293704467 0.0010769019929810933 -0.05686664652967162 -0.001871386408815792 0.0003904048541075913
-0.012280059755750328 0.08187034086753305 -0.04797245688349615 0.013068028984238762 0.00040031075322456006 -0.00038823832677029307 0.09756797085476358 -0.6766428495557396 0.18396906276847888 -0.00694809464388534 -0.004164483491525607 0.152625161610671 0.5806515290944974 -0.07932561345455247 -0.007570848137504948 -0.30230683133557956 0.1674012709616629 0.0015526495754659482 -0.056374881601231 -0.0022018026212370775 0.0004648008028401014
-0.012192230050035916 0.0818833049526546 -0.04812917599438362 0.014174355009099953 0.0006419059667996135 -0.0005587525004401812 0.09665113844319725 -0.6765032661321613 0.18409299519539388 -0.007309518232147786 -0.004848338757391871 0.15253831240411883 0.5807370492675475 -0.079415142349661 -0.007454027493104839 -0.30264526043537393 0.16749176176480696 0.0009399051893643739 -0.0559125540989351 -0.0015707908796309422 0.00038576363766970183
-0.011890331576384758 0.08228015568896628 -0.047660140048930016 0.01381654180294996 0.00058318186472629 -0.00046490651777832446 0.09707278406205086 -0.6759282411341851 0.1847969916364452 -0.00587219959865811 -0.0045071143766856414 0.15287964330942141 0.581326029315241 -0.07943788443290034 -0.007170292849769143 -0.30224441073028485 0.16699473057191516 0.002081333373130975 -0.0565394945937443 -0.002167313722064245 0.00046978835758700277
-0.013174941303933877 0.08219798557526715 -0.048116217432721875 0.01424938775476455 0.0004133567881963043 -0.0004568334156986476 0.09691603065001334 -0.6762000776626138 0.18448575460181374 -0.0069279143141594566 -0.004406603162520228 0.1530895049863947 0.5807489050213728 -0.0789821769779139 -0.007404688504874004 -0.3029019547757483 0.16701736694370406 0.0013888246642919271 -0.056209466025455505 -0.002169201833315445 0.0006426104681851438
-0.01264141566771972 0.08205446783857707 -0.04839420031707193 0.014547910762868824 0.0005411375579764383 -0.0005211212210756984 0.09666008040813887 -0.6759257984293949 0.1838110176338564 -0.00767480833774304 -0.0048410742806421336 0.152324268463137 0.5813487617978953 -0.08007784337137012 -0.00773866700043912 -0.30284034659115117 0.1671379752125179 0.0012988514202061884 -0.05631304872834742 -0.0018372594513694058 0.0005960923885348585
-0.012156922213353199 0.08270139921916028 -0.04757471577671653 0.013674894242175202 0.0007385307604530924 -0.0005030049851099746 0.096864380623326 -0.6759611574130484 0.1839880308126753 -0.006588193075092653 -0.004359288448080901 0.15196556648442164 0.581332550448023 -0.07894742579402905 -0.007273105796141068 -0.30298588623286843 0.16739726492137386 0.001306312491200823 -0.056424780824074164 -0.0025518077102607267 0.0006387354746750009
-0.012543657676772934 0.08139283044094207 -0.04751662247058978 0.014033902802525049 0.0004892911833647485 -0.0004582175511113338 0.09720025061383665 -0.675932543037986 0.1842663428223079 -0.006687963321755354 -0.004466313960264301 0.1528001615239173 0.5812120665487481 -0.07969057259114291 -0.006938617598062041 -0.3026745761237839 0.16735002996546122 0.0011133703742312938 -0.056876465580189495 -0.0016584160129010138 0.0004898527924596573
-0.012012175954128568 0.08198745846910364 -0.047417184126425045 0.014227176374262625 0.0002464287293018654 -0.0004269855954599974 0.09642616282860278 -0.6762635385706414 0.18415199650021843 -0.0070797783331424695 -0.004327497305473469 0.15287913114596705 0.5810151633134647 -0.08022943404878122 -0.007657740735976251 -0.30258831970839684 0.16713601499045105 0.0019479739714525623 -0.05588832024850464 -0.0019010666421022233 0.000654984368423735
-0.012140650442168645 0.08197483852074004 -0.0476097524022676 0.013581712236887237 0.0005703224953340141 -0.0004649888271079026 0.09732789351690985 -0.6761365668600187 0.18411514666035958 -0.007267620352016535 -0.004263939417743773 0.15269764642853767 0.5811190753796162 -0.07989800917713406 -0.007416350300432803 -0.30259445031408755 0.1670772491183611 0.0007617267617994206 -0.056039418009585694 -0.0018958740494873236 0.0009112291719497786
-0.0124155523426694 0.08150649364478427 -0.04814433993037961 0.014161572476317032 0.0008534762913429754 -0.0005970375866032137 0.09790595473852126 -0.6761771871411342 0.1836481799452498 -0.007586400902567092 -0.005246278738251665 0.15260382626670116 0.580548347661682 -0.07997103519303485 -0.007730824615159589 -0.30320475524478824 0.16772354567004713 0.001431543173662945 -0.05669495623872467 -0.0030227106836162704 0.0009372081403832547
-0.01233925526835078 0.08111211641390985 -0.04760366774332409 0.014238094751460744 0.0007586701609058628 -0.0005497273500533579 0.0975272180835529 -0.6759875047471238 0.18454800234577973 -0.007215957576643817 -0.004849011075501666 0.15265290935429598 0.581087399194725 -0.07905977266744356 -0.007715961978887404 -0.30290771731647415 0.16740811201322717 0.0016089326214822534 -0.055953910837994975 -0.002564698819725622 0.0007851502412550012
-0.011818657140291743 0.08183606259212141 -0.04823085875356346 0.014641653925829024 0.0006517380050881959 -0.0005284264547161256 0.09652021971365872 -0.676563065622376 0.18393288007287023 -0.006613946950502691 -0.004607677418627139 0.15255875537586067 0.5807412677399453 -0.07972335754226265 -0.007686454583302722 -0.30252701139020144 0.1675148787965734 0.0009745183477762717 -0.05597119402615749 -0.0021434697795965395 0.0004809745973413599
-0.012395747643351818 0.08114371954488299 -0.04776431425333608 0.013991001234958458 0.0001796759585375531 -0.00042532176654086067 0.09719117917289276 -0.6760973950892136 0.18368811245152264 -0.007441348380425674 -0.004475673472704154 0.1523318889193225 0.5815970889084277 -0.07919670995369824 -0.007505651174218728 -0.30265904661786563 0.16684428525430792 0.001622752037282896 -0.05635119412965063 -0.0027105476754482882 0.0007258822162316157
-0.01213973569482899 0.08162540556657881 -0.047449893072524923 0.014493381407335366 0.0005640342136501288 -0.0005482234810691891 0.09650636122434017 -0.6763859479653324 0.18460376110087928 -0.006695667212450253 -0.005059593198811537 0.1524053717111698 0.5809394126418257 -0.07962380139939379 -0.007463706782667331 -0.30221690202899015 0.16760282896021086 0.0012127679996409768 -0.05675909048382965 -0.002100070511547037 0.0006690798294831206
-0.012152539827534925 0.08181281345912107 -0.048165599256604665 0.014746971835169922 0.0006721523777221342 -0.0005282023163253261 0.09710064724167469 -0.6756659615850401 0.1839359849848383 -0.0067097317449839435 -0.004739707070065515 0.15252827671417712 0.5814827224180922 -0.07925276312140105 -0.007489251240985538 -0.30289074635190816 0.16773863558942445 0.0010676165322679768 -0.05620365022778429 -0.002032126526019172 0.0007722863770753033
-0.011713845781366836 0.08160989107598911 -0.04802460511223968 0.01441525459234344 0.0006175795579623248 -0.0005117679677231425 0.09679316871650083 -0.6762082764330692 0.18427940213297725 -0.006706385941364489 -0.004623883567530383 0.15287690140257937 0.5810359600750965 -0.0794316870189979 -0.007356169118517955 -0.30242047244958625 0.16750177620128553 0.0014257969398427915 -0.056337961643482794 -0.0025786287562003314 0.0008520518821390966
-0.012712507947820778 0.08256573011407466 -0.04760492885682115 0.014068958773103327 0.0003378612062519128 -0.0004596209811429465 0.09669412852279302 -0.6761014720031118 0.1837174021794601 -0.006983026598342859 -0.0045471943362514295 0.1523577444626403 0.5811388239540595 -0.07947783648580681 -0.00725560143220785 -0.30313645740545997 0.16711912224038292 0.0010833348416539673 -0.056058082702721 -0.0017632497633133998 0.0006590039553622867
-0.012401354549761632 0.08156040263265016 -0.04818012790398473 0.014419960298785072 0.0004678553787724959 -0.000496614222371381 0.09716062868519296 -0.6758943888524457 0.18372318236069918 -0.006696905256590394 -0.004645961894096266 0.15227332694712242 0.5814144708065714 -0.07948652139338437 -0.007230656133031347 -0.3029819091297798 0.16730378263933615 0.0012399547892647169 -0.05635666016520705 -0.0018016783989012264 0.0007319075712858633
-0.011373630079877212 0.08172025042769099 -0.04752677027617641 0.014621740073568385 0.0007583733110446309 -0.0005632785726977427 0.09741681177200129 -0.6765039808384973 0.18343984539943162 -0.006952062016253572 -0.004822492396181813 0.15265059477576698 0.5809620522181953 -0.07902193219523021 -0.007383967956014672 -0.3026855491380738 0.16715307827075537 0.001214428721667374 -0.05630333700766462 -0.0010023721664362097 0.00043162893311393923
-0.011900325729836557 0.08206783230468458 -0.047684300409833166 0.01425521083062868 0.0004601661373552815 -0.0004812830955778725 0.09711603782300966 -0.6757887905249644 0.1837309922874642 -0.007098844738974105 -0.004636139544448945 0.15344126803985977 0.5811393167288618 -0.07972518173440231 -0.007452969578100413 -0.30298544141625755 0.16763595540431883 0.0015671696148166524 -0.055761407096973116 -0.0014833151187425835 0.0002560105113824802
-0.012210631836779349 0.0815603977467624 -0.04823073670579741 0.014540999530053696 0.0004587451853290971 -0.0005601629003093159 0.0965431698968284 -0.6762550058616337 0.18385154152327865 -0.0069475502517389 -0.005081089448358522 0.15226444094367342 0.5809831001030894 -0.07993621563519981 -0.006820378610268289 -0.3025398554052543 0.16803133970123318 0.0006670803731382283 -0.05667426741033381 -0.0019559534700741986 0.0006811717199117991
-0.0119898132528384 0.08280184396353321 -0.047775587005170386 0.013544156189807331 0.0009098354602798747 -0.0005507337262586666 0.09708664329097327 -0.6762145667258406 0.18404017481698062 -0.006658689609605315 -0.004649294942136223 0.15249265684538166 0.5811658738396507 -0.07865829962605539 -0.00804085032914237 -0.3023156514246962 0.1677200489923841 0.0006311953571826803 -0.05581200306813854 -0.0020287994500225817 0.0007012112327300013
-0.012426923128472354 0.08183556731762344 -0.048054737367755875 0.013882751095715856 0.0005251756451820034 -0.00047801626148680996 0.0964352977753512 -0.6759381182676683 0.1843660621883233 -0.007049597627838757 -0.004579507615465038 0.1521587099596988 0.5816428480143071 -0.07941649605710191 -0.008310236559911035 -0.30221444606342523 0.16747481726510344 0.000815661320941159 -0.05627896271784515 -0.0023794329665561185 0.0008053744419383834
-0.012953936094978689 0.08400379442666539 -0.050627514099347924 0.006656328064956882 -0.00015670357042673447 -0.0003396413214091656 0.09870960812150957 -0.6751273912554744 0.18434423270377118 -0.009738705157021296 -0.004180029865688352 0.15153588681814809 0.582412047762146 -0.07659799257046587 -0.0023941726492844027 -0.301577480498981 0.16745468138610436 0.004527798292211198 -0.05873914928944809 -0.005380420529968847 0.0016082411416940678
-0.014094097313791592 0.08482567439400435 -0.05089134985709688 0.006802689433052473 -0.0007202530491625729 -0.0003336619259207304 0.09892456878606722 -0.6750818016460743 0.18300177142310362 -0.008856267908155383 -0.0029432566154051387 0.15103362356363997 0.5825822966789069 -0.07756857075318421 -0.0027387245350330796 -0.3021916538607183 0.16734204804283892 0.005244484637384895 -0.05714460351413727 -0.004003966516051175 0.0010004962693067655
-0.01337835320082801 0.08400420542081749 -0.051049348869209824 0.006767877864520173 -0.0008457933581066833 -0.00042528192608603144 0.09881067725626297 -0.6747818885888399 0.18306255455750367 -0.009413916960356454 -0.0037451446733238565 0.15229610244713154 0.5824725722091112 -0.07752781687960762 -0.003979522277504342 -0.30188976709279175 0.1681529996829488 0.004462072683883157 -0.0586899816362133 -0.005328664613850714 0.001549877476220124
-0.013428249240065212 0.08435342370809218 -0.05048771286194453 0.0063528778959695605 -0.0002969748094839449 -0.0003279923856108529 0.0994948183568484 -0.6754332210171052 0.1825880389719149 -0.009266223750423288 -0.0035603552495655734 0.1513791753613241 0.5821321749021724 -0.07700814327119813 -0.0027040685148474576 -0.3022399857112108 0.16747499574210742 0.005000844135576615 -0.05816534678289515 -0.005386848508199972 0.0017957996779743566
-0.012778923904192545 0.08352719055303909 -0.05096129798312518 0.0055050856296000915 -0.0009343768997656932 -0.00039062918443971635 0.0986594006120217 -0.674579375426019 0.18193741653599857 -0.008176572025540643 -0.0031396606880758813 0.15231659217075288 0.5829187322370021 -0.0777703698633253 -0.0038111964890768218 -0.3021324180716641 0.16884815624322913 0.003788261512559403 -0.05798344689046219 -0.005636849680069585 0.0018227167551443694
-0.01427255053826681 0.08461165479079741 -0.04882092753504594 0.007203972493784842 -0.0006163768262024109 -0.0004308682183103101 0.09739995603754374 -0.6725782729899346 0.1812107523530918 -0.008604003731217242 -0.004293442664192209 0.15077221320321507 0.5849042862465983 -0.07498120965286097 -0.0037624771406982904 -0.3035921739425743 0.1722585586230184 0.0033669801112276914 -0.05543361406038415 -0.003790239769586737 0.0013049412118100122
-0.013569591441124611 0.08504952898805886 -0.05217329069826655 0.007853904564291221 -0.001056778614618411 -0.00041427363638510027 0.09796898759432146 -0.674799512763479 0.18260521028649515 -0.009792908615388158 -0.003213051753808569 0.15175962887500027 0.5828216784888344 -0.07665969312129453 -0.003010497506351872 -0.30202921708551833 0.16767088744697534 0.006114294855721119 -0.05830566921307216 -0.004770580629349149 0.0012217577537810328
-0.012805350699286254 0.08405205571654818 -0.05011848124652352 0.007143546364669933 -0.0004991967327294106 -0.0004664638873756069 0.09950360578234689 -0.6742534355048113 0.18192339751509548 -0.009989953843951727 -0.004632054360801277 0.15096728972144238 0.5834035720921524 -0.0777203076227621 -0.004920606490751121 -0.30321661237914055 0.16730443892910088 0.004997815722111317 -0.05716435179576296 -0.005491214566082483 0.0015434030681184935
-0.012667186285433656 0.08468539347609597 -0.049699380993771414 0.00718796804969201 -0.0009694573320519483 -0.0006068071359196933 0.09970526504399109 -0.6738113359591557 0.18289834585303938 -0.009577111624143844 -0.00451876424240448 0.151684852750596 0.5835672136440392 -0.07813157391966964 -0.00464159545545914 -0.30307710457904796 0.1664450187555386 0.004188536571860238 -0.05775971376045139 -0.004268027740128362 0.0011945208459064299
-0.013293517894605101 0.08324032730523483 -0.051038810817966976 0.007008311767699414 0.000660972386885438 -0.00032368320238075295 0.09801388874549527 -0.6737869206647088 0.183169658061325 -0.007561887912423632 -0.004339794151183796 0.15218582771619352 0.5833117894565232 -0.07926943873578236 -0.002100974337719724 -0.3019841584438393 0.16928590325639778 0.006002736606636463 -0.058374520498072305 -0.004352667946612466 0.0010466436669078099
-0.012640474279865891 0.08609638002252525 -0.05091204753317922 0.0061147931231152215 -0.00040564647120535936 -0.0004148624020255066 0.09749543534338899 -0.6744420812251499 0.1831826496058337 -0.009299680913707031 -0.004037420444624003 0.15158164354950568 0.5830027019703892 -0.07751727853869282 -0.0038186816542366527 -0.3018124321903657 0.16819002570344713 0.006966574701053017 -0.05844349264318279 -0.004978687206797174 0.0012131662877389955
-0.013729055853581173 0.08496457571308114 -0.050227918275999796 0.007851824959624063 -0.00013070058816019303 -0.00029463593657654344 0.09716015828307904 -0.6747235059464138 0.1833364055009577 -0.008749655244141917 -0.003252529484844632 0.15213277237875097 0.5832701776853761 -0.07901462780584528 -0.004641098325447521 -0.30026523142287664 0.16875667850914966 0.004924372228713064 -0.05750848633692204 -0.0056032620069738125 0.0015577885741895833
-0.013311549252578448 0.08504452644283789 -0.05136934827947282 0.006986288848768359 -0.00013561857059301078 -0.000274270073002922 0.09720568892983424 -0.6750443420744886 0.18287055645984301 -0.009221836340548031 -0.0032246319559673235 0.1507259142667337 0.5838500676180858 -0.07821683200260116 -0.0044972435366777055 -0.3001553320413373 0.1670817537325152 0.0046829610155001864 -0.05851571131059052 -0.005981147163712568 0.0017319145642251137
-0.013138343011853803 0.0836269794690991 -0.05095359722049765 0.008073930348970443 -0.0005944406492258043 -0.0003235143660844663 0.0984120432487469 -0.6754243042786013 0.18284601202640563 -0.008762670487751398 -0.0034028628138260686 0.15131870852935828 0.5825623009570935 -0.07765479013054238 -0.004402051946705691 -0.30136417632393425 0.16785464515352336 0.0059159865592727495 -0.05802138228979294 -0.006469887659054765 0.0018246642054005548
-0.013773867565104602 0.08597020516524626 -0.0512237396627166 0.00519580213218188 -0.0009305658569000277 -0.00043198322405318636 0.09968692303260325 -0.675146042380633 0.18411194454054877 -0.009599005440343762 -0.003905259159826856 0.15158693592010383 0.5813501555987495 -0.07959946205253442 -0.004565906121905317 -0.3016869378531521 0.16783500180460542 0.007726018824370328 -0.05866139549108322 -0.0038408391134167677 0.0007065953620936858
-0.014497853475259668 0.08583215056181166 -0.05230033833468115 0.005941707496720924 -0.001078773609704457 -0.00034971724705025415 0.09863970064012424 -0.6746855173112806 0.18525485402153283 -0.00998452404818261 -0.00322616956883868 0.1517437761286332 0.581456211165299 -0.0794687112335581 -0.004364305079178909 -0.3020097102846201 0.16803861964730557 0.007163538331468421 -0.05762058537852395 -0.004452393412948228 0.0010020645882944195
-0.012922068699440896 0.08410610803318234 -0.051156699718183256 0.007110481112433281 -0.0006518109592633565 -0.00041118982736883535 0.09881220900628919 -0.6739302297516979 0.18337800745043542 -0.008175929443302381 -0.004130894883256909 0.15224237478689012 0.5835544495532906 -0.07771905122596831 -0.004006257861941034 -0.30147584401572386 0.16846955927758236 0.0049260153536192335 -0.05778391954764954 -0.0053681433972312675 0.0014942555274525635
-0.012643842193712592 0.08446602756606097 -0.05119395203340304 0.0072582175454624556 -0.0007635258863079359 -0.0003640799786002239 0.09778751906953463 -0.6750034353480622 0.18291504683832382 -0.008152233725009872 -0.0031101945724766305 0.15245177485063652 0.5815233729075026 -0.07821314958932576 -0.003078594783168806 -0.30320465907681643 0.16893022962836685 0.005219089238849218 -0.05680215497980008 -0.006261443439949818 0.002038066342895518
-0.0122678828680766 0.08456032838971435 -0.051669191704945654 0.008756045204309023 9.636121930214144e-05 -0.00018833516905581858 0.09752432918954723 -0.6738499702326027 0.1845274093938245 -0.010484599655646642 -0.0027309965710762348 0.15161765328159535 0.5827782874486157 -0.07460046202540234 -0.0014315271561661208 -0.30523075535700683 0.16609662872054473 0.004207845088981633 -0.056754207379595065 -0.004461302074006574 0.0013519131788406091
-0.013143825328355932 0.08474248572872803 -0.05056669656779691 0.0077954939586283994 -0.0006604926583494344 -0.00031098815540738417 0.09809299330732237 -0.6756185520682197 0.18305411530814691 -0.010028768177366825 -0.0030205599500539916 0.15276100687052613 0.5818958922012034 -0.0785773146985264 -0.004310787165427642 -0.30075383689653984 0.16834664620444637 0.004785995408412038 -0.05783401217031243 -0.005581760486906306 0.0015667873323404774
-0.012439151685611041 0.08389716546759117 -0.0512453990461005 0.007412600766997789 -0.0004719674443394183 -0.00035333281034138496 0.09844295066368214 -0.6746533949975335 0.1823377439784636 -0.009972964215883803 -0.0034193562793303836 0.1526392889971059 0.5828664670886549 -0.0784808434822463 -0.00416608311259563 -0.3019877288538919 0.1679839614529769 0.004477701729122625 -0.056950975412760146 -0.0053887762681035884 0.0015339821782599124
-0.012466091303923454 0.08426043897531034 -0.05102334051273481 0.008601518458328485 -0.00024332369329746633 -0.0002930410730574137 0.09867139674464584 -0.6755298568902216 0.18242470980297812 -0.009172799084001723 -0.003292360193979998 0.15127925018061902 0.5823348857892187 -0.07914285202705151 -0.004196791475507643 -0.3013442196813994 0.16780193808887628 0.004458775389095084 -0.05760440926394243 -0.005468633558899826 0.0015675511077943717
-0.012311745914193711 0.0836007052585637 -0.05125954428831816 0.00825396278619647 -0.0009456020437946156 -0.0004351644517026948 0.09795097336263552 -0.6747943917167238 0.18238005552502443 -0.009562401641156097 -0.0033494703965628128 0.15290235311497263 0.5826567545905683 -0.0790471025238552 -0.004216738969117618 -0.3016867858743444 0.16854322403484623 0.004605809024541486 -0.05697557066898212 -0.005462124169317562 0.001528280458805404
-0.01268514490536357 0.084933807151831 -0.05149165606178295 0.00804944311336124 -0.0010886173231071884 -0.00031710604304742505 0.0982643218018386 -0.6752861861558725 0.18272518518420294 -0.00989215978251506 -0.0028190795255186164 0.15269598369259624 0.5822358272956156 -0.07910822767286271 -0.004707630582697052 -0.3008245200525745 0.1681177510498066 0.005192738965866082 -0.057754766502918706 -0.005261994068898024 0.0014589180463548538
-0.012392357080269067 0.08372302939254744 -0.050889681256243754 0.008181516080620689 -0.0004549612381896105 -0.0002453127245183195 0.09827205318285087 -0.6747235965958878 0.18287767919268674 -0.009999094532912093 -0.002523846203915984 0.15250721251221408 0.5829294309304783 -0.07868836450517025 -0.004079849004768602 -0.30152647600987914 0.1681340395096804 0.003810414581155311 -0.056741434084723 -0.004808493465765891 0.001347942278316563
-0.012373486016976097 0.08426009868119406 -0.050632629443068226 0.007692951924896741 -0.0009198268369370032 -0.0004909753898482601 0.09751310848371135 -0.6742950452420573 0.18335233771987025 -0.008953612359540885 -0.003871422402712497 0.15166955744927826 0.5838131864080195 -0.07738596180546656 -0.004064674778583764 -0.30161241075464684 0.1675267347476641 0.004953775991370878 -0.057221126592920446 -0.006471589738100629 0.0021954004818323953
-0.011673985572121293 0.08481729239004174 -0.05060156986831664 0.007715602458703862 -0.000378054232177811 -0.0003874319048017323 0.09818059325197467 -0.674495920948995 0.18276830145661668 -0.007872770127516677 -0.0034200948236673937 0.1521334290517804 0.5833513397593485 -0.07768706769426838 -0.004386549358399713 -0.30168045577273367 0.16763993973585622 0.005991374666453229 -0.05740441171858261 -0.006386404093102501 0.0017923636446579906
-0.012034851000780803 0.08443002331833965 -0.05160935529947134 0.007609314721157749 -0.0008164740361493686 -0.0004543898835914078 0.09795214281693812 -0.6738077220372284 0.18319431381370593 -0.00831775020878865 -0.0035087441855492165 0.1519046778072209 0.5841708840408548 -0.07739600161101144 -0.004600970424119681 -0.30135895496762455 0.16799195087414928 0.006174635279159046 -0.05737631991360371 -0.006143585888708495 0.00170930499538592
-0.013169220492980836 0.08621495071786517 -0.051987695100973404 0.006666532053003069 -0.0012086799571604735 -0.00034196382726107353 0.098205789685714 -0.6742775821512013 0.18302639795742826 -0.009745328539612495 -0.00275011396620512 0.15308946679130842 0.5831813381786646 -0.07737787595540711 -0.003478947521958815 -0.30048196523654847 0.16845481192961373 0.006239290468771413 -0.058942580002284105 -0.005545952085773736 0.0015281278674371523
-0.015877737899826872 0.08605093718357752 -0.052759197929820874 0.007999789626713875 -0.0014060618416800025 -1.7839880151908824e-05 0.09784103810802132 -0.6734888596263537 0.18177212183562852 -0.012698778377993521 -0.007744846568911636 0.15200999529481427 0.583901409493594 -0.08092117415807759 -0.00248556648998851 -0.2994464034806691 0.17077466378228692 0.003228134608724309 -0.06012498656569801 -0.003214271011487251 0.0009788514769472252
-0.013651768146325544 0.08629362017721828 -0.05085688402264364 0.0035622159748744074 -0.0014851410116867392 -0.000509357355062339 0.10045135814224813 -0.6756367576174783 0.1836198157817797 -0.009631842773110149 -0.004184048644310721 0.15062387612301084 0.5809528373948969 -0.08147582277631205 -0.0039304268971618 -0.30151627242537155 0.16827057737823548 0.007427197027664039 -0.05678079509422489 -0.0030819478162369004 0.00040599334313558044
0.01239540748271124 -0.07703507756237243 0.05034734451338005 0.1186551401965983 -0.10172128014964672 0.0005857177709219311 -0.08200856359335722 0.3958365307522903 -0.22585610639742706 -0.13426313077396776 0.0010412686922237609 0.20387414228394718 -0.6670625276165616 0.2293038978664175 -0.0011617577825724368 -0.22320174985731342 0.3704309359463142 -0.0026561284355491534 0.09129077484368553 -0.001404865795325991 -0.00017865177932177264
-0.011648861846269705 0.08371543786763924 -0.05228033557625208 0.00884734725739606 0.00021526254810705294 -0.00031095712540032884 0.09716047199270728 -0.674672412920497 0.18450794967252448 -0.01006282041043272 -0.003723864276666838 0.15154125133736063 0.5818291152255062 -0.07632342101145614 -0.00206645105943723 -0.30545736849614136 0.16597216426776729 0.003258272351317343 -0.05537057775780225 -0.0038642305264733738 0.0011074957968979868
-0.012172016089776859 0.08444692758556088 -0.05146039838722658 0.009655721881598389 -8.487777047350876e-05 -0.0005870333790251992 0.09688010563505382 -0.6730409836653827 0.18390966650289864 -0.009596779274418262 -0.004122091375386472 0.15157688250052462 0.583376759662522 -0.07551698512599873 -0.0009457708432037288 -0.3060862922724968 0.16678034171295686 0.0035782128299506745 -0.055993933071854074 -0.003941521075905219 0.0010771623315956828
-0.012195745457124976 0.08380425081952247 -0.051873086576439464 0.008824574095022922 -0.000190086391555866 -0.00043580190904100375 0.09758401824631148 -0.6739506986742376 0.1846975111564222 -0.009516510961157224 -0.004471470505089333 0.1510665290143426 0.5823267810620167 -0.07450357433050225 -0.0016772602875282068 -0.30658300764989826 0.16570622371268356 0.0036735159574038043 -0.05606162521171925 -0.00385867245820345 0.0010614017016159
-0.012242245195704212 0.0817436627301489 -0.047978948911871856 0.014236797091386713 0.0003215989334687916 -0.00044091334309382383 0.09696820135942427 -0.6761148435606256 0.1841470087406446 -0.006945740146760571 -0.004451133073068575 0.15255853707463046 0.581121295969328 -0.07947654499310226 -0.007426085896136661 -0.30269925508739154 0.1673774446048587 0.001314482524745987 -0.05616634145731302 -0.002127179096135428 0.0003902788757662602
-0.014415863583489353 0.08442787984342227 -0.04744036302392507 0.008704987952759119 -0.002762987024162424 0.00010022618928199208 0.09844753313472683 -0.6759155735085294 0.185367596304388 -0.008089674476857886 -0.0025132308814746875 0.14988628285311867 0.5812852860679804 -0.07622117010540917 -0.00246502726445657 -0.304139051908833 0.16562475248804426 0.0024511024197096986 -0.05671802650090864 -0.003650592249885234 0.0008984757137626485
-0.013075239768803005 0.08367581179943177 -0.05016408483243378 0.006141943852650893 -0.0007314569588358658 -0.00029505737040613186 0.09931857736695972 -0.6742160722839919 0.1828519617324784 -0.0095133205500113 -0.0028146343561643323 0.15218471670835224 0.5838724902457124 -0.07732480694580161 -0.001998893996335625 -0.3007732793385073 0.16840535705857723 0.005120129985199542 -0.05808320296970105 -0.005436225464852071 0.0017628294535176985
-0.013169803084134277 0.08421812378304007 -0.050988712740671266 0.00629809414770081 -0.0008118342767482732 0.00011959354948947977 0.09863064496110174 -0.6754030570693859 0.18272182849705773 -0.008848071264306858 -0.00255958365467823 0.15265370478196336 0.5822670827993267 -0.07777377039137909 -0.003025910972519675 -0.3014144998479488 0.16719746285749243 0.004074282443365498 -0.05894341923836271 -0.00539697739126238 0.0015826370261623588
-0.01241274987736394 0.08395547428877026 -0.04956942683290874 0.007474022426756627 -0.0007579599146874094 -0.00027971841453306156 0.09950756265843476 -0.6749662136377852 0.18269096114506547 -0.009144267294103997 -0.002706632910514443 0.1522697494760103 0.5825797338812188 -0.07659155056663923 -0.0030767940054391195 -0.3019488251174578 0.1679017807886822 0.005056162600218942 -0.05881598301720824 -0.00488659865636513 0.001365691833931562
-0.005703042384692991 0.08484651863319781 -0.05065569996786407 0.00704522201918435 -0.0013112701382197614 0.00016284095115203577 0.09526284962432136 -0.6738887374171355 0.1850352389647916 -0.007663469479699628 -0.006250111785576029 0.14977590285233658 0.5837372599388791 -0.07878797611630173 -0.0030725961242202733 -0.3012662353962678 0.1696057627123136 0.0031768193622628603 -0.06047302249119769 -0.004379040073686099 0.0012568159750934857
6.91853614260158e-05 -0.005278689867144986 -0.05382231004673619 0.36907281452454815 0.026026104846933136 0.0005564256601724894 0.00019012869782477745 0.11272489173022336 -0.6370566738225862 0.2763764849899256 0.007378095998692695 -0.03843341566883811 0.29673193675580894 -0.49564000316647605 -0.0171941265059004 -0.03366043665004772 0.1686932470530444 0.010930968567548882 -8.996821544293284e-05 -0.0021788470619089288 0.00020011513076458878
0.08898158841280768 -0.2095385873754949 -0.08828967875434963 0.0010445336717920426 0.0020868069391073237 -3.009961553203087e-06 -0.001123059720443553 0.6369934230216627 0.1589337262988563 -0.0056155891773509515 -7.465145828433145e-05 -0.4519958123916593 -0.4406500101153149 -0.09160110955762413 0.0005965084916533679 0.3114255144556998 0.0720436071470466 -0.0031858526690680387 0.016328200330334806 0.002264414437355296 0.0004554683196019417
-0.011453185769538276 0.08573208706415367 -0.05155543722505687 0.00897716698244159 -0.0005132687237794116 -0.0008410583441019624 0.09959772923214708 -0.6753614790948935 0.18250416900537916 -0.011596220135368108 -0.005802726500319549 0.15037872146300302 0.5820739615037873 -0.08006313258071891 -0.0015701013588861191 -0.3007783917165161 0.16968217028914845 0.00317441152491649 -0.05612780104367099 -0.003615221707457029 0.000987927262737525
-0.012173413088033236 0.08569032105005313 -0.04963414015779576 0.009525164081136966 -0.002260364865232586 0.00048026920831950506 0.09736809463023614 -0.6746318727357469 0.1825759304590058 -0.009232346584892227 -0.005288708544575112 0.15217056392739045 0.5815109025877994 -0.0783250813115962 -0.0018259522044645439 -0.30364113195530884 0.16938096849442372 0.004532405834664959 -0.059202860307553 -0.00536958846449446 0.0015190733469582175
-0.013937182093702798 0.08598671957668647 -0.05092405322525566 0.006271001375558163 -0.0010338625810102323 -0.00028992852125059174 0.09794018106543785 -0.6748439984931272 0.18253863716603033 -0.00955854553689221 -0.0029626852610290665 0.15235589086561388 0.5827035944270356 -0.07665251670309509 -0.002922787909808573 -0.3016230193798246 0.16803382684015833 0.005469705309356339 -0.058680288864045436 -0.004926071953567561 0.0013350323607750362
-0.01307938389843549 0.08539243526812842 -0.050990185840966734 0.0071196056978703685 -0.0009846338234398959 -0.00047324533848231424 0.0984161592099179 -0.6751936528585053 0.18177111875894644 -0.009342224206843303 -0.0034018349802906627 0.15172840889459552 0.5830786405537184 -0.07695088923369184 -0.003752285923899612 -0.30159142052154064 0.16696576832505614 0.0065624558413278355 -0.057703631866832666 -0.005120638427820442 0.0013050483808233029
-0.013617019319517037 0.08531189941271096 -0.05056821093048373 0.007972583620393027 -0.0007688877894543297 -0.0003221392528127338 0.09870537958576908 -0.6751112493329892 0.1825090407022809 -0.009043311765773257 -0.003041996537581741 0.15148999525246057 0.5827518931980576 -0.07678605577160003 -0.0030618772908255036 -0.3016284022373015 0.16745564401355295 0.006248667439066597 -0.05879354906448646 -0.00486662375389824 0.0012495274499657318
-0.013630676656810775 0.08486142990047606 -0.050066592257059735 0.007474029203725135 -0.001419025453404509 0.00038914828248830734 0.09764050463203974 -0.6751072956834098 0.181754677371148 -0.008291857882209529 -0.0034424988776307207 0.15119162716310686 0.5829730424595546 -0.07693415107175408 -0.002317950530883114 -0.30157826241862123 0.16900755573268353 0.005175665150158865 -0.05851848254680727 -0.004752472920086336 0.001286010918763106
-0.013897316120462605 0.08473407197121431 -0.05095071615856493 0.006880553224561792 -0.00037487477054180753 -0.00021483111265192651 0.09827603037059687 -0.6753725813871514 0.1822659437267744 -0.009861450026353498 -0.0027113195858671337 0.15162225681303024 0.5826963160272197 -0.07704548238685546 -0.0027182856381792663 -0.3018459313678526 0.16676541299169606 0.006092227412038705 -0.058406551907280745 -0.005618052284949105 0.0015325596447642578
-0.009539383219463096 -0.04754309255120355 -0.03270120400467915 0.11940201117152299 0.17384741443749896 0.04931782327224407 -0.0725368550570328 -0.14630380798274353 0.02554886936272104 0.039341903403359656 -0.12501034207753853 0.05152932717493059 -0.020684932045270596 -0.47056967435308933 -0.48849588576472447 0.1743309001813354 0.5159278387226621 0.3802960047828135 0.01587071465341216 0.023994669878522765 0.0003157014838168805
0.018067814092196318 0.2472924545758398 0.3736379372227897 0.11660478234681697 -0.02372382111204529 0.0002402370559372241 0.0607648019502408 -0.45625729329951376 -0.5727248168209 -0.10442316984058458 0.0012838035185559979 -0.25582836357503713 0.22489954859431052 0.2194766484580412 -0.003341152532015248 0.2525202757250137 -0.014159009207537284 0.000956760921401992 -0.07612227043040634 0.0009028376724647062 -0.00027415710956254916
-0.012779226890337331 0.08434812830990211 -0.04989453327044902 0.007339015092047083 -0.0014801628730636185 0.000537356128494062 0.09782795038622308 -0.6746025918525358 0.18284487832988344 -0.011109401826418872 -0.003993162616698204 0.15144023923668676 0.583265666053069 -0.07573996472106484 -0.0014114272734561924 -0.30213292400592007 0.1684197462326876 0.003798242927441308 -0.058193939418213346 -0.0046884141932325265 0.001313809121309298
-0.013041148902233849 0.08574102037907605 -0.05108612596238901 0.006270039000836713 -0.00022095676717013803 -0.0003244165020502692 0.09812371671712847 -0.6748783551949646 0.18322820320957123 -0.009367992033925372 -0.0037687857809716708 0.1513750019332594 0.5826238950429007 -0.07813597788237195 -0.0036679164609804034 -0.30145046055239455 0.1679359910034495 0.0058557153383114605 -0.05861545810807264 -0.005846905120795745 0.001657336077937508
-0.01251200018860077 0.08635318661751086 -0.05078411128211889 0.006477305821586307 -0.00032719558710903236 -0.0003928871590529891 0.09729814078580118 -0.6746836495787534 0.1831851593456979 -0.009554466016420543 -0.004072379556652707 0.15143820438837197 0.5828228529773184 -0.07763853337058019 -0.0036675299648333526 -0.30161492140443963 0.16811275438888468 0.005760800232769137 -0.05892006754822709 -0.006100083489827632 0.001752910408200057
-0.012938883922736854 0.08564282988118943 -0.051003536228957105 0.0068898794928155295 0.000358997446995652 -0.000253361915759454 0.09741454447767654 -0.6745221987041935 0.1836252639437753 -0.008771813633527595 -0.0036171098712776593 0.1519661941870697 0.5826835932122865 -0.07708078727327299 -0.0036515750046370835 -0.3021460909172804 0.1679874150088579 0.006505752674711497 -0.05847727175407624 -0.005141746205727017 0.001322760009358555
-0.01249204322761296 0.08611014869093135 -0.05111419780422135 0.007189500625408214 2.8631137119148668e-05 -0.00030492441755784863 0.09827950876117314 -0.674930827169923 0.18318102071146727 -0.00946123988626919 -0.003817529169278424 0.1515244428041019 0.582337628006883 -0.07765270078626998 -0.003047064548529957 -0.30166825522801266 0.16817131550251327 0.00656600199868132 -0.058659459968764455 -0.0052422321486160816 0.001356271744057446
-0.011904999146593594 0.08623206703541937 -0.0511150321751327 0.007169051524980661 -0.0007847043754414123 -0.00041616779931976473 0.09786156957155767 -0.6746949653913303 0.18279894579698086 -0.009237147335648932 -0.003886827706755608 0.15139022002911473 0.5828177017767529 -0.07752130912537755 -0.003697450836374431 -0.30186835997425104 0.16786742277732686 0.006012629034521433 -0.05878610331975964 -0.005831035783633412 0.0016331141665155628
-0.010984134370172085 0.08453652448166689 -0.05529812119733183 0.007371189220404088 -0.0014117867038659904 0.0005920994223987305 0.09634206600810911 -0.6740304556323078 0.18150580793889068 -0.008461737424534967 -0.003667169033137845 0.150968556320391 0.5834411918872295 -0.07967459873705372 -0.0017140397501606616 -0.30311559833546997 0.16714265725346714 0.004173114935247133 -0.05977787250265445 -0.005910669730615904 0.001587587276690847
-0.011804914101171626 0.08431710652323675 -0.05201958887400294 0.008657393526090337 0.0001571423573248793 -0.00024457149000448687 0.09724976697981216 -0.6739138065799161 0.18396824430965014 -0.010070667988416625 -0.003403945736731932 0.1513825102273296 0.5826091144885148 -0.07556501139299986 -0.0019702846036430727 -0.3057753339195269 0.166222163125128 0.0038397126163450925 -0.05628114503116398 -0.004381610834360034 0.0012929674744235587
-0.01378483859805185 0.08688575622341195 -0.05308633265685033 0.008166038029852704 -0.0007495007969132906 -0.000544697319945855 0.09855801025377739 -0.6735835752608215 0.18299040225013302 -0.006738687949473245 -0.00305601029383058 0.1511827816550825 0.5843636165137811 -0.077330300986881 -0.0027059861788192967 -0.3017382762122573 0.16663871956556872 0.00549478514204833 -0.05673129993748958 -0.004224275542727217 0.001047014457506292
-0.014022603969167208 0.08547131102667127 -0.05126289817176115 0.006259915098586798 -0.0008140021445692863 -0.0003162845840477146 0.09939382780101319 -0.6752483558846548 0.1840129086971402 -0.009896866328829879 -0.002995970688327555 0.1509219369341485 0.5813359187483991 -0.07919862683427464 -0.004477732063451031 -0.3019867300508073 0.16850707026911335 0.007273956567068072 -0.05784742487810411 -0.0033912876811593774 0.0005748188335450079
-0.0130976897671145 0.08404125494584547 -0.051691795503525685 0.007916997079128052 -0.0006373851625564289 2.688293614019742e-05 0.0969320547484123 -0.6749058913295726 0.18348676116342855 -0.008725779914304625 -0.00340052612646194 0.15164894633156098 0.583802363786873 -0.07866291419759125 -0.0039050594163377397 -0.29998553073654566 0.1673713405429236 0.005359769418543561 -0.05725083615017833 -0.00644820236045527 0.0018317488588402342
-0.01414789575695934 0.08576362833089514 -0.05062756338252964 0.005440320454715708 -0.0008495627307123862 -0.00044506099607116457 0.09974151559476928 -0.6756828889886146 0.18410406850126976 -0.01046341160574422 -0.004151133162393087 0.15086868483809282 0.5807905988919079 -0.07983514689597535 -0.004700959584865429 -0.3018041559390817 0.16820171384534197 0.0074277224988854385 -0.058415415606571715 -0.0036875503001038683 0.0006972752434147911
-0.013870879702484159 0.0865353809772873 -0.0499123447904719 0.005939266200445418 -0.0007406209182800997 -0.00029561440283127103 0.09927511428982608 -0.6754965897966174 0.18331314654216155 -0.011758505120434873 -0.0033398826087280057 0.15221295267098095 0.580919705270384 -0.07920134935984521 -0.004084770598600542 -0.3023344011279805 0.16776159516111463 0.006444285982992563 -0.057941057112606796 -0.0035286285864666233 0.0007351218221298644
-0.014076525693621705 0.08586498046934966 -0.05129936046776838 0.006022807738326921 -0.0007606172072097002 -0.00026828650410561176 0.09917843641147749 -0.6751095731239942 0.18389678619794736 -0.009931117734676736 -0.0029732238538579384 0.15077126622798556 0.5817403204201085 -0.07988714110233719 -0.00446189528160966 -0.30091138075392554 0.1693941879785107 0.006584726040474523 -0.05807604205752199 -0.003377122988828007 0.0006596682429488634
-0.014142994723224351 0.08601965053946939 -0.051730225076037833 0.0065028930387150165 -0.0015619703441560238 -0.0003703431644311915 0.09883407219841388 -0.6753079650579077 0.1848874640562718 -0.010346779702132979 -0.0028546279662127567 0.1515052216087915 0.5809840526883514 -0.07945062897447272 -0.005155637299232009 -0.3014330250869361 0.16896335537228907 0.007520932540051694 -0.057059936710601625 -0.0036734474941617218 0.0006710530835191424
-0.014640919474927856 0.08526899316075151 -0.05034161809317167 0.0060460863034634 -0.0005593744227325582 -0.0002515432773921644 0.09888088930117896 -0.675301048922679 0.18342579474804646 -0.009856350770733088 -0.0028972534205647126 0.14997934682166125 0.58225837151059 -0.07953592494892307 -0.003909193529415166 -0.3020394093669894 0.16713220243681193 0.0067536457645558205 -0.05748678160195257 -0.0035355780026081083 0.0006713881222882605
-0.014238725500114385 0.08280190168848653 -0.05117189045472104 0.006234651773309575 -0.0005424165560193908 0.000235364652122755 0.09970627846984367 -0.6758030126084796 0.18449826469866115 -0.009048241093256358 -0.004293754693809078 0.14884451551322503 0.5816655227517329 -0.07970984449246563 -0.004338239457735261 -0.3010889905658755 0.16844400573825744 0.007792975877773308 -0.0594380004726633 -0.002955049832494224 0.0003140481919935656
-0.013865921247583327 0.08400879696604355 -0.05125677071289142 0.006188383719716393 -0.0009356595706749574 -0.000461701596352204 0.09953928642860452 -0.674597019656132 0.18490564550037472 -0.009265666420275454 -0.002990749333794338 0.1492525484236395 0.5820986295116947 -0.08007581296099146 -0.0037618156674824035 -0.30261506233008995 0.16830831665125318 0.006693337462139189 -0.05745230927324308 -0.004249410012394814 0.0009472941674475621
-0.01420203034713479 0.08641604425188289 -0.050708420013562544 0.007230416932850209 -0.0004936034321188903 -0.0005833166351285785 0.09927042802506043 -0.6757202098150339 0.18430936051021038 -0.009893957485867315 -0.003123621944899952 0.15041180963729317 0.580516422455565 -0.07986283796875623 -0.003978050074851226 -0.30242304677222376 0.16801723562744567 0.007080442817370629 -0.058402771459199074 -0.0029606186529455266 0.0003949691412735044
0.03210156370259027 -0.007640787398401401 -0.2967360268881817 -0.0019493786457681918 0.11264814923164834 -0.002833121061998933 -0.08593448580124402 -0.33241596897425135 0.062398346563787406 0.4709089585204414 -0.014900754495820468 -0.051830642023012886 0.13885131844967774 0.6509999888684536 -0.029829693243053196 0.08517715196344258 0.3148004376298024 -0.027396296705774058 0.02317594252639671 -0.01009981469806503 -0.0006402567455013854
-0.012081590626482962 0.08547822074393664 -0.05021484801614333 0.008930175557864503 -0.0006308677097006017 -0.0002880194358369571 0.09571842954898084 -0.6748797478824796 0.1818558157226243 -0.009381799861480212 -0.0026176175063450996 0.15181733644049186 0.5825763505922705 -0.0780425800465907 -0.0023225460185680434 -0.30331445821804914 0.16784660172949906 0.005578610258933373 -0.0580357528280742 -0.006271504035101103 0.002039453217156455
-0.012133460091942298 0.08610364894636437 -0.050346266674883386 0.008219842464365188 -0.0004998847979494426 -0.0002532039164881975 0.09647576740134241 -0.6745143605307918 0.1817739826922628 -0.009029021854820159 -0.0027862481337280623 0.15125894269128845 0.5827574111372846 -0.07743199322826214 -0.0035467317378337 -0.3038654873061731 0.1678242019906154 0.006275706186503441 -0.05806189040601482 -0.004800977395487586 0.001214888030235714
-0.01242023532926942 0.08515630852995167 -0.05134442681563925 0.0083418500420225 0.0005506341761264508 -0.0002831938020119825 0.09700122684789941 -0.6748410450868255 0.18051830753796078 -0.009078229173552835 -0.004062084186283406 0.15240306185810368 0.5826351644766549 -0.07672516965958308 -0.004216709561280826 -0.303452456900047 0.16785802489654048 0.005261184221552045 -0.058908590347462424 -0.005265477780598483 0.0014746777318509964
-0.011731925202767744 0.08544632230615382 -0.0508929073849095 0.008056126002058985 -0.0007671032334826145 -0.0003265318592847529 0.09765608565635508 -0.6746218427185996 0.18184911237888482 -0.009533367341077497 -0.0030138903421755934 0.15241398623390365 0.5823504283794524 -0.07815377125143519 -0.002927297880368701 -0.3031508785376136 0.16799224888992367 0.005100387895090152 -0.058447362895864635 -0.0062042814325941964 0.0020287509682227985
-0.01199661401461633 0.08476477843325969 -0.050006708224785375 0.006343836382084565 -0.001902846196328346 0.0006298321358914298 0.09598076960453747 -0.6761387016832835 0.182190874829955 -0.00910692013025608 -0.0031665200837486004 0.15156268037707246 0.5818775426080527 -0.07698970001058535 -0.001451373391658717 -0.30147901433011576 0.16902656893419257 0.004630022528973414 -0.05890073734070179 -0.005365148891512824 0.0015537831438092006
-0.009660237575447882 0.08570195312922307 -0.04913934740679283 0.004195202591692391 -0.0002670170858207987 0.0005529750967827609 0.09882818685702967 -0.6742784481718012 0.18342467114770963 -0.010449588706496211 -0.0033872986608352593 0.15353179621078303 0.5830001964819794 -0.07768040203309262 -0.003145547387289636 -0.2993487575358612 0.17171495940408912 0.0030078681230791687 -0.057434269048095406 -0.005892383409829414 0.0013926212520797244
-0.00906894396750964 0.08792446956619261 -0.05061500979483661 0.006602177529933752 -0.0020661887150343135 0.0007820909999947562 0.10231786209407144 -0.6724144086467898 0.18052734916540164 -0.009477451628213484 -0.004184199881414763 0.15258987551088346 0.5820482458437228 -0.07986022467138804 -0.004643719633262166 -0.3060736260906765 0.17043821324867064 0.001937997385029455 -0.05509110144716779 -0.005953201617568061 0.0012777423444927218
-0.01276207144196029 0.08411371473198571 -0.050336704836800736 0.00782092349413078 -0.0007178374216397969 -0.0003555078357767556 0.09806966680277104 -0.6751950809499301 0.18283782262235612 -0.009610561371828913 -0.003208094408737618 0.15179085959094063 0.5822878701522053 -0.07935429994026305 -0.004250920782851741 -0.3015717647861157 0.16862155236018797 0.004133719153751851 -0.05731206424857461 -0.005502092615240647 0.0015634880363567343
-0.012258501478348316 0.08461985034042088 -0.05118175834006999 0.007636712532309215 -0.0007492392615122593 -0.000378474096346491 0.09822955663892771 -0.6747185150282372 0.18252188682607892 -0.009788569186679455 -0.0031473633337974934 0.1517488251754258 0.5832236910492322 -0.07844492639946633 -0.0043589996191096235 -0.3010645569991315 0.1684570633676694 0.004121742882152192 -0.057259111664896244 -0.005536233905174848 0.0015655455635775496
-0.011763643525898083 0.08468643055361837 -0.05074646010744836 0.006806110932412877 -0.000881924439587354 -0.0004198072214363521 0.09782937340801617 -0.6743621844411499 0.18297525783431073 -0.009085006114663266 -0.0035500135626008963 0.15190738868519446 0.583813108164186 -0.0772110772285889 -0.0043652357080541685 -0.3010037379099953 0.16815957322355204 0.005936634020338493 -0.057476546355781845 -0.006343400349369257 0.0017843764091169676
-0.013910124962326182 0.08566230734241292 -0.05223830317473922 0.005833265941470258 -0.0008969439586034938 -0.00028800138232094223 0.09660704032554658 -0.6748132719454698 0.1828018027372013 -0.009003819510446154 -0.0030548969839173648 0.15230746946151003 0.5834375078735851 -0.07795161130953478 -0.0028165386301419555 -0.30060211622373556 0.16722957407390066 0.004478425410978092 -0.058601914148358664 -0.0050991592372018725 0.0017515861956981277
-0.013386007588060024 0.08549523283638219 -0.05158024454582021 0.005171606848163695 -0.0009323443646273126 -0.000274379144874279 0.09875035409164594 -0.6757752236838854 0.1812478592846496 -0.007941354450006174 -0.0027290737893841933 0.1520630702444476 0.5823052817779942 -0.07699748074813134 -0.003092304566553622 -0.3011741799871738 0.1677223011640087 0.00546285524992922 -0.0586903589050965 -0.004936778063499517 0.0013640896545515915
-0.01370440491511603 0.08655152236369111 -0.05175969511427746 0.006285999084982045 -0.0013597992487672198 -0.0002826192460875579 0.09764331810389357 -0.6753460496038762 0.18247187710091625 -0.01036107035491211 -0.0023397709246991845 0.15323642112998023 0.5819252016541826 -0.07699706570885552 -0.0028958075939486635 -0.30110193682645997 0.16846229136341123 0.004812127078303598 -0.05854432597845558 -0.004032695823775171 0.0010704191474106676
-0.013050014640696248 0.08530236994395389 -0.05050992875210489 0.006830350237445187 -0.0005312744643270982 -0.0003574233533705016 0.09765080855495145 -0.6748980591334454 0.1822088485079889 -0.009524747911330397 -0.003428174518179789 0.15282688809830047 0.582523992434784 -0.07710119706501677 -0.0026765244525132977 -0.30234939323243565 0.1672595837102048 0.006730063171200928 -0.05932940503668531 -0.005396397502247572 0.0013938967904848984
-0.014557974681987629 0.08622371908992336 -0.050841812777301834 0.005297870384834469 -0.0011903111207707258 -0.00030311053772295773 0.09844091565329945 -0.6750421225803462 0.18293314831795796 -0.00935026917155336 -0.002916068753968341 0.15236157494057062 0.5819704236833028 -0.07697798535357578 -0.003377262763368797 -0.30210089667024803 0.1679801062088922 0.005095583103699659 -0.0586319737616541 -0.00426834959105516 0.0011493573934175376
-0.012741308914165708 0.08190246850624469 -0.048065969485277846 0.01458813486808427 0.0009172925086377344 -0.0005889182734794034 0.09651379613595894 -0.6759206529278877 0.18393668171133645 -0.00676841729583151 -0.004779334384391394 0.1524889687986725 0.5814619706802441 -0.07899566458661261 -0.007477188999855443 -0.30305691355030673 0.16700334075301185 0.0012419606578573268 -0.0559472026990759 -0.002584422288797643 0.0011202056299546232
-0.011917452838427406 0.08162696874420355 -0.047579876955923715 0.013876488179121451 0.000568326293963984 -0.0005121605198887899 0.09722159569500274 -0.6760320801717784 0.18468267021188353 -0.007852189950415547 -0.004551803716019244 0.15310523082820748 0.5810817605182095 -0.07901931028242605 -0.007256424619093088 -0.30228900911493417 0.16767779846853845 0.002059913473474391 -0.05641240969619104 -0.0012109718015427 0.00024248066421695352
