-0.0006324080140331354 0.27148729186596393 0.06151962384131854 -0.7056649797780058 0.2637541233346454 0.0673472714684474 -0.06769945201019174 -0.023002380897717948 0.5016709174544698 -0.25168490562328083 -0.0836078430272632 0.002413567761411078 -0.11633225571629856 0.08863975692195632 0.03958891994642358 0.009683447949454485 -0.012914445489855354 -0.00968370175368324 0.00027592943613687874 0.0022487483124524637 -0.0005146919966090375
0.2572914576510982 -0.015647390585894913 0.0031698540114015903 -0.006514882531390872 0.00679809435518299 -0.0023906545499702836 0.1854492572852583 -0.02917459072998003 0.000936188836589895 0.001839279237662304 -0.002225367699682579 0.23421222115444365 -0.05684226426096151 -0.020473427734029215 0.00918984590725833 0.331796329723409 0.1665113563843122 -0.01196639606520493 -0.6698828269757344 0.14537941708436847 -0.481428934392115
-0.1347985460778147 -0.24481906636528591 -0.035889125722018085 0.0052760771892684 0.001088720070397399 -0.00015134181427505118 -0.7762345334401383 -0.23533551685597323 0.04704445671835087 0.01928239052558639 0.0017141904311987772 -0.37337442935094123 0.1507675977529708 0.09243637914664554 0.007018705100056476 0.15798139627483512 0.19661553702182447 0.02084438498465786 0.1541499212823861 0.033048148291629095 0.02067313962637439
0.15401003293064366 0.02295806242253321 -0.031756974966752914 0.0897377595690621 -0.09133191163896855 0.024256005001858292 -0.02373456650736075 0.06480654496431706 -0.2754437612927125 0.3707657375968786 -0.12491790482406773 -0.03300822575968787 0.2818356845393421 -0.5665848912772002 0.2565817802755657 -0.09578418186087934 0.38745851773690204 -0.26263571194856106 -0.09875327063756001 0.13385862841924925 -0.0271713099047734
0.17325792381112196 -0.16380709025221538 -0.02516482505892711 0.0009062544427990725 0.09769325328377114 -0.11301349868289381 0.1906014149423054 -0.006342394134158794 -0.008938272609736155 -0.004401298497109251 -0.00910250692915539 0.2055390555685628 -0.13550688737106828 0.13759341015241805 0.10437232688450278 0.31410862296617564 0.27558949340193767 0.09719109343434708 -0.6381514933895811 0.22538865898898858 -0.3887368542872378
0.1385280352839716 -0.13909938651901815 -0.04024560771174024 0.052244658585519674 0.03912991259846057 -0.10566970739654798 0.10130656604749672 0.016052549990888402 -0.026292615050712075 -0.04800955604270259 0.08861293530531189 0.18466142252582735 -0.1399373318676383 0.22119345141235408 0.019525092916951942 0.232340516597923 0.22540556236653042 0.08737119495247994 -0.7261215074672888 0.21672719570407914 -0.36525199211042686
0.2632033606339207 -0.005322678696714085 -0.0018084877934101099 0.006488177513970254 -0.0024160379680510827 -0.009987301845930953 0.18315651251517623 -0.020069121032446856 -0.006282195188213763 0.009421642994049994 0.002140011772984877 0.23360007838502483 -0.06163926364613083 -0.012771843491833112 0.008221299993712924 0.33872384067668376 0.16667088658180623 -0.010613408633952073 -0.6661075205876404 0.14731781078414072 -0.4794124301359013
0.2621254786261012 -0.005376861171285736 -0.0009115869837149624 0.0039023489436459 -0.0014255283520615697 -0.007218949528180712 0.1848700323769772 -0.0228251059404483 -0.003919989393008608 0.010991850505415185 0.004610710596348766 0.23697168472711078 -0.05680775630277144 -0.013175855294733531 0.007584918139251629 0.33958035474515524 0.1661416111281554 -0.011200897489309865 -0.664632821398846 0.1451940735171133 -0.48047945297111916
0.26425108773935113 -0.008594692161366203 -0.0002141165456194488 0.002544546624619151 -0.001332606616963378 -0.00737820496522958 0.18064379585259435 -0.023088292918136015 -0.0014044094167511524 0.008211795795567151 0.0031259802383203773 0.2349220941670494 -0.057836230472535964 -0.012550930375466627 0.007481910253002301 0.3406840297451375 0.16794648151081326 -0.01235241240590515 -0.6662436266372164 0.1462127099969682 -0.47787076646333065
0.26142892496437825 -0.006237682270335807 -0.0012191706631400805 0.00551075658785758 -0.002036344111588134 -0.009757602758902017 0.18345755227772423 -0.02378506922793296 -0.004102214491853558 0.009347434813367153 0.0009661435234722884 0.2336089378977776 -0.06396041146002808 -0.014798789657433852 0.0084755158374337 0.3395116383959936 0.16619065352756746 -0.011188956269239492 -0.6654146907063446 0.1444000171876559 -0.4812084726632912
0.2655367865744399 -0.00772538134432227 -0.0005397039374463018 0.0030682227920713154 -0.00179746912474977 -0.0062000510477203605 0.18199258067039054 -0.022224490663780676 -0.002724888406646458 0.008737062131402285 0.0020376890096669145 0.23377899254933046 -0.0658495309055112 -0.01535801684595377 0.009789198962149135 0.3387047576608274 0.1639361335811571 -0.01173876209613382 -0.6664800512087501 0.14135771989431134 -0.4800459454125642
0.26021967695315645 -0.004479573202352319 -0.00030048102058373053 0.003755906933492686 -0.004453843146731315 -0.0041103108217410275 0.18198770990960847 -0.021581563530142404 -0.0042654031483505455 0.009587870005962404 -2.758401026281522e-05 0.23943466757753457 -0.0626889621171133 -0.012339394619456996 0.007578459397962437 0.3407561386228739 0.1664698612128084 -0.009640456573451906 -0.6630657332147553 0.14386111836841015 -0.48247141445913116
0.2612161222517051 -0.00785901514650967 -0.0005063931999102452 0.0038480359411645106 -0.004312967159748712 -0.005593658140131063 0.18029576680523535 -0.01863646720414941 -0.005117900214699846 0.010161779398772731 0.0026698960331282065 0.23948125182622146 -0.060736747901320394 -0.014084342012402792 0.010117082846491342 0.34071327724931666 0.16954438265457805 -0.011393380216671044 -0.6644958795817892 0.14494749078265418 -0.47935666748283984
0.2593655129612342 -0.010930729878582044 -0.0012835503662795998 0.004570856256511703 -0.0016378930623694654 -0.010372340271064833 0.18260487612443743 -0.019691590584176747 -0.005634796544863295 0.010217688097924161 0.00428388047793538 0.23693145099930096 -0.06115078270654656 -0.013809722811005518 0.01050311700448057 0.3371171681890142 0.1655145602289417 -0.009405545247452936 -0.6664300027102307 0.14277882316519122 -0.4824595565895859
0.2627925590198298 -0.007302925019883745 -0.002056930185446723 0.0042690298616649925 0.0006730583513785743 -0.006286141471500902 0.1826316425106397 -0.01669756785021883 -0.005322334176691223 0.005656047248327667 0.0013708224109793277 0.23596324479499536 -0.06406054141099823 -0.01442877658915066 0.009416085643766572 0.33989127216785775 0.16853711798168763 -0.009638284725990957 -0.6627504055754194 0.14688488883291495 -0.48188455964022875
0.26521500894863187 -0.005861862586785931 -0.0011398208705661796 0.004035505356888348 -0.001062926235527483 -0.007700094243200299 0.18379711429699364 -0.019882516462440228 -0.0020637804699672182 0.007727404236025462 0.0018529623196871577 0.23562065321732512 -0.06236371481609618 -0.01283956063264577 0.009566784175665193 0.34243805248904824 0.1674519409045719 -0.011967301673677532 -0.661764445815059 0.14667766262884702 -0.4803624910605619
0.2634050176572068 -0.00941523390365591 -0.001486787166606003 0.0040577629101498725 0.000727184614901549 -0.008762511942702018 0.1816658240789574 -0.02142232369514173 -0.004880309780824688 0.008291389563836571 0.004402942446389622 0.23816833470277496 -0.05836294404020669 -0.012481341973539166 0.009089680704806525 0.34207384751503384 0.16512543110158417 -0.00822044674256658 -0.6637752548257572 0.14594331882422518 -0.47983902341200463
0.26186870875416884 -0.0072210457624064806 -0.0009656882445994399 0.003079967256722751 -0.00013816810182758324 -0.005422586001765958 0.18137401076149728 -0.024502422298690117 -0.0049214688534391 0.0047471434313886415 0.005661482231845376 0.23106583824988 -0.0589612720776187 -0.012648767427805836 0.004864778706830807 0.3414422593137375 0.168684558772484 -0.011872414660958262 -0.6660917996374599 0.14793556203494518 -0.4795457296271425
0.26031745216999364 -0.00904393251284761 -0.001344577205309216 0.0031987868095218266 -6.54432007696859e-05 -0.005151203404890479 0.18320934578760792 -0.020704937429247096 -0.00493408988445533 0.005703070621558967 0.0037911275511226155 0.23454459071910133 -0.06434292744498937 -0.012833887862011211 0.007922603884799812 0.3394402480610113 0.1643119202669199 -0.013049833681603515 -0.6636833939648955 0.14608877724295524 -0.48421506699936545
0.26242325811108225 -0.0037844492937404435 -0.0012008595197610815 0.003426163007418899 -0.0009085771006558925 -0.005635092614163088 0.18329237599619508 -0.022317470887723567 -0.0049848855251358225 0.0073965832756735786 0.0030299721668160915 0.23443308212627034 -0.060449981271567595 -0.010551937506169829 0.009484859009561092 0.33722021473666697 0.16803219596678257 -0.008608882859778483 -0.6671572540818776 0.1445603105152887 -0.4796392196792146
0.260996375932302 -0.00393995257786658 -0.0011586296873827744 0.004063959280569409 -0.0016318407267589383 -0.005685100894555103 0.18307003254477996 -0.02074695451898413 -0.005316356975468472 0.009157688765980632 -0.0004672606715486435 0.23476984171592 -0.06026565190752377 -0.015190910801949314 0.010336734786280178 0.33656221810596665 0.17052356629463922 -0.01082923481101556 -0.6645318895684982 0.14469150771892786 -0.4833846494603999
0.2634743762914543 -0.00772614560823216 -0.0006519192190161022 0.00317924651809519 -0.0015891093953464734 -0.005153464595591208 0.18314134617408168 -0.023170386461561103 -0.004194104621236138 0.01058633670874975 0.00423783424244329 0.2365921536903694 -0.060537406435882186 -0.015463701782528481 0.014137303397471181 0.33921659164810475 0.16585107917383068 -0.010200088125941158 -0.6640200896016752 0.14252692012548637 -0.48193564821732426
0.2652051209732713 -0.006207657386051858 -0.0007338799593318698 0.003300335488674505 -0.0011667802027866352 -0.00662259191527248 0.1808387305936786 -0.0239566478838008 -0.0035020706218557257 0.00740883938486783 0.0037549672394341744 0.2359011664759051 -0.06107455198407877 -0.012495700958990757 0.008859168834829243 0.3387706783941212 0.16593932202758405 -0.01089035216849195 -0.6664491192869981 0.14278628643761399 -0.4792043024729927
0.26088040322856876 -0.009986509674457442 -0.0009162045021290339 0.004418484648407686 -0.002709549391580589 -0.008231555737450963 0.1810292067929869 -0.020192932886867944 -0.002714313429857356 0.006990755523363176 0.0019108036794251043 0.23288402385862558 -0.06081013028541766 -0.011089693205501606 0.007999779863873333 0.34217526949521127 0.16994860644628865 -0.011155866236004806 -0.6682656414530315 0.14689399259789537 -0.4755412458614213
0.2617115825636938 -0.008002438064439609 -0.0013536599753478464 0.0033760345446481694 0.0019114065478342027 -0.00957713223362866 0.1813538198006759 -0.018534710039759435 -0.004835755251294195 0.00588089899913328 0.0031410866432962327 0.23492683961982286 -0.061590404621975695 -0.014913202270406321 0.013460078665736109 0.3416164631139514 0.16748699090734462 -0.007858098359521047 -0.665322139588151 0.14310509262055948 -0.4803105061701173
0.2611980292393635 -0.007546794815067442 -0.0013364539307829082 0.004086530910400544 -0.001359096317981665 -0.008775764056194672 0.17993497837414155 -0.018181361446215023 -0.006309180993640337 0.00937482870692649 0.007455402750201573 0.2344180874479932 -0.05973295790179275 -0.01371625505820379 0.009659557804142033 0.34382206900943263 0.16765285826337645 -0.01361298438146587 -0.6650032569278035 0.14177286422067115 -0.48072264250955005
0.2587808808561411 -0.00734227907157462 -0.0007380454583572351 0.0030958531492892246 0.0005790445903862966 -0.008428758201433007 0.18033115973020766 -0.024339206695616265 -0.003144083007249531 0.008077353346045094 0.004287571287712946 0.24055339119342084 -0.06332576646300647 -0.013886852217756842 0.008859350826518128 0.3408127405375746 0.16735492846289868 -0.009847005443575198 -0.6651781809290536 0.14088152718947725 -0.4806004637740507
0.26189641152510607 -0.005764313847360831 -0.0017504111193645119 0.004996811920386382 0.0001641814210952184 -0.009750891856691344 0.1829711591613035 -0.021505301177358934 -0.004214925085825724 0.008836494848824341 0.00017558079983145405 0.2395232282208252 -0.05679128500618508 -0.01336392692793435 0.010062412233217258 0.3391518835960393 0.1691865323365396 -0.011139531860164687 -0.6634688410178189 0.14407000080314247 -0.4812705959297725
0.25946867623254116 -0.011691283751787556 -0.0010596650054506575 0.004007999098960119 -0.001002051627471962 -0.006657005193256733 0.18394308559094713 -0.023369161768171845 -0.004761522329879001 0.007017367935314056 0.004054172122065425 0.2385075895741616 -0.05677461175804401 -0.01367670289308872 0.007246530501557622 0.3372868925498092 0.1658826058015301 -0.011247740953001463 -0.6654816663663352 0.14578758904377567 -0.4818014381032947
0.26150631486867537 -0.004820784498712161 -0.0011198371435723858 0.0034676937222790027 -0.0010666814757232248 -0.004569541796865715 0.17914079306091255 -0.02265919242751865 -0.005961198538947636 0.009170850278361765 0.005748504208161332 0.23612571027000795 -0.06098526728757628 -0.014409811392567563 0.00812120592718188 0.33691039098141157 0.162885672350193 -0.012870442175514215 -0.6656510641199673 0.1452660122945521 -0.4844075302179389
0.2606996496037563 -0.007526987430668063 -0.0015689862918861412 0.004529560179295746 -0.000537814631420327 -0.006852396912381979 0.18273285003615544 -0.02247526548776574 -0.004870636087952486 0.00940904758775939 0.0043708498712581945 0.23848594066497997 -0.06546874471675226 -0.013704627842424856 0.008685726292679125 0.33993709821283147 0.16525210534192925 -0.009229670269899794 -0.6649220494755982 0.1436866918982093 -0.48035215417018107
0.26275083240212765 -0.006137023975146203 -0.0020714177490539984 0.004199906661958877 0.0018158875602838017 -0.009746472675319478 0.18485904054104618 -0.018585875067925525 -0.003970011489374205 0.005763066365417683 0.0035626607892735866 0.2344955299786241 -0.06500335188645882 -0.014178975286571943 0.007443153651932896 0.3417255479253 0.1671044156247467 -0.01087427512912432 -0.6645284158487306 0.14171644891499474 -0.4798479587151001
0.2588089116240661 -0.005905584457189107 -8.25828935183201e-05 0.00183483797444941 -0.0024406085497868987 -0.005040610629804145 0.1804685301895383 -0.02090888475488098 -0.001295732737870012 0.006681072713150451 0.00462424226262437 0.23453554464375845 -0.060227786066321315 -0.011193874685131147 0.008612365240731449 0.3384197444002662 0.1652211447511341 -0.013021373765593675 -0.6658279037634542 0.14767929420810935 -0.4836417075073726
0.25989616091746165 -0.008704916104709502 -0.00300361370308406 0.005560658882125063 0.002305018532426105 -0.010908449260600363 0.18127400822065573 -0.02037635141109799 -0.004569525212907718 0.009526317581359517 -0.0024147496068555904 0.2380086072544493 -0.06085893106624563 -0.014440387192084441 0.0077387466919318715 0.3413284111092031 0.16691037985649823 -0.009866199953822038 -0.6664597282485153 0.14107865257697208 -0.47923632969080304
0.2624599405795976 -0.00707190921809995 -0.001390997190891342 0.004505044702685284 -0.001549372075893472 -0.007490556252676929 0.18296195141975113 -0.018858006006085337 -0.006322822006909939 0.011076299174073139 0.0007740710210829127 0.23665252180726962 -0.05898884506142812 -0.014196649254480312 0.00993623473106092 0.3381476212494828 0.1665083455804586 -0.008358528427521232 -0.6652064815233254 0.14353999280986382 -0.48162598834487713
0.2615389482374217 -0.0041884671147825415 -0.0020292195743641657 0.00485393766935443 -7.339564984556806e-05 -0.006163617667292756 0.18451837220488518 -0.023230898998606756 -0.007447336280683463 0.010287053624820675 0.004369094589982641 0.2353760622922695 -0.059518894153119804 -0.016797318236705334 0.0094868677448353 0.34129847227968485 0.16664412103837647 -0.011206043780281063 -0.6637384456582516 0.14780649192364387 -0.4802651066480217
0.2650836504168563 -0.005970191618530511 -0.0018588959069871947 0.003979890284654496 0.0015648397651223918 -0.007295728561275227 0.18029766272621503 -0.023944929765996572 -0.006271798921873837 0.009664464562735491 0.005804821041400327 0.23774264274526735 -0.061341491156271 -0.014556172839751516 0.010353561820280383 0.3376145338675761 0.16655627123199374 -0.010575822028594542 -0.66497208460492 0.1435765196753147 -0.48076093763353034
0.2601076141213051 -0.007987765787809171 -0.002301856361234481 0.004726303512074104 0.001179558987134561 -0.007950335692348083 0.18146321443860358 -0.02233207364176631 -0.0063213811057593475 0.010188673917902128 0.002150791436809315 0.23562277116807978 -0.06118525360609007 -0.014175548582381212 0.009991994609657065 0.3408395163756692 0.1635848675132431 -0.010026451678981961 -0.6648830745937336 0.14519844816516608 -0.4825611422300301
0.2617740332261803 -0.007329323308650988 -0.0016275601172586662 0.005274014550285517 -0.0024083021759404187 -0.008820898936244754 0.18466865704700522 -0.01892376525281857 -0.005031247778267089 0.010066391192145781 0.004212049054394934 0.23496284611585122 -0.06280357332561647 -0.014260866609041493 0.00917972096200103 0.3439795689826254 0.16966679087226771 -0.012095507525547515 -0.6616723782791085 0.14522815284261015 -0.48073430315358395
0.2629044074702801 -0.0076419214077378585 -0.001636594764830515 0.004452140720140535 0.0009099829928529624 -0.011883580111354248 0.1775311866427455 -0.020496334805853413 -0.0056490323975008526 0.008487233974665461 0.002386871452802687 0.2379769772821016 -0.06143171081279325 -0.012965484739098995 0.011231989731671282 0.34105252596953345 0.16679061838464707 -0.007716382325553332 -0.6635005340545815 0.14654146392229672 -0.481671325954453
0.26072256929096754 -0.005073539077152949 -0.0016980152206398501 0.0047243608787207025 -0.00116808254154249 -0.007276625323848632 0.1841946844691966 -0.019678479279859183 -0.006407062790290928 0.008208828469927036 0.0031739469409706443 0.23626609174795565 -0.06344416789699199 -0.012689361521960135 0.009150128514160949 0.3378244187629959 0.16357039662581027 -0.009932252446124602 -0.6666402564763515 0.1425854469285698 -0.4813256425812442
0.2599700801303287 -0.008289975886440055 -0.001339433347391208 0.005721651956247174 -0.0032117232275439434 -0.010566499551590414 0.1847067527624893 -0.021851249727699106 -0.005020713372881648 0.010835610469291195 -0.00014051109264116482 0.23792862230832043 -0.06071150016993054 -0.01350502169971595 0.011294257994664778 0.3408057511810321 0.16782782782140285 -0.01037835197938919 -0.6633528753517184 0.1450253771738832 -0.48099472779016617
0.25730970100105816 -0.0074250170531623095 -0.0007294917526382562 0.003364173518821321 -0.0017302453485675275 -0.0038550561458242623 0.18141484433635446 -0.021105369337191218 -0.005160897462996776 0.007980673032926183 0.00576423239154288 0.2377915245161346 -0.06240626480351422 -0.011598271629345324 0.006543805544474219 0.34325413913554964 0.16222706578730514 -0.013127336238845638 -0.6647972423900196 0.14496715602650673 -0.4820017148614668
0.2594703917861871 -0.008055704405001715 -0.00039228384781217745 0.002844198308592107 -0.0022749893607086533 -0.007753818615565986 0.17920905198698994 -0.021551255992401454 -0.002373683179970236 0.008012494285963843 0.0027912275005500527 0.23574825411247327 -0.06190121308291715 -0.011687671123570019 0.011385115890348364 0.3412484849853874 0.16816386736135125 -0.01271056761053036 -0.6644955523951163 0.1503130031487528 -0.4807951549667918
0.2596166883531479 -0.007761692072788303 -0.0008866946622113236 0.0024512597469845887 0.0023821208754387243 -0.008193587133493652 0.18398214663646406 -0.023394170407925758 -0.000679757171259803 0.0051929015201034705 -0.0003381480371731585 0.23503698533682343 -0.05830096936261913 -0.01198204115405582 0.005593607272040145 0.3414552012725321 0.16299659526154184 -0.010851314780019808 -0.6677436879937291 0.14045649178574499 -0.4799290229709439
0.2609562168080639 -0.007928520631575215 -0.0011572593077346228 0.003942436710050215 0.00023120146247537364 -0.0072147989707120105 0.18352929278155575 -0.020167947048630012 -0.006225753465628189 0.0066887756541923905 0.002437909621541811 0.23596346491376088 -0.059857484463613046 -0.0121541594534748 0.0106170082071087 0.3360815377845618 0.164060066289865 -0.008359355959445978 -0.6649191927966374 0.1434261500115776 -0.48522542673889074
0.2624925332151189 -0.010908284875493156 -0.0005638757638013936 0.002322070599959434 0.002066816060673839 -0.010167373479658693 0.18141883424620323 -0.022567298487105456 -0.0005429324838406133 0.005718536156524092 0.002864060154388833 0.2341745740597163 -0.05914191994105785 -0.012728512951017502 0.008634284090176757 0.34243586805130233 0.16413132497133898 -0.010965244857938962 -0.6658023180946403 0.14222909072140622 -0.48061053835082346
0.26546819770992774 -0.010159179412602401 -0.0009809252792820264 0.003021062019366073 -0.0005828284669857965 -0.003969633901077023 0.17946138784381163 -0.020588261119067894 -0.004753411852190729 0.006963524909984475 0.002328313872811823 0.23410562500322238 -0.0631736646035116 -0.013839171497210702 0.009149746279681731 0.3404200497575656 0.1684924027435724 -0.010409219366345611 -0.6643684323333584 0.14241328622751506 -0.48121519253827477
0.2605963403549285 -0.008006884550214484 -0.001446584634789417 0.0050913441922086295 -0.002248343500634813 -0.007065605545102989 0.18547082362360165 -0.02159297969752146 -0.0037648235028004263 0.010585685412254464 0.004823527665456021 0.23482586570825023 -0.059800348638643565 -0.01184920838243836 0.007466372288912377 0.3409785561178631 0.1670355303725419 -0.011927049068412063 -0.6652699124717601 0.1464764749965696 -0.47923160639534335
0.2640812379755698 -0.006270271418058615 -0.0015602910778849555 0.00475266759221677 -0.0011562132768115222 -0.009704011804496331 0.18267903445266848 -0.019393207857458964 -0.004353888141773471 0.009136824815283391 0.0020130296714289263 0.23720184910854636 -0.06094657994424771 -0.014751112757404197 0.011100172883249595 0.3365189163116579 0.16542358033297055 -0.012844196796363273 -0.6655652661253134 0.1454092004127451 -0.480657002122057
0.2630022527405989 -0.0035017278431492887 -0.0020180665475513955 0.0041921220800636635 -0.000405581224039184 -0.004702571761862203 0.18467998894070917 -0.019407766929045486 -0.005871923726858332 0.007999620987065295 0.0006617677298350869 0.2329716712715998 -0.0623644896679518 -0.01192609009287101 0.009258707088538664 0.3418345734831529 0.1654916994105128 -0.009110285493788348 -0.6643792890495003 0.14218115184306354 -0.48152006923412266
0.2606452950631181 -0.008187157803279908 -0.0009665610197568351 0.00329034070272516 0.0007293751030750928 -0.009295333453970146 0.18599901152774204 -0.022338924173772513 -0.0029783209490087267 0.005525357169361545 0.003211316666413257 0.23718597440399897 -0.05967353204526783 -0.011089485127454987 0.01040985404191786 0.3398859902932133 0.16803007504524595 -0.011189475212880152 -0.6630795992713262 0.14288759215868047 -0.4824222818358288
0.26171521623576843 -0.007165389593476539 -0.0010774312175096455 0.0037417204933659813 -0.00048433324526322454 -0.007440501709094444 0.18020596193648789 -0.01929299894811767 -0.004847508505839628 0.006560202494987739 0.003810201062142714 0.23799641280302117 -0.06201697980954336 -0.011237712650089287 0.0092605826440827 0.34027282988638985 0.16736451398399996 -0.008867411850233322 -0.6649979916057166 0.14547277395130453 -0.48009933877536043
0.2622459774514957 -0.006587362821752047 -0.001525258897278303 0.0034550712980508562 0.0015781128873456319 -0.00756662948331452 0.17853144797034395 -0.018793043895449613 -0.005143868984423288 0.006829229543909904 0.002315380549153602 0.23915099368168954 -0.05873444570286603 -0.012282772346051239 0.005988572131525283 0.33794323801906095 0.1655505660234777 -0.009035687722521267 -0.6660595172555929 0.1476076515138888 -0.4804761213219425
0.2628372004320393 -0.008933808232638951 -0.0007187982759152774 0.00265892405392996 0.00018121873908161405 -0.006642409412118367 0.18208734239067398 -0.02229004427746079 -0.004152808623026661 0.007164131444313796 0.0035597415435928447 0.23848396061247623 -0.05915292949117917 -0.017948169400837433 0.010417805833515191 0.34082296502504333 0.16718744630962581 -0.012499289164734317 -0.6653724648654804 0.1403077308566796 -0.47913660181202455
0.26426734174745703 -0.008940009168285098 -0.0011552609747023544 0.003521499082374559 0.0008503642848212225 -0.008239564253290869 0.1809069404890473 -0.019595903887605313 -0.004875250823557281 0.00825020213476803 0.001656003179088037 0.23641399643696726 -0.06064041605241663 -0.016697383115698506 0.008414146451565395 0.33884734563311397 0.1618921469685666 -0.012619415779355873 -0.6663777036021665 0.1434690788567971 -0.48067421727587417
0.2591846838156315 -0.010061275023208338 -0.0014823848472206656 0.004536121379105882 -0.0017675726709777296 -0.007461261884298534 0.1807720995567101 -0.019836766685521624 -0.004037772345325677 0.008517054239425717 -0.00041503896881552266 0.2373493282475321 -0.059548683012700186 -0.011959210448029198 0.009650622833376258 0.341351190491729 0.16988817343293133 -0.009596420997422904 -0.6673848423464898 0.14507299595930617 -0.47690576634924553
0.26257495744260234 -0.006222312303822146 -1.1581127228075053e-05 0.0029302139585341783 -0.0024733502617720208 -0.005745344947168605 0.1830320802372379 -0.022339539545224475 -0.0036935759340537924 0.007371858979134038 0.0024930168425382425 0.2331742803471773 -0.05992941232705388 -0.01420491068489802 0.008987908139199021 0.338969573397836 0.16829737763407873 -0.01172747256214206 -0.6651097728029658 0.14319159413718585 -0.4820921756922475
0.26097910303606564 -0.006502249711387855 -0.001135248940507918 0.003986637360503495 -0.0006659722240182236 -0.00838444305885984 0.18533468467366626 -0.019400065596537782 -0.004437583374113476 0.0069686264825482135 0.004531011443917459 0.23493189794364996 -0.059883593408465954 -0.011114467922399413 0.009873294082649182 0.34128509462898765 0.16618400457338833 -0.01028775872402103 -0.6641231360953928 0.1423130726811203 -0.4821146437437528
0.26232144535351 -0.009539159400018843 -0.0009177823248636382 0.003971529623738326 -0.0029647211290066175 -0.004738909030576606 0.18195843940340078 -0.02129594897586341 -0.006222583011977005 0.011864871746435919 0.004062267852476792 0.23629269257081392 -0.06148004834081324 -0.012992578232839346 0.00827984117011785 0.3397598369935105 0.16506651314314363 -0.008513595009698841 -0.66508347276552 0.14627569918181996 -0.4805726054533358
0.26422813517191396 -0.010252861404602328 -0.0003019137106070369 0.0032787687109961995 -0.003128893454560956 -0.007861876998055286 0.18098492651077258 -0.022920161893054094 -0.0031556979841523666 0.009430539852869999 0.003264003169531528 0.2341841799803923 -0.059796533898861165 -0.014408647291161493 0.009479752441198664 0.3418678877910642 0.16743724652399058 -0.010984301885698322 -0.6616531656309494 0.14599507360993857 -0.4834885350430285
0.2656909924697284 -0.008169068189217537 -0.002827792088102039 0.005182971753651794 0.0005431685167352836 -0.0058617839401433015 0.1818997758338921 -0.020694578367232486 -0.007153040108721269 0.01011562148051124 0.00038981225674031376 0.2355434624950388 -0.0575040815180516 -0.016286788987736486 0.008353480783762567 0.3411539354334086 0.1652679628828877 -0.01045903340192645 -0.6633653864533544 0.14635312627171246 -0.48083090123101846
0.26613804676637887 -0.008140524004309417 -0.001601013954477208 0.003949318261332536 -0.00021609347390537663 -0.005330304422943182 0.18440804481882983 -0.019302838988439413 -0.004954322263955611 0.00677160542592273 0.004311104195662353 0.23838022332758876 -0.060128582648970766 -0.014057068842990282 0.006794066851296014 0.34055094571787425 0.1686534034691521 -0.010320835990352382 -0.6650473543824156 0.14452096221196858 -0.4756108428585024
0.2602949111027071 -0.0058917776068211376 -0.00033256545814876166 0.003263265403626555 -0.002087777241416762 -0.009514208082577845 0.18229798869057592 -0.023026449907075686 -0.0020607851600437763 0.00781461756331639 0.0038980957599668827 0.2397143811534739 -0.062472653710415445 -0.01390985911600974 0.007813055343345218 0.3387581967950664 0.16498552364907682 -0.013404677098038494 -0.6634267466497025 0.14569680476689503 -0.48282807194265015
0.2584034428914468 -0.00867601631855717 -0.00039256855210993236 0.003394195695678004 -0.003314630210910654 -0.008848587249134877 0.1817927400862609 -0.021829387732936825 -0.0015631653202387073 0.008563412507693258 0.004273374733863401 0.2401370615543259 -0.06401684274053258 -0.010661046909008362 0.007808381659729367 0.3394040630350656 0.1648946642792727 -0.011886005049280172 -0.6667224496108372 0.1446134748966696 -0.4790982656338332
0.26272962033293684 -0.00908881686467315 -0.0006790730901793748 0.003446639347921186 -0.002862172882571952 -0.006409383927754673 0.1798435677242275 -0.01756279444903301 -0.000629959802991619 0.005455856807409672 0.0024871308082423603 0.2387129146750919 -0.06082839961637881 -0.010960966067057465 0.005764412000367731 0.33748356497606624 0.16663151851465532 -0.013331941073557464 -0.6643300825936513 0.1449842969109447 -0.48281386825180106
0.2618591469843798 -0.007585299133496253 -0.0004957866362816055 0.003933438993390599 -0.001125814418381303 -0.008154950686918025 0.18092717432600874 -0.024446416201337553 -0.005947602027071276 0.006151376389974031 0.007065452880904786 0.23937063098426725 -0.06418755382184566 -0.01468178464852376 0.00842606009799918 0.3412831317373227 0.16703809641262674 -0.008621590454173407 -0.6651853071179082 0.14328592386294794 -0.47820067090361074
0.26231804041731205 -0.0068636519364738335 -0.0003423540592589513 0.003037670799760019 -0.003786685704860384 -0.007604620009706032 0.18478463938086248 -0.01992577459547649 -0.0033987555772987624 0.00943488686696255 0.006560558632182872 0.23619869513584243 -0.05905994671712593 -0.013322267517530254 0.007367886233591 0.3397572919411821 0.166892811511947 -0.010423476217235286 -0.6641078789050836 0.14271570842039982 -0.48172712041632093
0.2619418989124064 -0.007118311923776653 -0.0013948884743999741 0.0033212652430735703 0.0020992960295584543 -0.008429419957071782 0.1817885223942907 -0.020755917686491782 -0.005400027384505932 0.008428614887506264 0.0016976913803759476 0.23790292006807381 -0.0627318739806161 -0.017062710888726823 0.010561997628020913 0.3402561971247788 0.1672003895516149 -0.011069602801076337 -0.6674026968324965 0.14174347271311113 -0.4768230661546719
0.2600984282966821 -0.006308977559258942 -0.0010819891591268558 0.004462237637727826 -0.001501269927339792 -0.0073567746699295675 0.1816551250499653 -0.025062996537734663 -0.002541979813569245 0.008445519217863684 0.002481643490290146 0.2366789980843365 -0.05913564836566956 -0.0134591015363416 0.004171441762577727 0.33958714356086644 0.1639688926373144 -0.012400345759695036 -0.6659271218054935 0.14763140095388413 -0.48082781017833753
0.2596675938781313 -0.0055746159141490045 -0.0009153066184311839 0.0032448387035350626 -0.0011960105474637863 -0.004065072340139895 0.1810702518985647 -0.021390869746780814 -0.0037230986410756108 0.007336975855143728 0.0036352988398740305 0.23584904567409745 -0.06043567907481991 -0.014576700942815777 0.005505600951475699 0.3404856821078961 0.16644419091207113 -0.011452683653116639 -0.6667473719103051 0.14449598885927295 -0.4800738611931868
0.26208697112575385 -0.011201478570668891 -0.0038641529216543883 0.007252916350347555 -0.0009397652298387501 -0.006319394144938903 0.18552734576557328 -0.01901156900943294 -0.006796236006283303 0.0110459205581082 0.0007855426124503841 0.2363395668154256 -0.060824959827243445 -0.016362516576698207 0.006028976282585034 0.335930469279689 0.16419680370787978 -0.013078637365580324 -0.6685731139656327 0.14426892854322024 -0.4779972146214307
0.26093098028769923 -0.007793727246311612 -0.00036182334786012097 0.0035354509539762833 -0.00497060680110533 -0.005163032941560759 0.1845148437542761 -0.021586923686203248 -0.0028524442191319313 0.011362799692069298 0.00234784967129045 0.2352150789814723 -0.06088655392728377 -0.012020118720123695 0.008652237426930273 0.34135570949302124 0.16806868956279947 -0.010876192054296558 -0.6631308861662035 0.147964772034425 -0.4809967875807519
0.258452461882899 -0.007290938766469601 -0.002587030471453146 0.007135801280966978 -0.0032516491346010878 -0.0077438181193652715 0.18199256009988182 -0.020670530531726336 -0.006874099278074862 0.010870089229305805 -3.6699194598595e-05 0.23802299042240826 -0.060916900683461145 -0.011340662005976644 0.008622329577839162 0.34160319887599605 0.1642722602709117 -0.008813672958756097 -0.6665890051244969 0.14223065007078692 -0.4800125095434759
0.2640476574685756 -0.0027799591797040934 -0.001446988675683256 0.003439372449788268 0.0014413748638066014 -0.008119089800926241 0.18257109750519385 -0.01838367165822705 -0.0033039076911133302 0.005468215707531707 0.00438423659777204 0.23600819896914604 -0.05838045050936584 -0.014472147951115483 0.008324426204836873 0.3361252224569405 0.16761201105090218 -0.012710915404390547 -0.6668054692794891 0.14231052461528093 -0.4805775257300054
0.2616988857540571 -0.009945634746075542 -0.0016255533132396838 0.005243489693361233 -0.001457223633781352 -0.009513067984993595 0.1850167887208962 -0.022655530119794706 -0.005438723765659357 0.01039713906461026 0.004428886449102776 0.2352426203471253 -0.05997343918004602 -0.013538317187716581 0.009794379718559839 0.3427562089147906 0.1628380272228923 -0.011947942677683815 -0.6651646016278978 0.145065505060378 -0.47910998279704387
0.26249719925759535 -0.009061428550256597 -0.0021050322532451737 0.00459706327298217 0.0016615110996236995 -0.009365166499353086 0.18563031265640714 -0.02206154604629133 -0.004423508921343784 0.007223599886996854 0.001705173202292796 0.23739408006148516 -0.06036525910766306 -0.014943650733264865 0.006238193134623531 0.33922634526606077 0.16620286282760813 -0.01092770970714956 -0.6649991408376046 0.14375256074782136 -0.4794882503572911
0.26474080795143456 -0.008041041350071622 -0.0020302598984746107 0.005250998450486332 -0.0008695099168496358 -0.006706196914558104 0.1813707403049142 -0.021376618193543865 -0.004605948278629264 0.008433640128912987 0.0035408397936885316 0.2363739868617804 -0.06231365986877407 -0.011303849925875171 0.007996919958147043 0.339705564439919 0.16548741717911541 -0.010768199685681108 -0.6617217839369381 0.14421983939602376 -0.4845499617613937
0.26285491258059157 -0.00032559550729682225 -0.0011439088496595384 0.0050261091761480275 -0.0012711706050235498 -0.01148511128661315 0.18275058566628896 -0.022919505866713274 -0.004848844287444571 0.010657921132932223 0.0032515092863945466 0.23150195208818997 -0.06311827068675226 -0.015332112216812833 0.011253886779075796 0.3343179756822237 0.1688297333263962 -0.009523414962434418 -0.6652725568093336 0.14317983343097015 -0.4850637314016984
0.2636134421441167 -0.006472956777423496 -0.0012655822693323992 0.005384608672082635 -0.002408643704677853 -0.0114031570217449 0.18162270984597298 -0.020838053981662438 -0.00483248493904958 0.00933233642141688 0.004827503732551547 0.236734901859433 -0.057045196853296044 -0.012700891642159207 0.008659163146667334 0.3425527837556844 0.16873226066084354 -0.009910066698400223 -0.6617232873741876 0.144885258192047 -0.48211029577871356
0.26071144216690517 -0.005522704985546606 -0.000822641136943219 0.0034448775177573095 -0.0011339575580202798 -0.008375145597281995 0.1842812192487134 -0.02075827497565726 -0.003092423380574915 0.007065254966737121 0.005133673210882548 0.23578900568161565 -0.06528366800292118 -0.012701126485635017 0.009529146279669352 0.33913782701594436 0.1644807278128195 -0.011310772750268002 -0.6653992553700856 0.1447190213483117 -0.4810739574099175
0.26085716195949915 -0.00900153448573021 -0.0004963539732453556 0.0029796517622887294 -0.0003116804610216271 -0.006662296225350283 0.1874299804251305 -0.02258162326480444 -0.003022704530628522 0.007018347722596806 0.0018557724020989794 0.23693944882270584 -0.06132945638539348 -0.0152325180075086 0.009128494263624701 0.33960658637981317 0.16770502937140466 -0.010585074942187203 -0.6613443944832569 0.14404794824820705 -0.48394659100242315
0.26041409511347025 -0.011369228200782651 -0.0010108118962829553 0.0036265758990792012 -0.0016769653592180278 -0.00400764736761766 0.18312797220117233 -0.022113061426377048 -0.006177729139099478 0.00998416860889734 0.0017988863872120113 0.2347470912137123 -0.06213705050679026 -0.012429995939352454 0.009709890609278002 0.33976394512476615 0.16461121442455853 -0.008919889379976847 -0.6670794431654183 0.14684360390784074 -0.4790263958575965
0.2598566349988388 -0.007226322202222818 -0.0008526964059368361 0.004727774303362717 -0.002550303028192874 -0.008547594019558635 0.18111169101924557 -0.019740757493563604 -0.005043806415399531 0.00838909327623774 0.004760227010575795 0.2369554154596061 -0.0628604450523258 -0.014197633300152595 0.008585135762590802 0.34089322117260695 0.16683419944960634 -0.014529359610293288 -0.6660701328855403 0.14502739814441734 -0.47927044120809204
0.2590535255203371 -0.008584862571707881 -0.0009458431958603574 0.004180829428756969 -0.001821414289295911 -0.007714545376268402 0.18303942040135365 -0.023688434740905654 -0.0051282203380430234 0.008722139803117073 0.0029353511144796555 0.2345707778490978 -0.06199010513578109 -0.014138279751492318 0.009932991518371608 0.33922821027227357 0.16581886837310597 -0.009134856754524388 -0.6678991679725468 0.14273045221629388 -0.4798745910777042
0.26088608361563337 -0.007637359066708823 -0.001702429899479141 0.004630056688318421 -0.0006917855960198507 -0.007811990123278648 0.18317981971972563 -0.019510425936314458 -0.005556720076632285 0.009268322180068247 0.0013175965058118198 0.2366756042472135 -0.0589480166965891 -0.01596869582388686 0.009023267994084793 0.3426791543954894 0.16539253935369508 -0.010749949290607136 -0.665442167107676 0.14283483123340804 -0.4793738734601739
0.2641860665194041 -0.007182324620446854 -0.0006242578418667211 0.003153492705236543 -0.002303462353526769 -0.006331872220797896 0.18137352597195322 -0.02105316656812375 -0.003542433594467117 0.007782601570541722 0.0035117497658857773 0.2404561710118646 -0.05832780380325263 -0.012897237894855642 0.008495951920818985 0.34202844672012994 0.16444771173506123 -0.011576311976920186 -0.6623882791025216 0.1437912526508278 -0.48126797436185564
0.2653939180601235 -0.0061255473181351765 -0.0005668952098166046 0.0028510485361852734 -0.001636154890434564 -0.0059094126062922085 0.18040406063652584 -0.021463483134962436 -0.003137316224583899 0.008199667183791294 0.005620339638969342 0.2365648921080268 -0.061015525276947605 -0.010620222258604062 0.006354984643855207 0.33729118584596784 0.16218804009595747 -0.010707205372495752 -0.6659874754588448 0.14602815107445635 -0.4811237073033038
0.2590102934895784 -0.010731829016675217 -0.0013345150867427262 0.004025888015041497 -0.0004931090856990855 -0.007396936419098453 0.1843878620866564 -0.02201134934795206 -0.004958832041833619 0.007420974588863986 0.004747740914576417 0.23829689005764768 -0.06363494237395935 -0.014285932453267734 0.0066999742299793845 0.3417267999636566 0.1677765049040438 -0.010385741857079474 -0.6641567393303629 0.1410261846286237 -0.48065537410699777
0.2662476962492486 -0.006898451050450923 -0.0006528794889638127 0.0032720706036191076 -0.0012021157169131227 -0.006149507623266052 0.18641092821682173 -0.021448461677151084 -0.0034062292134720415 0.00878472549608748 0.0008133087119900362 0.23408888489990856 -0.06049217240914543 -0.014489356417294938 0.009427668568490885 0.3426140062800482 0.1666644139380498 -0.011380894906788874 -0.6619092985913375 0.1455946338544866 -0.47994511999064304
0.2615556503982417 -0.00827865764803156 -0.0014132703965730575 0.004338628377590359 -0.000600923541649381 -0.0057742880558653625 0.18074876643186838 -0.018814444847539274 -0.007495239569594056 0.0074330965038992775 0.0026521201292955283 0.23404457944775447 -0.05779988637889202 -0.014442841116681893 0.0099602682623206 0.33822933974659425 0.166316102281285 -0.008506046192985424 -0.6669560728768245 0.14211432870476262 -0.4824294276629524
0.264348746027695 -0.0020437037040150446 -0.0018451180956177004 0.004507784925950066 -0.001108478029524554 -0.004999543119395059 0.186624669478718 -0.019917385894540503 -0.006027936013106192 0.010836732382028947 0.0014645781690063547 0.23638744233515208 -0.06270719731971605 -0.013262646761320497 0.010714944902636721 0.34019952199615267 0.166272951613835 -0.011279050919723355 -0.6633564765537421 0.14717941307994928 -0.47892492686332355
0.26051537045086937 -0.0072580892778674995 -0.0008173722732431283 0.0030125955404557915 -0.0018217285969894116 -0.004683679556386538 0.18052290378586025 -0.02280309729849029 -0.006952991025578386 0.01047488588134869 0.00500019162936019 0.23457758570734571 -0.0558108546328749 -0.01607336765057684 0.007824961399912688 0.3420772186522055 0.16886148210151364 -0.012527760128552924 -0.6669945599154532 0.1431992682946361 -0.4787647366285986
0.26237949646491626 -0.008105116735292602 -0.0017417515121739614 0.004606663644875296 -0.00014938070712305925 -0.007919428989982451 0.18164435351540903 -0.02182020403645297 -0.006378927822471884 0.010004977848104042 0.002882038200598961 0.23558675547827182 -0.0617988809500633 -0.01613120987697415 0.008545588117724712 0.3403255111631535 0.16467293945741832 -0.010892444166659883 -0.6676233420646267 0.14481291193174856 -0.4774745825940452
0.2602615919853219 -0.006498699906196591 -0.001762452398103614 0.004489677018192961 -0.00042153653112673013 -0.006497007244558513 0.18653601364226646 -0.020054546086799838 -0.005768970964680043 0.010040863735968575 0.0019037665375401583 0.23633097348519558 -0.060604346813436884 -0.014257256010153072 0.011467879256008796 0.33626122217710935 0.16706758702267388 -0.008599135360484568 -0.6658390531027077 0.14639125290004257 -0.4807611158890773
0.2620352205129397 -0.005924223184096481 -0.0010125280874506409 0.004655766240660538 -0.0021557859416965297 -0.00926917616828371 0.18112286325334304 -0.02309339470001562 -0.0043003562425816735 0.008909480291678762 0.004315373283614386 0.23488433460865654 -0.0607221474384317 -0.012773792414572323 0.009812344314951269 0.34265535441426764 0.16561232234194684 -0.01205654157068481 -0.6654864986358918 0.14697050681857662 -0.47870502889883665
0.26189110122155373 -0.008139168544709592 -0.001132561822427849 0.0046742979572184234 -0.001029369273666713 -0.012804538708327413 0.18385547246792508 -0.020882796163780245 -0.0026370484091358974 0.006359808496261805 0.006148097826024401 0.2365449940132229 -0.06099727973786166 -0.012837475054459122 0.008168945791989905 0.3399034216131231 0.16859850406303067 -0.013049303332822388 -0.6641714074584635 0.14200325655693438 -0.4811550032965137
0.25953230978108244 -0.008316325081035136 -0.0009191054541157977 0.0041963660828787845 -0.0014054311231701938 -0.010035980217899313 0.1815671669104228 -0.022539170785702493 -0.002792919015695802 0.00850747413034881 0.0002923893933388556 0.23621433587339213 -0.0600107040312879 -0.012945733486030129 0.010623693474945904 0.33900768206911375 0.16614963358411797 -0.008489039601856839 -0.6682037297234399 0.14394547322496143 -0.4789554327405166
0.26118180530981117 -0.006273642336593191 -0.0007404071616277339 0.0042008400541537925 -0.0014308793643878226 -0.009125452711816048 0.18249548391455359 -0.024699190530727496 -0.002976346410275783 0.00900788043386908 0.0020674401007848833 0.235262565021048 -0.06366828933934461 -0.01352504982411883 0.009624022079606841 0.34133397762927625 0.1655382832964034 -0.011371099485719087 -0.6641004101744363 0.14397420577263104 -0.48182523015919504
0.2658209727236539 -0.006021578261678529 -0.0005384295794336333 0.0034652737229716518 -0.0023580410391023563 -0.006898889761243573 0.18472392962689477 -0.022493201728164804 -0.0032189598343665485 0.01212390644577337 0.004962135007099689 0.2363290228103012 -0.06164528112218598 -0.014681818544173372 0.010140134565878976 0.3399649570415916 0.16819777119184118 -0.011792089951293279 -0.6620880156764828 0.14693974687195188 -0.4801033002535739
0.2666029986870483 -0.00884943226907066 -0.00184305369168349 0.003758837104136107 0.0015683380031712628 -0.008822306399742729 0.18270989629551412 -0.01853065692342099 -0.005559718855527069 0.007402631907766907 0.0031923924232889803 0.23451157847554532 -0.0602664089903192 -0.015280798932092257 0.01012075299546301 0.34131435713839703 0.1643486096083176 -0.010878609934165997 -0.6637348548392477 0.14674076770472608 -0.47985388870192347
0.26225012275705495 -0.007763654143602647 -0.002079565298482439 0.005457831421095133 -0.0012668347043052366 -0.006283412722510149 0.18355820447539073 -0.019486786354658624 -0.006559984596584553 0.010554647832236495 0.0016536674500884274 0.23604591129185354 -0.061912246858217244 -0.018047587378379602 0.00846151152476854 0.3401177732954042 0.16619283293753642 -0.012388197064763478 -0.665005143114395 0.14447044624838587 -0.47995166011575974
0.2607732063528419 -0.008834856164802823 -0.002061605713312859 0.005398986682006266 -0.001518467157982333 -0.006649274135458464 0.18031185723871476 -0.01987380593661038 -0.00826052675656183 0.0107139193275853 0.003199997199116085 0.23526997369879937 -0.05828888772670722 -0.017589753705998756 0.008758730618930104 0.3413376809275061 0.1666185608881567 -0.012133113745009805 -0.6645336379137786 0.14961112566105833 -0.4808266627678395
0.2616711096396142 -0.009234915235238825 -0.00028101020574894175 0.003538754703789999 -0.003638400549590057 -0.010306351786699506 0.18045042464671993 -0.02143152042011538 -0.0023856698250728325 0.009098620583761886 0.0072094557028376 0.23343150830066897 -0.06310826436811158 -0.013144345549351387 0.008925371951081944 0.34332288763271446 0.16537866308712668 -0.01254493545737453 -0.6637067393942914 0.14587373937553835 -0.48193313126319454
0.2628999290896079 -0.009490223990407528 -0.00124242652222187 0.00456575635015609 -0.0009345437665419098 -0.010117508697235714 0.18284020292265485 -0.02120515687685923 -0.003274270820961142 0.0070634845548244955 0.003068253006762475 0.2332686456011141 -0.05664346221680295 -0.011693076433216498 0.006670062241237318 0.3392005121875686 0.16510046924358857 -0.0110698809340039 -0.6650358988897639 0.1435942081409132 -0.48330529771738845
0.26282258173009204 -0.0057695482166176485 -0.0015918263775732617 0.005732321565058347 -0.0015380710353476794 -0.008257940841162048 0.18198302119860435 -0.01915432721390449 -0.007467323092787099 0.007597554466659679 0.004414511668122903 0.23683795985627654 -0.06479694981807521 -0.01361924497538704 0.008649258505323422 0.3388954433643517 0.16720210332829447 -0.008519306559834367 -0.6630143048137619 0.14255690229940465 -0.48355612969059664
0.26270008291896807 -0.00759216240498958 -0.0025176035755171515 0.006279172437234374 -0.0009416843654782581 -0.008656615901932134 0.18179332867485695 -0.021763799691060428 -0.006567480440533458 0.010212274919754445 0.003117333836344404 0.24208889993662633 -0.05837467338864592 -0.012818522959929635 0.005885680650747472 0.34114755141852354 0.1655106392446607 -0.008630496378873125 -0.6626296516551887 0.1447634879680859 -0.4806576666412542
0.26124219247881125 -0.011033133011558824 -0.0010592371070808234 0.004404801712033734 -0.0026234801135995283 -0.008131743470280358 0.18069506669287638 -0.021728659999875184 -0.00465541445299256 0.010700650819379029 0.0014498410472490316 0.2329871229718246 -0.06222388885985785 -0.013043641996426082 0.008835270359298208 0.3423218550538522 0.16731204300380156 -0.009317874222738288 -0.6662111625512582 0.14624119729652987 -0.47894146591178766
0.26155701256453523 -0.006135185195118936 -0.001596563352507158 0.0037501857747667734 0.0018366883697809055 -0.009281584900139193 0.18472534501552326 -0.020650398064205027 -0.002866450185216843 0.006974107821964808 0.0018654290483644121 0.23618162389488254 -0.059567355712988226 -0.013532735634283715 0.008170529206044068 0.3378712052469873 0.16772401390989733 -0.01183709860501994 -0.6656329491490862 0.14755485125089832 -0.47956848931369234
0.2625046299266331 -0.005614923820730359 -0.0008849132279025422 0.004283728396034226 -0.0035012723342224086 -0.004735609669016111 0.18207971331867556 -0.02076012551362896 -0.004283428743590204 0.008506439868981423 0.001579246181464839 0.24109065166478666 -0.062103222348975216 -0.013406419156502376 0.0066155580681469634 0.33838463026515736 0.16602687113732364 -0.012361090799782046 -0.6640601183164121 0.14405268032739926 -0.48080647384861375
0.26687991655042304 -0.009415961281634704 -0.0008072828464008292 0.0037344081770934825 -0.0018293307971320213 -0.007373987679217619 0.18120804748627742 -0.02185014285986933 -0.004417462307454604 0.009662815431714575 0.005256948121681908 0.2359692612915207 -0.06304081056050777 -0.011374840454808433 0.0106318037741423 0.3393593575708873 0.16540532066242783 -0.011405856701271607 -0.665956987840899 0.14339623913874563 -0.47806567420374385
0.2616180383994225 -0.005977542049980622 -0.001680472804104851 0.00409868420991742 0.00022892710374097317 -0.007738845971689703 0.18109994459799875 -0.02215818594875787 -0.006496456675254443 0.007450311172522615 0.004635309072248796 0.23790561486503026 -0.05979323616199854 -0.014139409443870257 0.00850805597129566 0.3398026835020837 0.1658412299991464 -0.011995772075367955 -0.6650573491947652 0.14296161533197158 -0.48138792435795924
0.263832926259599 -0.006774031119863567 -0.0023337011741902027 0.004401156943854479 0.0004717749738298434 -0.005539533329467296 0.18142175339057912 -0.01976391817436918 -0.006222189793928774 0.008278280400239129 0.003350090160932892 0.23540097202787805 -0.061512759049714885 -0.013721378860614275 0.007434579895575033 0.3419283107409374 0.1669008933186786 -0.009594789751742355 -0.6635919818958818 0.14367979616964496 -0.4812125454860038
0.2616436793056027 -0.0064916193422125176 -0.0013246913387005258 0.003755092820493731 0.0018999965228748336 -0.011929645975803406 0.1798126674512926 -0.020498837045573214 -0.005247816722003878 0.007473283404586916 0.005509599371991514 0.23826250068640834 -0.06072930194307963 -0.015187284917894417 0.011169649810934209 0.3402997486340298 0.1665626184983403 -0.012584666300341439 -0.6645973108466308 0.1410704327891218 -0.48204126980469086
0.26144305982006083 -0.007398244077032218 -0.0009568705519916347 0.0033969035217677915 0.0007797956686857086 -0.009345567478447083 0.1853418986481176 -0.02271368823428996 -0.0015772740258002602 0.00831759206755536 -0.0018175594456860474 0.23460682164019114 -0.05960304156000286 -0.013538460250807785 0.010173395547100719 0.3399783723624352 0.16661677700014166 -0.008960257691310133 -0.6656122924039584 0.14287827633934144 -0.4804056186000897
0.2646385333018739 -0.00776513311039547 -0.0013829052817726987 0.004428908791733016 -0.0015692876760526368 -0.005661471094079412 0.1813193310564766 -0.02293273466308179 -0.003619119362634019 0.006982502754144054 0.0023009614834450954 0.23813610739773766 -0.061504663295343695 -0.013078075544015685 0.005837346733512804 0.3428971654567088 0.16602776259150884 -0.01117205275884349 -0.6628316782282984 0.14313265612750659 -0.4801898783374098
0.2617526352078606 -0.006136473549531155 -0.0008851833902459241 0.004651975813339961 -0.0009996672755793908 -0.009108876173679106 0.18002441827004712 -0.02294898857756011 -0.004310736686951289 0.00691844168720124 0.006010968314254494 0.23143625854897606 -0.06311999696631213 -0.017782343238020786 0.005332802488884354 0.3416162758168168 0.16566936144393618 -0.014467378144803663 -0.6654577730202287 0.14213501893596836 -0.48271960821176574
0.2600056026698781 -0.00908253574253971 -0.0016239962557182085 0.004222091990005298 0.0004769636428796213 -0.009037699851299427 0.1786384163610262 -0.023571416228090867 -0.004150947959039876 0.0068566818406150185 0.0023647439474642784 0.2359008295607116 -0.06121029568647383 -0.013049728621392939 0.011055716328781285 0.34258808920529127 0.16421195865252763 -0.011531957835334138 -0.666136702266867 0.14382007510347575 -0.48072777421146684
0.2634253972274085 -0.01029639092658819 -0.0014265254616009399 0.00439664672711299 -0.00032730965655701163 -0.008806494938237586 0.18273474425989295 -0.020233173309307528 -0.004748615199899944 0.007009644581769187 0.006761041525051628 0.23721479563066758 -0.062113585039198706 -0.012012672059713706 0.00629157415188607 0.3378934693588934 0.16416575429525257 -0.012733282592731496 -0.6663878058062706 0.14714746277922156 -0.4787074229816596
0.25807015302727115 -0.010352236207053667 -0.001804827268485838 0.005081581526519696 -0.0010362291763521346 -0.009483935997949526 0.1818349708456499 -0.0199521363885243 -0.0043716166223324035 0.007906319739878327 0.0024583143048462187 0.2373174765227465 -0.06191895092015717 -0.012396393066323586 0.007839490117129231 0.34123377696477003 0.16529816332520186 -0.008297014934779835 -0.6628721153292898 0.14424814225482452 -0.484989040185619
0.2640647268615392 -0.007971608401787492 -0.0005125545835451345 0.0033711928163846446 -0.0025905802375377966 -0.00657822863158134 0.17859108837341908 -0.02357352153004321 -0.003219729078608969 0.008651188659673252 0.0022344840511194027 0.2358657613326178 -0.06364536489116042 -0.01394415592687474 0.009031840103531755 0.3419367153820162 0.16767606425011758 -0.01265551547464423 -0.6648952085387443 0.1440288300601758 -0.47918522892977444
0.26331490452314105 -0.009078294734036207 -0.0009603601496811623 0.0036550756014463977 -0.0024677646528309502 -0.005573419333186458 0.18325788151405176 -0.020094476551641045 -0.0055882273001374005 0.009928762099843658 0.0042531688635699914 0.23607280761480307 -0.05889655773311341 -0.015297686445958919 0.0077984505069387386 0.3390377373612068 0.16572995041328728 -0.011799240582868494 -0.6664149986165305 0.14246981610651385 -0.47952417966753325
0.26291561270487224 -0.010804661782134881 -0.000776140360901034 0.003208866751577403 0.00029180632849733706 -0.011483177423160332 0.1821014156325484 -0.021290638524139545 -0.0032681983430990573 0.007214107641869404 0.003516752714018789 0.23564794201753636 -0.05889866252730771 -0.013726120499713666 0.008400965309881285 0.3395348933755391 0.170954149050811 -0.010016063743774494 -0.6652271021260239 0.14546290763961126 -0.4789283394239148
0.264450979067545 -0.0069966779878603115 -0.0016803238191388068 0.0018542340913720713 0.0037868131154099763 -0.0060151961047813845 0.18096182520285886 -0.02226225275543168 -0.0030534245302150285 0.004724344462727314 0.002508175108239896 0.23582002651784206 -0.059181411738407574 -0.013083003848238637 0.007728186603781087 0.33744170062639145 0.1660586519255487 -0.01012631597914189 -0.6695097998211286 0.14365105729429695 -0.47635164117476575
0.2644784817537948 -0.008033895131911167 -0.002116096200416852 0.004257272376307374 0.0010946647272322596 -0.007544682708732779 0.18157617670759876 -0.01660676471493854 -0.006136430421852826 0.009443802596270093 0.002159807750892526 0.237699959680459 -0.06078044285494538 -0.01556126650486622 0.010553839463459776 0.34161432997983265 0.1637492986892231 -0.01077631502526076 -0.6652177014393553 0.14253427588499434 -0.47908107452557364
0.2648228527687634 -0.008420729058924931 -0.0005796185449352197 0.003855621853124454 -0.002899001620165424 -0.006219525166854947 0.18197163993398782 -0.020501391913769214 -0.004075294859371011 0.010050098667546411 0.002204553986582724 0.23530991757594014 -0.058978017210630757 -0.017688416821825925 0.010388906086906811 0.3363833579472397 0.165858392897756 -0.014181383293827279 -0.6646382297330945 0.1438765459727166 -0.4832193190410597
0.26296404407677326 -0.0052062139009265915 -0.0017669330716789493 0.004660755430150981 -0.0016639984277433352 -0.005562949388632469 0.1836931425085498 -0.020825627521624066 -0.005930711045510892 0.008949671715589445 0.0018667106746234525 0.237878754088411 -0.06261913781292522 -0.01197190444524722 0.01107138248880947 0.33796029831371854 0.16946309364356324 -0.00910353646131991 -0.6668269035602566 0.14217533626433457 -0.47728977737873907
0.26144352247854175 -0.008408944541081162 -0.0002049193933335421 0.002868855507649318 -0.0013446993077840975 -0.006140095334580317 0.18294367216574 -0.021343336264278416 -0.00296701896495118 0.005504318648853344 0.0043681198747869115 0.234147892043737 -0.06076315233860028 -0.013452868638210385 0.006165372370136241 0.3377566908812225 0.16586673029058557 -0.014204045303703719 -0.6663524586080211 0.14413965512012014 -0.48188727972610296
0.2629679586251577 -0.006502922290136876 -0.00111618016166051 0.004836199035574705 -0.002091282502133716 -0.008259646701522667 0.17985848621468117 -0.019341466617246096 -0.005151738930470173 0.009366540837264717 0.0016087913583942009 0.23896179401902487 -0.058070622266350326 -0.01506921604501521 0.009387235242350746 0.3395842189704789 0.16623453822235748 -0.011942682444131889 -0.6636873010170232 0.14469978973907255 -0.48225026208506994
0.2638320661306451 -0.008934890801996623 -0.0006027426778114419 0.0033497201391247825 -0.0018373336151770241 -0.007262913764400602 0.18513449658732753 -0.02129950230839541 -0.003696501448489149 0.009353399414889807 0.005175134299522224 0.23342396723340897 -0.06199104899592245 -0.014954040263078047 0.010242835148910182 0.33673316406837445 0.16532978210111218 -0.012209889182004127 -0.6644050272818166 0.14453559233298222 -0.4832532656349595
0.26367918202466045 -0.013156329033347895 -0.00038658000360300513 0.0031241924306903 -0.004637543113881718 -0.006427112437342904 0.18342991772909395 -0.023710073536094816 -0.004411631313322368 0.01120584054162924 0.004146159305564226 0.23442450818723481 -0.062393509158556945 -0.012526039443003836 0.010354501707183385 0.3376256586048788 0.1657272741693767 -0.010091619980012265 -0.6644035870097137 0.1435460585890943 -0.4828546145246225
0.2640180177511726 -0.007285229841773584 -0.0018037516848569298 0.005742592716456442 -0.001418600651370547 -0.007982829078269447 0.1859084608790412 -0.0200926251193674 -0.00646407905047014 0.008882192059457967 0.002059477868458036 0.23350886563549483 -0.059710373024409874 -0.014124942202615105 0.006987082018567953 0.3412131940152274 0.16698504964964037 -0.00844774294992824 -0.6642423640851908 0.14482954091389955 -0.47972228731581984
0.26194326210327773 -0.006840800881159053 -0.0005429543756883631 0.004582696363412813 -0.003004377242981599 -0.009297469750304021 0.18300207734865662 -0.019999905859716175 -0.005595520131986297 0.008336074213200404 0.004098060116566329 0.2369966305737301 -0.06323470305417864 -0.014080172172731512 0.009370503261690208 0.34063013813055354 0.16440140414904242 -0.01037998526081996 -0.6652394665062887 0.14474264096610873 -0.47969187014003456
0.2622805046104744 -0.007464810032182053 -0.0016415780006176482 0.004123539801575004 0.0014447836412087227 -0.010756531663879155 0.1849420267781752 -0.019530195351067387 -0.003923857968582978 0.009290579740702036 0.0003720609202456771 0.23488530883045558 -0.06237614168499599 -0.01601435758275651 0.009189852446167391 0.34116171855180477 0.1670088444668551 -0.01158448156361435 -0.6633761866404215 0.14518573509121022 -0.48100078316137845
0.26025824890920424 -0.010671002351083234 -0.0008084180567471377 0.003520325734498589 0.00023752801813184458 -0.007668877867632683 0.18528773355659509 -0.020865229300612013 -0.003809926461537213 0.0054486744081049705 0.0013760943573157363 0.23784787186663506 -0.059259786075904916 -0.014859891703898634 0.008434913755648855 0.34126277580299885 0.16778869419136158 -0.010445596541599388 -0.6631266886686741 0.14643076940682118 -0.48061434589275753
0.2641485690433756 -0.007320542977260038 -0.0015919049496464772 0.0035129684642993407 0.0010032003550701394 -0.00608410940677639 0.18244848537847264 -0.025241969538145365 -0.005671943390545088 0.008563053564826582 0.0018598012631721181 0.2345341667399812 -0.06182174435218813 -0.016279889291757124 0.012550880360129923 0.342810404708915 0.1658184730549452 -0.00984286396342949 -0.6625583125597391 0.14414050662520234 -0.48162547181536375
0.26201236645513515 -0.008536551120689389 -0.0017694600769009895 0.005585444060038636 -0.0019069393516698491 -0.007794517504854566 0.18352251989149457 -0.019011140829908697 -0.007776231822223426 0.009740626032663924 0.003163671313605132 0.2359763431739995 -0.05856491747092438 -0.015078603441946054 0.010584856767023202 0.339725393757952 0.16636668614049047 -0.010270096086582265 -0.6650441157387229 0.14377517780583135 -0.4810040263354461
0.2632908221387045 -0.00563746832424803 -0.00045539391375226256 0.002806371575293462 -0.001702489358835192 -0.006317193302503741 0.18569666676482327 -0.0224719152106412 -0.0029063679677852 0.00794724298646856 0.001749635205913908 0.2325088262641434 -0.05944642976963086 -0.01384923079970745 0.00972823652038704 0.3422557545244861 0.16676441592196542 -0.010004119724327713 -0.6655050749513032 0.14524244550135285 -0.47813164333056224
0.2646519555114987 -0.009643838901822518 -0.000591025612803242 0.0034962028125900615 -0.0009905744747580702 -0.008185748160239438 0.18257964785044603 -0.023049512465138883 -0.002048643542936368 0.006198074166249257 0.0020441276987538666 0.23494088163124816 -0.0562753067756601 -0.011631649617023362 0.009397983169529868 0.33701139760259025 0.1686526868446335 -0.010675341129292967 -0.6648276837424338 0.1429882796482478 -0.4823989662500159
0.2619163547206541 -0.010768276648399203 -0.0003354613237110517 0.003819394871589288 -0.0022486398558516237 -0.006863439959120344 0.18358419962725575 -0.024774243476089527 -0.0041204831780251305 0.007898113702206114 0.0027577732079392897 0.23568984056830683 -0.06583180020287926 -0.011290863838335816 0.009053797629277341 0.3414503076402995 0.1662066860557149 -0.008782696489324686 -0.6663337638956174 0.14312848943064296 -0.4774343687964702
0.2626299358487928 -0.007100915518138113 -0.0013323011453964758 0.004119253253385618 -0.0003967310030523197 -0.008293405892741808 0.18281514819500094 -0.0236981705086656 -0.003699666193248322 0.0077670403417476625 0.0031700591505110084 0.23731386997595963 -0.05938375798784116 -0.013083815796426443 0.008811066836922595 0.34571599003572384 0.16669853230294987 -0.013137343436357439 -0.6612435745740562 0.144376363672697 -0.48079008607152407
0.26244452889214437 -0.011790820267023496 -0.002927312012845198 0.005064032894203121 0.0007217720207987021 -0.005589542784326556 0.18270364922131593 -0.02229828192754011 -0.004736039350978558 0.007757013988348189 -0.0006518189825651369 0.23275876884750063 -0.060709687059497267 -0.013212957433540685 0.0070863159518081325 0.3446717046515848 0.16729120536025766 -0.011998277039626117 -0.6633555039365676 0.14818863959927123 -0.47952122896674254
0.26114421875595767 -0.007661095250052269 -0.00030702760389043215 0.002896565935042889 -0.0028497255031636392 -0.007084770336072128 0.18433898899802523 -0.019891603180429988 -0.0023608911444809753 0.009973945897495054 0.00838194700358719 0.23669119763722926 -0.05960051087570843 -0.013201317413596475 0.008942248057372997 0.3410171948901678 0.16529230484433927 -0.015334403557166629 -0.6662273210300629 0.14501690931076053 -0.4780784550762348
0.26168728715739503 -0.009274140152604025 -0.0013584543010046373 0.0034800046351148527 0.0006819520195145666 -0.005514230566179587 0.18319195390286425 -0.020963324583203866 -0.0046698910573366665 0.008591090149630312 -0.0022813821427874886 0.2319671479341943 -0.06278557028042693 -0.016171025639333623 0.007886059106699952 0.3387004831621907 0.1645544814083426 -0.010909836182866223 -0.6674807088004925 0.14405062229899634 -0.48064392114762544
0.26343240985817545 -0.006768393382631279 -0.0010418157519894858 0.004698390395066348 -0.00201385804911576 -0.0089250252771169 0.18282510920526585 -0.02392531582134841 -0.0035448472662582124 0.008763166866059487 0.0030827816804096654 0.23828774268391217 -0.06263227241952282 -0.015177486345555664 0.007198815175223383 0.3393436721368322 0.1677928165241125 -0.011660603160789103 -0.6632830425624066 0.14464731428603836 -0.4806834537675465
0.2616037782953164 -0.003358361713129178 -0.0003865508532312323 0.0026108307937505433 -0.001098243997975429 -0.003780957271611445 0.18091123179231905 -0.0235390590501165 -0.002886623365186047 0.008457780842056119 0.0020965883706931983 0.23307349563234225 -0.06024329676826487 -0.016677748882665957 0.008911459148367246 0.33949027431906487 0.16921761592155893 -0.013438503245549351 -0.6654595300867768 0.14434063842269515 -0.4817810452847265
0.26129923088536405 -0.006885969657790472 -0.0027091623402898013 0.004736127953575454 0.0002999343871481711 -0.005586213928644223 0.1846294045717146 -0.0209272350365626 -0.007685015763381287 0.006805301649971345 0.0029571936184177193 0.23562673312741694 -0.058828823904978504 -0.012356832877560306 0.008768431306290254 0.3401159434632061 0.16561866619255117 -0.012512968661073284 -0.665306559776759 0.1499698802528884 -0.4789311289975814
0.25859847250178225 -0.0059477675894049785 -0.0005380313670750465 0.0034444281276076513 -0.0016078377236221247 -0.008909300648176247 0.17903998701865834 -0.024426436098172768 -0.002488579583561001 0.007958720702388695 0.001894939292222586 0.23724330280564304 -0.05827071628785771 -0.011889047308358077 0.008651372156138731 0.3369946845173061 0.16749352439431636 -0.009362911166936726 -0.6666990366786261 0.14565768259296422 -0.4826647510838739
0.2611947474035071 -0.007635792915658165 -0.0005038936283243921 0.001618256221729722 0.002155562823609005 -0.005741354909898859 0.1864661402133712 -0.02546222207211754 -0.0015851361886375732 0.005599918701596007 0.0021149769811992757 0.23794801044850972 -0.06076172863753344 -0.013424667292659564 0.007959330318098862 0.34008319211077015 0.16587718040737454 -0.01034067874746319 -0.6639404525963862 0.14686028902895007 -0.47958710785237924
0.2618188192082946 -0.008166691407091914 -0.0008627633119536324 0.0035965685849708136 -0.0013266287975475957 -0.007848709734757429 0.18486621368270212 -0.019380030025204695 -0.004576465417595475 0.008355877688085876 0.0055692646513160905 0.23553530236018205 -0.0631998038291829 -0.015944456754181827 0.012549510875258978 0.3366184739026695 0.16868224007112811 -0.011599995872418365 -0.664478004175451 0.1445033804034984 -0.4821192544216543
0.2624919024650929 -0.0069907482060915975 -0.000999794025973878 0.0044231834040479 -0.0010883165583928333 -0.01017626068062704 0.18306136723444172 -0.01993982840893559 -0.004177056782566288 0.007862547867134546 0.0036683645036007543 0.2341446340083697 -0.05989643070910365 -0.013731114162461916 0.0109702198095917 0.3419561714907545 0.16594195849388543 -0.010865731830420645 -0.6654561814026893 0.1442355749198486 -0.47955938922324
0.2617919181188722 -0.006721119279679895 -0.001103453556123091 0.003963921436313837 -0.0005537561341429588 -0.00902917501602571 0.18348234392779178 -0.01990472347378565 -0.0032947735860936805 0.007882245785708829 0.0021004988899760066 0.23646984670927867 -0.05910500217945079 -0.015007098018936946 0.008647285997974026 0.3414010523231786 0.16602750400927743 -0.012847978065163019 -0.664617120179545 0.1425250916255561 -0.4807869712156346
0.2619292909176931 -0.008092940862421008 -0.0010560741513479023 0.004627932275832743 -0.003047777840771241 -0.009984503233570845 0.18102359340086535 -0.02051817222618254 -0.005195515916734191 0.012107141787223314 0.0054094037218528415 0.23590688139522414 -0.05773886998735912 -0.011096703113192953 0.010743426881880874 0.34146211334709925 0.16845465139598736 -0.01140985298270634 -0.6636888433275271 0.14705646746844686 -0.4810054651394304
0.2592501903886356 -0.008699431512002856 -0.0009131214017502419 0.0036547989488373497 -0.0002745915479456308 -0.009941710055168973 0.1864836268635414 -0.02209104622702185 -0.0023060166956464898 0.006851198051101844 0.0028041939606051596 0.2354317650492538 -0.05927905313970468 -0.013383802283420097 0.00809907119007487 0.34084347441093454 0.16678452441188976 -0.010357512165288402 -0.663775587518028 0.14617204815206258 -0.4816912969914963
0.26173505707783745 -0.0044541262799746035 -2.420489186164133e-05 0.0030568824321556536 -0.003975125273430436 -0.0065237900694646534 0.18637083529584364 -0.024178707817155292 -0.002299584243721182 0.008212160878348342 0.003152065787007287 0.23935507911956092 -0.06172937334908688 -0.012039543311824514 0.007349458621759994 0.3425065745804705 0.1677468887491432 -0.009844527681962395 -0.6627866156669306 0.14463166931254334 -0.4784918112489161
0.26072986986744856 -0.006599757756072493 -0.0015235344244982863 0.0035475635992116574 0.0021192542911545793 -0.009367195678686218 0.1847943994336641 -0.020431104353686138 -0.0026006597066250818 0.005802609395354445 0.0016267926071231787 0.23628937076438258 -0.059308265280446394 -0.01245630488540419 0.0081249003631703 0.33769410860558136 0.16844432671262127 -0.01112094281118132 -0.6662645944969752 0.14795200638973224 -0.4789109120843578
0.26057358507942013 -0.005847126197857143 -0.0018416338058724136 0.004102834298416417 0.0017870124895946282 -0.008869270014706842 0.18496237852271918 -0.021115572825088993 -0.003057357571869329 0.006777895469811281 0.0008156246412691806 0.23652785293709483 -0.060133349230215856 -0.014214217284526792 0.00827750861190409 0.3382372840120248 0.16759178471401978 -0.012200589785953887 -0.6657844020743713 0.1480876743276637 -0.47914619675492465
0.26223403168165577 -0.006216749743726209 -0.00181865771047764 0.004350652322234715 0.0014897770091413924 -0.009254258213798959 0.18386925911598812 -0.02092825346368416 -0.003144143802252806 0.0065055574133047024 0.001359050315942525 0.23535857740034866 -0.059560676969735764 -0.013713048717167385 0.00726669688891771 0.3374942228590129 0.16719626449716318 -0.011637104657258958 -0.6666266150622139 0.14750514830443354 -0.4790213503081836
0.26259001158651457 -0.00654817612695677 -0.0014218162897398118 0.0037432335860949004 0.0015452451556287098 -0.009292962284352013 0.1839699597980215 -0.020076826999259268 -0.003405079799486674 0.00634043226339573 0.0022769368085750093 0.23625036879191547 -0.059571275643309135 -0.013150011500914752 0.008714950436784585 0.3382805294980376 0.16683854988062932 -0.012044834940510311 -0.665526363027901 0.1476072526626107 -0.4794317861773843
0.2612902720589791 -0.00663327367072538 -0.0010867378610047872 0.0029798670692936253 0.0018494161536475914 -0.009769169081620923 0.18500887291858664 -0.020837090473222783 -0.0019856543526954305 0.0064118257723145555 0.002483467317124754 0.23645330925566513 -0.06076686897259127 -0.01329818338711153 0.008602728492046569 0.33908811162615593 0.16725568389643047 -0.011334947910177993 -0.6653965375208819 0.1468986385082233 -0.47915728481094294
0.2620418449203952 -0.005649596436573777 -0.0012319681319476956 0.0030552310204830643 0.002001154649993444 -0.00857572465966191 0.18387843442989257 -0.02047279559922058 -0.0034454200868871856 0.006398320825882135 0.0017732892964376073 0.23575319676520995 -0.05923583121522015 -0.014550478241081723 0.009081040038009879 0.33815167494271864 0.16788925630727583 -0.011203868199981478 -0.6652259446795414 0.14693775839034198 -0.48038484978741264
0.2611563907322076 -0.006126494056891552 -0.0012775600518002523 0.003332521157588906 0.0013529558060322421 -0.009065775505030549 0.18418014364036042 -0.020081495997850456 -0.002698847058013789 0.006590111167717647 0.0020902990859445335 0.23594273588203812 -0.0600409854032022 -0.013509986005806914 0.008288601134999407 0.3379094362416517 0.16864688260113922 -0.011423142399576263 -0.6659641961450293 0.14773169357767044 -0.4792381967574563
0.26161722821627603 -0.006706031873105117 -0.0016277139234542875 0.004102860550682667 0.001479141220675951 -0.009323228950522108 0.1844462661413246 -0.021082327389965395 -0.0034188427929959238 0.006160644318083615 0.003128923710483272 0.23620797910553004 -0.060350765065978286 -0.013929943549272244 0.00781762277168902 0.3377432924456055 0.16811165920937346 -0.012151224398702438 -0.6657743370874745 0.1479640150038737 -0.4791225580099759
0.26199778381485156 -0.005721052012555338 -0.001139869366225776 0.0032351835361475313 0.0015452928027244886 -0.009409605060159898 0.183852642514477 -0.01960723591285796 -0.002836193048119127 0.0062357076814325355 0.0029496533624034835 0.23686654379048622 -0.05964180070901661 -0.013534627072029638 0.008251791538598615 0.3377843117185234 0.1674589654335304 -0.011266164909169075 -0.6655494287114817 0.14710064507498843 -0.47979513686658265
0.2623486678346624 -0.004359213931020895 -0.0007862643984359366 0.0029640419258343976 0.0006495697605588235 -0.009942466121776726 0.1844706422413718 -0.020902262665194703 -0.002367776514032873 0.00613543096258695 0.002318658791373732 0.23632105009252302 -0.059291214729331555 -0.014773870243521671 0.008586442006364797 0.33702944741477026 0.1672334980020939 -0.011513083593489489 -0.6659677525856716 0.14840436408381125 -0.47921823910814293
0.26149365249139894 -0.005963765014486507 -0.0012808910546403993 0.0034841262927856618 0.0009973293167004863 -0.009006561176003607 0.18419662333023754 -0.020128540663002605 -0.003392246674863714 0.007203552008986075 0.0021341241576836754 0.23552204670790228 -0.05940812410427896 -0.013275223113758833 0.00810389780014838 0.3389322313524682 0.16821928613003514 -0.012029563679066957 -0.665407998972381 0.14741202802523987 -0.47961508714900597
0.26124293154194483 -0.005959256991114632 -0.0015775323240877904 0.003617059490488766 0.001653257908024672 -0.008781397666999247 0.18556521377422625 -0.019817875802180848 -0.0034682761520821418 0.0062700311734726144 0.0023097777993950274 0.23532500981591847 -0.05879143679689165 -0.013573097693569595 0.008334873496549969 0.33815110847129903 0.16869146761702708 -0.010899676027119703 -0.6657562123936861 0.14714015343908743 -0.479422556989888
0.262239657823032 -0.0058485827575074 -0.0014919344100026734 0.003591301610727166 0.0017405664443993739 -0.009017199795579767 0.1845983404535957 -0.019905959566867568 -0.0032666011127573456 0.006286437672965797 0.0022647103101846983 0.23659713040331706 -0.05938518569091325 -0.013348330229469843 0.008376952714794775 0.3374073902573119 0.16742410276906455 -0.011800063782450751 -0.6657142140441293 0.1477928934647058 -0.47935733358599136
0.26127782349309425 -0.00580321963247323 -0.000997697274018625 0.0031271989894698198 0.001789435909889401 -0.009598201184343727 0.18411400055529334 -0.021243647407531683 -0.0029607235860816196 0.006002834285856606 0.0024256835661338205 0.2359954385492399 -0.05951341134035925 -0.013415050033345352 0.008315337418022166 0.3379330675154041 0.16766859864816935 -0.011653308010031256 -0.6663933554917909 0.14732002437923664 -0.479039419688897
0.2619249981632642 -0.006367308481278508 -0.0013871107109024174 0.0038485804786785476 0.0011005369826650048 -0.009480188238948615 0.1855051426911783 -0.02018360254852855 -0.002596230180654713 0.005867517320230714 0.0007457336206840527 0.23670000165806562 -0.05919695094954037 -0.013419423357689354 0.007990009035633858 0.3384688227577705 0.1683024475490664 -0.011902656733425544 -0.6655630985426877 0.14735832389824802 -0.4784279842043837
0.2604312072669916 -0.00663318778267817 -0.001795799782571121 0.00400400290506881 0.0016054286005812385 -0.008870731059603901 0.1849322401658825 -0.022059468192529366 -0.003079585711318943 0.006337142589081475 0.001483972115250196 0.23609067011287252 -0.059605445534247715 -0.013649849529628296 0.008043383016385752 0.3373668419229966 0.16849385670378622 -0.011704637862965328 -0.6662041928193837 0.14738137130952678 -0.47943422530147506
0.26158439872266703 -0.006352060164358417 -0.0012826850233352625 0.0034725371025351908 0.0016389220053796797 -0.00983354182238745 0.18439585535568437 -0.020517821216751934 -0.0033904411928416776 0.00727674985122459 0.0019171932206050728 0.23607047947037718 -0.060178092567565684 -0.013183583879603318 0.00802396657244059 0.3372854268999039 0.16782695156049274 -0.011742838158891425 -0.665242172349194 0.14852344881244708 -0.4802798810485451
0.26081286828725075 -0.0062427281391419735 -0.0012194614203594994 0.0030474884699403988 0.0020393326495764734 -0.008961721902219682 0.18454658373309937 -0.020735747527653826 -0.002550241496546407 0.006406285845513858 0.0023342095427171246 0.23602683433724697 -0.059020496522042665 -0.014324913351362174 0.00823169966776152 0.33802663184137094 0.16847577360355612 -0.012586253902601036 -0.6663224990501562 0.14758046340821712 -0.47881813407893514
0.26188269401699116 -0.006376623259390026 -0.001662833720799075 0.0035999479799476474 0.001816352448635373 -0.008711526840920795 0.18443991891301006 -0.019958814258059485 -0.0029701532199779695 0.006918983082544633 0.0015993669574315525 0.23565222321905493 -0.06010465073993848 -0.013497922557394104 0.00907216520750857 0.33817087415865804 0.16719237497168388 -0.011759064865870715 -0.6657721654858323 0.14735176785435541 -0.47956326532817617
0.26205397168515193 -0.006209320715650271 -0.0015601821389304902 0.00422275159668783 0.0007244677738433512 -0.009060972319837919 0.18477396230372675 -0.02086592462381968 -0.0025767506101412605 0.006765576338674793 0.002009236505786281 0.23650934647487568 -0.060554846664521066 -0.013283814165742232 0.00844070103698146 0.33721326548173186 0.16835893256971257 -0.011418566084392928 -0.6651388508150937 0.14736050296862593 -0.4799885834199939
0.2617585982369039 -0.005643297210693155 -0.0015016439835598987 0.0036015193865994 0.0016768692746988792 -0.009371459950107762 0.1838964840081903 -0.020276590510497315 -0.0036649044160552446 0.006684459591239335 0.003107620643035182 0.2357939988726516 -0.059543393449378056 -0.014123604382662355 0.008095247569649975 0.3381643502229039 0.16735029738259002 -0.012124140768467389 -0.6656545059278184 0.14774187124966737 -0.47979874783487564
0.261604764314295 -0.005872125512701674 -0.0011146015488864797 0.003319416372873393 0.001229726848887534 -0.010050568418972514 0.18554771307623505 -0.02027594686827551 -0.003882828484594933 0.006494942451427583 0.0027093461035546484 0.2355818868409633 -0.05817852328698964 -0.01345369860025364 0.008422443218682251 0.3382065378482842 0.16830210802302134 -0.011792192542362094 -0.665805915334449 0.1471418029688688 -0.4791429422948014
0.2626577427363955 -0.005608458573339957 -0.0014629638730576774 0.003264172009095321 0.002254800617099718 -0.008882291947664009 0.18465945125986397 -0.020588963040519805 -0.0033199619818301777 0.006966775495857419 0.0026113276364471616 0.23630791599029266 -0.05952151241389752 -0.01359916512686173 0.00901126897766408 0.33824876189712844 0.16749811838576786 -0.011488790987653687 -0.665070385681043 0.14752859690933243 -0.4795411994742756
0.26125412468857817 -0.00711809560661334 -0.0011820924231982922 0.0031280713965901566 0.0019464072046435582 -0.009366547019714414 0.18454438503986323 -0.021424452929703266 -0.0036166494541746337 0.006489977737415016 0.00217802253949589 0.2364062291439461 -0.059509653571394226 -0.014250579364163718 0.008318297953914982 0.3382230576133377 0.16715022907143082 -0.012161783987989687 -0.6662361830422305 0.14756808225574083 -0.4787346016186713
0.26171172619744665 -0.006613415445851943 -0.0013720215414051555 0.0038372803407802536 0.0004785503782295773 -0.008945992540010076 0.18408327596206217 -0.020949056239489505 -0.003461821594820732 0.0068804335403999245 0.001846950799724139 0.23626371978321553 -0.059964367873134625 -0.013889879102496517 0.008697982871644541 0.3378036451779871 0.1676403169526949 -0.01213406600723484 -0.6655492850305832 0.14754223746068068 -0.47979879719903706
0.26138163122232555 -0.006039790995773499 -0.0017774526197404132 0.0037950869441264416 0.0019260167760664151 -0.008797682403743864 0.18520829215014734 -0.021117482431232806 -0.003984538683310113 0.006867430725191245 0.001333627117650825 0.23503414239678214 -0.0599047705655296 -0.013378972693938082 0.008549728531681098 0.3380819531935158 0.16829167232202308 -0.012236478464110714 -0.6652752798932453 0.14781743845701295 -0.4800390335649256
0.2618952665240572 -0.005841379778037156 -0.0014580488928837968 0.003792865821531309 0.0016407585648489647 -0.009499086255452354 0.18465363459090076 -0.020376251347953494 -0.0037596368944853393 0.006054550053980558 0.0021208507305137225 0.23587308712819188 -0.05951065856154799 -0.013315305783282097 0.008334713196195387 0.33761160070750795 0.16761078955103495 -0.011397121016132335 -0.6653785308548964 0.14820673103926404 -0.4799758111619001
0.2620414776358537 -0.005814742283387182 -0.0012117095479123002 0.003820981868994759 0.0008450567062369717 -0.010228153306927662 0.185005636016674 -0.020589129018815988 -0.002135664609377006 0.006340914898095115 0.002523027794110151 0.23615856640084318 -0.06038952748762968 -0.013976599079643031 0.00692602958182414 0.33807488768657884 0.16824060998438145 -0.011547441303727878 -0.6650900013807782 0.14812682175585895 -0.4793711546869308
0.26103099953762193 -0.00638331362461013 -0.0012502440948095306 0.003125752282555202 0.0019745418338012175 -0.008737453823647729 0.1851958338695027 -0.020617625964617643 -0.0030260539689403025 0.00683468345525705 0.0014840502959635943 0.23532689565633608 -0.060264977370109024 -0.013172367472985799 0.00785230686669671 0.3372190324221819 0.16658804609609199 -0.011768249841593787 -0.6666420622642432 0.14687460265049182 -0.4797014921008476
0.2607482065640908 -0.0050185797022941755 -0.0011757966071522373 0.00336927915433585 0.0015263938254564886 -0.009013471755331395 0.1849637928616236 -0.02111327960135768 -0.003315604707764608 0.006981385632602694 0.0013181093801687511 0.23639329746947862 -0.059888724510788506 -0.013186089776813988 0.008356370237620842 0.3392683714380462 0.16760471275265035 -0.011849067973331462 -0.6649587475277907 0.147411270478161 -0.47981548017869374
0.2619701378118802 -0.004866184727038973 -0.0011213647958530617 0.003164921908465107 0.00122372434579766 -0.008385074802960168 0.18512790936080217 -0.018972905736078315 -0.003766616106587008 0.005691166617043208 0.0022256093135896993 0.2363015611336669 -0.05860224957102951 -0.013990163947963704 0.00835994123700622 0.33835427786636646 0.16810963111252467 -0.0118836024214269 -0.6651787409078174 0.14727305193933096 -0.4795883469354617
0.2619710216915705 -0.005467570579675267 -0.001503011946519206 0.003753751119499916 0.0011194023985267132 -0.008811025025158384 0.1841734604703025 -0.020472020310110948 -0.002986879456794131 0.006395757393130892 0.0018669747405458462 0.23685732878967145 -0.060239332303070145 -0.01255393383554654 0.00799537165956441 0.33840891836717796 0.16826717777080122 -0.011152338086080503 -0.6651990147455642 0.14817037432097804 -0.4790606133057213
0.26248082852430743 -0.0054982221897440405 -0.001321115131627133 0.003425140867151734 0.0015268430780385441 -0.008968450675321553 0.1837474210491632 -0.020652307439602387 -0.0029179255418602095 0.007283665635778807 0.0012124309238652287 0.23661646359512659 -0.060143033159725946 -0.013084713753193051 0.007574695645301646 0.33823558081007205 0.16753356061737706 -0.01156817297098384 -0.6650731312903548 0.14774053191041883 -0.479726373947556
0.26185309626397724 -0.0066874553030756454 -0.001786537903022293 0.004008783161536023 0.0017188741162965627 -0.009114689156838869 0.18431761103991431 -0.020057949475599513 -0.003142027958166288 0.005510737904436636 0.0026657995043894403 0.2362670595266908 -0.06005296864155284 -0.013425599967816029 0.008196405550230107 0.33805153589090237 0.16825633380182464 -0.011938750548945193 -0.6649727725279486 0.14766916408655253 -0.48006024684916837
0.26132789287404895 -0.005756254340857206 -0.0021862101126693544 0.004486508463293277 0.002118668415396034 -0.009836856922257832 0.1845536063228358 -0.021140753750506412 -0.0036246127471302493 0.006595923082536841 0.00280738887801674 0.2357234422220047 -0.058972960828006425 -0.013197852736677626 0.0076042806466242825 0.33781235442194396 0.16710126954740007 -0.011761814611843524 -0.6665385946594579 0.14698684915669277 -0.4792122635599106
0.26165033992797915 -0.00640407687783827 -0.0010658648104609715 0.0032704630388811417 0.001273937856170741 -0.009187338658095687 0.18515611292243625 -0.02090485487198096 -0.0034846880390057497 0.006950088512895591 0.0018343740335971072 0.2361218311706676 -0.0594825145189353 -0.013944693740353353 0.008545214075526136 0.3381838544528786 0.1675666189072878 -0.011466075176164723 -0.6660021834259663 0.14717164157253548 -0.4788117460532405
0.07160262912225925 0.05518711395496362 0.020603736494565157 0.015469157474498407 -0.00213876244751571 0.004424490356778158 -0.12903388280210853 -0.10169849726967571 -0.11175212423786728 0.09045901637429336 0.03653711132683444 0.11485001501052208 0.26748701758005966 -0.31050683389648803 -0.16237707719897598 -0.20573617336003142 0.481216974948062 0.3822745757650451 -0.27447360039167473 -0.44530050565715934 0.20238796781690713
0.26305623329394573 -0.008743427530281062 -0.0024236912965469024 0.006111432894848407 -0.000539355252960774 -0.008198796824390623 0.1768923019998972 -0.023875246922452572 -0.0063455131846290105 0.009734382656469665 0.004195739511598652 0.23595642468585026 -0.05798756483374644 -0.010845194975578757 0.008397946858278608 0.3408381826372908 0.16465084547343073 -0.010333638225906898 -0.667013770135958 0.1429837627704315 -0.4802452291731204
0.2637819798696427 -0.009618017947975425 -0.001702865820232296 0.0045852355696961175 5.6367107343175795e-05 -0.008493148453673629 0.1831285727911532 -0.021146792776578823 -0.005919134999192883 0.008195976369913824 0.0023468564401162035 0.2345973208059845 -0.0633847740892456 -0.012129576815464052 0.00845177390887562 0.33829208951308876 0.16461689754806916 -0.008529549860206936 -0.6673324136832236 0.144986726709966 -0.4784356948318049
0.2643140697280534 -0.007999693157203652 -0.001885020463593219 0.0051368507150958195 -0.001133188818176736 -0.006869020398571591 0.18374769144800682 -0.01831970028884626 -0.005587971766265252 0.008215548442032053 0.0026447802593875134 0.2329524565615356 -0.057768095183731084 -0.011770905983783594 0.009725164818548725 0.3414226966095948 0.16331479877432808 -0.012016381540397188 -0.6639228723720588 0.14800472233479348 -0.4815282363737465
0.2657587361009629 -0.0069902860810061255 -0.001129480006771515 0.00378899701942048 -0.0015885701620578373 -0.003250108590248912 0.18576190736443293 -0.023788436330974317 -0.006040293588259344 0.009428531523031554 0.00225561886354599 0.23304929651280248 -0.06257684269382545 -0.010169772022586291 0.008364793977171088 0.3392516939216894 0.16575186991065238 -0.009636437836397884 -0.664407253853539 0.14526607660802016 -0.4800959778893312
0.26176354841434946 -0.006330960489740896 -0.0015807634492583402 0.003941261693706275 0.0011647211131461095 -0.009081958540382924 0.18449383526926957 -0.020724267757162167 -0.002886247584180966 0.006805721796855102 0.0012249288403489384 0.23674889989586714 -0.0596524481081907 -0.013551636377033934 0.00886802729361222 0.3376008648135151 0.16753502544650953 -0.0119939106743407 -0.6658274596453768 0.14734027492715052 -0.47929321232595057
0.2623327835458964 -0.006524040606079202 -0.0018179526380014167 0.004150125109170585 0.0019271040878944645 -0.009774785552569948 0.1854281019247667 -0.021164517980152748 -0.003966291506578293 0.006985578504504022 0.0030497826990885523 0.23543744136666775 -0.05873200326035932 -0.013654452582716565 0.008485680435393989 0.33781171881867633 0.16839099233822852 -0.011557543208679659 -0.6656369812001451 0.14721403816554848 -0.47919171326352583
0.26114275694178446 -0.005314517839748019 -0.001779825250161988 0.0039623021812149875 0.0023362695905618314 -0.010287104492320627 0.18501339195337763 -0.020310578200228788 -0.0035246678868331815 0.006349967062234679 0.002241468419317957 0.23533808950172858 -0.059729187009752084 -0.013904465685165252 0.008594372840504252 0.3380214369849472 0.16771772699578608 -0.011939746081614052 -0.6662564038040569 0.14742755072985858 -0.4791286555182714
0.2617978381430127 -0.00529142212026777 -0.0010007712782154048 0.003230054246266346 0.0013794922260408425 -0.00910777471239793 0.18520771007542583 -0.020197767676671176 -0.0035300529876902266 0.006680784624020542 0.002649590337211287 0.23619706946033683 -0.05978256800979776 -0.014019148367461464 0.008996882816003015 0.3378495633012473 0.16810615172841015 -0.011460607609033764 -0.66542648939539 0.14725821276361156 -0.4794918211726245
