-0.26272162254197895 -0.0012326002590102789 0.07088494824704944 -0.02881917291140055 0.002904806091151753 0.00790960303031761 0.017982672586550383 -0.36011530852386786 0.18816597966932858 0.05002302041300008 0.002951196655243082 0.42453070898861733 -0.46201120442707655 -0.18956974746787889 0.06580183688865936 0.35079527310461794 0.3094063004343141 -0.16191464593501384 -0.17958120342937345 0.19485001051892806 -0.08919995779223826
-0.2577319965438346 -0.0010118845679181554 0.06609097598164404 -0.020369184762995218 0.0037368669246513114 -0.0037664426515815613 0.007031887971523945 -0.3675317405816605 0.18545809818276468 0.054541943577991414 -0.015537813535150095 0.41639678443446093 -0.4623804475165873 -0.18863068643897707 0.0561548498548217 0.3629330232138533 0.31087589301553104 -0.1523690439053817 -0.17645217552705708 0.19656576572832035 -0.09354828785402845
-0.2564611203461745 -0.010416402796654936 0.07351074976296527 -0.032134377659277256 -0.005355431494806524 0.021121136893226148 0.009335393877464734 -0.35449675383487605 0.1817599909697408 0.04714098756922969 -0.007902302494757074 0.4131502954034543 -0.4615824126330942 -0.19240822918951087 0.05818859821625932 0.36310433226627714 0.3165444813073226 -0.16628745261484626 -0.18549841522485772 0.199078057347624 -0.09074526278208649
-0.2710672452330396 -3.5640533820188083e-05 0.06866898997323347 -0.0320456206233018 -0.004103640043401889 0.011918240300702952 0.011690836015207836 -0.35251374226217036 0.17407861384839085 0.048488598110860905 0.0016354459625368576 0.4249494250161913 -0.4576591191571378 -0.1880079668935392 0.06385933278970274 0.3560233333532326 0.3160952292253583 -0.16008933313626458 -0.18677236772065198 0.19595355581118354 -0.09232283179066009
-0.26404002396286413 0.010664067045635113 0.06806860635574215 -0.03249854842513333 -0.006369629190409045 0.00954267124021127 0.013537167129759307 -0.3442239025849405 0.1867791290370554 0.04390170052185323 -0.0009173824592356225 0.4228494710886309 -0.4737597289483733 -0.18906706609875915 0.05575108999051353 0.35344546441690233 0.30975115598784364 -0.16263146681514315 -0.1819264445675199 0.1951998488373537 -0.09075707817464179
-0.2692361913123811 0.0043746476719631906 0.07893269391158744 -0.02569425278514277 -0.011378147727379582 0.006855930537584732 0.0077662896222549125 -0.36126224349504105 0.1804498668663512 0.04710045139920982 -0.00954387365792675 0.417438335266421 -0.4594109073953711 -0.18754732720369002 0.05485004513039924 0.35738828069360923 0.3105409660875774 -0.16209710587034473 -0.18148887488424575 0.19944723454481386 -0.09128339397843502
-0.26630514984994696 -0.00017644638471590437 0.07062535974737168 -0.03248578853955856 -0.006690234697523659 0.015065038766227432 0.010853362462000053 -0.3592228209572041 0.17772778694458516 0.04223864257169397 -0.01100797768752032 0.413833957817824 -0.4634206692104673 -0.18991828492042517 0.05220343898235006 0.3629109035674021 0.31664814873560776 -0.15911772563139404 -0.18183141151392412 0.1933749679863179 -0.0869396215754397
-0.27420959080481977 -0.012622404343070897 0.07108045894191549 -0.02552149416610164 0.007406624857676614 0.01431775425488154 0.02492315263609976 -0.3518580831343713 0.18589943426116062 0.0475432312037842 -0.016693826755245843 0.41158403028682444 -0.4596453687627398 -0.19741233563750318 0.05239178797981631 0.3655087788115134 0.3126449822954283 -0.15435402102195528 -0.17970108278031652 0.19597310365599643 -0.094365050763296
-0.5550802764271158 0.4239504244836512 -0.10306342667071791 -0.15364934156669943 0.14016168300321166 0.08845038786150036 0.2269774104279682 -0.10832076857422009 -0.25051313722384855 0.30582262455160575 0.2406605256800718 -0.0277590218276966 -0.13537028869199258 0.24595925445976388 0.2563276001176973 -0.023181378460619288 0.08812282634283486 0.13366167997872927 0.011997015855297163 0.037133513487438936 0.003504599629676592
0.391060937125803 0.006563166069603384 -0.3566028539870888 0.44978023901081154 -0.0287085485396812 -0.08040411566261722 0.004928834042480656 -0.2950071155743327 0.5583189198209084 -0.04710812201041072 -0.16853965411282806 -0.06110023654970001 0.2288995811874382 -0.03150910508126576 -0.1383473361322627 0.03125955346135684 -0.007551431022579967 -0.058188084255919106 0.0038274010826336805 -0.013264192053850606 0.0011907088364794427
-0.09819467837302646 -0.1713035799288487 -0.17979279428352976 0.3931353567562122 0.057533459744507506 -0.09564789580282454 0.09196178371487547 0.19306441737050756 -0.6335796748686899 -0.12347456770504622 0.25706220562369375 -0.05181471770514598 0.3402564981094485 0.09948058593871817 -0.27610823314267136 -0.06089700851458918 -0.03562893585974867 0.14827816463949617 0.00470465584385908 -0.03995595582738728 0.004258689358139377
0.1794492660096048 -0.13525806834897003 0.10208776971063475 -0.2702495861899515 0.10282346382604511 -0.008729638089543789 -0.10053836675131336 0.15127506085099848 -0.6049108821428463 0.3079132635658277 -0.03245288192446781 0.05775655247361767 -0.44431565367082154 0.3394471575489526 -0.04717036834977935 -0.10972808521745361 0.1674853473246602 -0.034909411982013826 0.02980356380199611 -0.01491888213365785 -0.0013492253151281262
-0.5625356709745114 -0.4137031418068218 -0.32312827987700277 0.5603984792118527 0.10539456037518338 -0.08266020851681775 0.04502756433198956 0.08758621773082248 -0.23425057225087104 -0.07719147065562341 0.06182860308201673 0.0008929565456863965 -0.005020443159965819 0.0071503051556048875 0.009576642433572263 0.019224132069270285 0.005027898946515459 0.0016052176381840474 -0.018804081618830657 -0.021817312998110246 -0.015967298556061073
-0.10497492633657282 0.13068334077188556 0.2484206522315691 -0.03623652654129691 -0.10008603303310483 -0.01787098783217705 0.12262112042817487 0.4668731427105226 -0.10196184870621702 -0.3761396420348589 -0.0839556811522917 0.21922340048948644 -0.09565474961189643 -0.529865370539876 -0.15753579622338215 -0.0298931544218327 -0.33164392330607123 -0.1479164103139425 -0.07782984160444627 -0.06953782181396588 -0.013047703721503445
0.08486859754667447 -0.11880036179536267 -0.08432187000455363 -0.03314961920836842 -0.004646185623299423 -0.001505915602861715 -0.26948499123976255 -0.38175306296427586 -0.2329066285431818 -0.0380960020266725 0.0016232097034127666 -0.4287027036646253 -0.5316876653690552 -0.12816898537986307 0.017243137061617522 -0.3998162340270508 -0.19373416148815803 0.039632306131187026 -0.10825740275571498 0.045597810890269146 0.020880089152469743
-0.14700725343580756 -0.08426705902969318 0.04468704714220651 0.03735318334901523 -0.09219674834152854 -0.05354158692886258 0.07863486016257677 -0.08245263822452986 -0.11136682382070935 0.3422092886504736 0.25133975616430887 0.03759599434343806 0.09846160419869027 -0.4703869253284636 -0.45944545612531396 -0.03323772625661581 0.28996167432025977 0.42273606995054397 -0.06618119805076046 -0.19457019832800843 0.03574251529561692
-0.5650983377753758 -0.41166536814727184 -0.312024094184951 0.5658646702709969 0.12050361387256821 -0.0895467043736111 0.05780107220151797 0.07648887634257215 -0.2304374989444931 -0.06462275424274427 0.05945132211884826 -0.0034702828120169687 0.02579898814372367 0.017291265889365373 -0.00945612685831608 -0.0003901787427091386 -0.000866748126157157 0.002861159205236499 -0.0032956238921653734 -0.0011590361496912666 -0.0017479846898548466
-0.18220318984877198 0.6352810610376765 -0.4243030707415394 0.5779499489139022 0.08659643854350951 -0.19039931673870167 0.01993999441222857 -0.026532871191516517 0.05701329396967729 0.011564175387441611 -0.030147373984074424 -0.0004116668154653808 -4.2890290400075404e-05 -0.0006983597571891757 -0.0009945772990659933 -0.0003371345225958481 -0.0033026453173894397 0.0005497816062356137 0.001426376594869621 0.0003503959693457357 -0.00023082302248334405
0.052117428278061484 0.019371632185268533 -0.06424796475691373 0.019095589310452167 -0.0022846168512469255 4.074084592790641e-06 0.056161615928186505 -0.37237120573592347 0.165930623738429 -0.02603962570317776 0.0010636643088087836 -0.5389170770001026 0.48038728354090415 -0.11306935606315553 0.005970279698615516 0.46337311721418156 -0.2181528331218331 0.016867308386687763 -0.15801825013801754 0.024467671193459994 0.014216815483549996
0.2682053792012284 0.14172017577327164 -0.010656601220522796 -0.16640179097528263 -0.05237230303862913 -0.0035183771363613016 0.14728101371743577 -0.020526822669803265 -0.5249359168733355 -0.2207861431080002 -0.018856514189818572 -0.010481048081185282 -0.5519299915110902 -0.34793727851192796 -0.039723734232006466 -0.19352014352700916 -0.24375027391493873 -0.04238979094754133 -0.06369484098278638 -0.023104430969151456 -0.0048145681589287
-0.5319386698988784 -0.18878790764999218 -0.23551048500505783 -0.0066348624637539415 0.017210092113598512 0.0027172348576893963 0.2392957307168578 0.5982075502135026 0.025869253436967055 -0.08787372221708785 -0.017363643990870373 -0.3796641777810479 -0.03246401313691364 0.16725307007677834 0.044380038724916034 0.013742081804573057 -0.14106073859322554 -0.056454925792473194 0.04501057109930028 0.03540061882682023 -0.009225150012022024
0.31195397752821435 -0.46471530534328986 0.1761868627822798 -0.022159832055239543 -0.002593811061455665 0.00020888160582427712 -0.5916960395462358 0.4487504748762695 -0.08445798998368435 -0.012902427873706606 0.001383095733574336 0.2856948628223936 -0.10751767414000456 -0.02471826409934146 0.0036306433174763176 -0.04563428116870768 -0.02097417615651683 0.004544182837578984 -0.006638864979597783 0.0029195588564189918 0.0007748264297472244
0.11539131468626107 -0.5016699416092851 0.7412032752514601 -0.19560156341245846 -0.024050148670794122 0.01363924077083631 0.11362254406312255 -0.335896227589701 0.1329929611798697 0.021807650335674736 -0.015494111059330353 0.0380304177711247 -0.030101767765613706 -0.007449555210529162 0.007020990275309124 0.002281102190967211 0.001112530265009812 -0.0016085086424011375 -2.8423828417999528e-05 0.00018170209707298865 1.3976162721504436e-05
0.29903755890062694 -0.33293124687790016 0.6146285666801804 -0.28921644923872036 -0.05648281778715402 0.01980632443015962 0.12051527890906903 -0.4405938408028142 0.31174761202838036 0.08148752904682213 -0.03619192355631161 0.07651814783464568 -0.1098515859524551 -0.0437648350177138 0.0284991213531908 0.011981995753279065 0.007115701000374867 -0.010260253874997868 -0.001723585593966255 0.00013837617870857694 -0.0006004103332515999
-0.5138671631048392 -0.40261630226678224 -0.05354840652883072 -0.059174427033367984 0.07331038489246706 0.007719182727786474 0.3875548540838765 0.10258299377991184 0.17267376539660942 -0.2861952017446235 -0.0379156832616898 -0.048674010622285886 -0.1670037401136902 0.4130456323825511 0.0676605259688748 0.0534706602550488 -0.265376855995916 -0.06690199011249867 0.06279742983027897 0.03124427074361295 -0.005515130680905494
-0.8686390058059309 -0.38862162585672005 0.21935222806900243 0.1159413452188364 0.017468381213457305 0.0006225651258362897 -0.10076054712824269 0.11454663816372498 0.09033285323281734 0.01789701491490561 0.0007235607593703867 0.014625206298845181 0.023412532039513167 0.007357531148166986 0.0004527601654625051 0.001980512018433861 0.0010857033728548756 -0.0001848576793374026 0.0003255409738583836 -0.00019905227217300567 0.00021985926243722824
0.17395798459935796 -0.13193008172156495 0.023917614612862778 0.04479752029564292 0.006898070218081835 -0.0050043163236578175 0.2761121880982083 -0.08411445989575245 -0.2589370633645403 -0.08202606229259875 0.008252377188243402 0.09882634375610093 0.5688579611906868 0.25981061836053926 -0.048948790664284196 -0.4105928758322728 -0.3841368929766553 0.11427334874816683 0.20950238214605504 -0.11802056563073793 0.047263982305956645
-0.6792536366815017 -0.0166378074120436 -1.344736559106551e-05 -2.2497123473769395e-05 -7.224990639772198e-05 -9.231844891381443e-05 0.6687305460670803 0.013392621952516849 -5.434408958962912e-05 2.0839026569606133e-05 0.00011230729045032822 -0.2668419138413519 0.008176709618784436 3.3847388892983974e-05 0.0002976699959176273 -0.10981747104468864 -0.00861183397658839 -1.2799266011325572e-05 0.0863518414276654 0.0009523791693382135 -0.00972629264648015
-0.20547333741398355 0.08605795178270569 -0.0842136768742618 0.03378873549917286 -0.0059083062318801526 0.0004412856568383659 -0.1940257585070943 0.37615908879378346 -0.22729861245898453 0.055299681778946765 -0.003974309791242045 -0.4196986518291963 0.5060895287361555 -0.182025841552894 0.019310811574537318 -0.3762082084802339 0.2706732189406151 -0.044199714538099955 -0.15124308663100008 0.04869509002972095 -0.021214575763738565
-0.298779718136646 -0.1985097197657882 -0.13886367635929273 -0.017916138514133904 0.012407351687405905 0.0024741745829801837 0.3580446957813839 0.5012869756127893 0.09685209766990102 -0.0899991417783854 -0.022286170390994745 -0.4518030504322936 -0.17470888456159211 0.24335855403436077 0.07987813558192852 0.10510050989470585 -0.2926803387300421 -0.14399956102088313 0.13182532045925613 0.12978762794325374 -0.04668304623354627
0.7895390778532647 0.17782382701690413 0.47410865344105635 0.08778128434318991 -0.18961395953462132 -0.08340623345329912 -0.027313130067380436 -0.1790123879934468 -0.0580647365408938 0.1552002709057513 0.0825787349945957 0.015518817514555763 0.006483216218655776 -0.03634352264955589 -0.026112003142774533 0.003793401122342951 0.00495155914441368 0.011112723397945444 -0.008746146037129575 -0.0009871340925158183 -0.004166184901134123
-0.18966054221566628 -0.042554997677017974 0.6265581514531016 -0.2975515097776305 0.06161314135642925 -0.004619795247536561 -0.01808735701706427 0.529590002790207 -0.3772210947524331 0.10417008557475206 -0.009856600138911435 0.11189192313368153 -0.1595538170389256 0.06582934313230757 -0.008195729061509784 -0.02246046965325282 0.018796146046283792 -0.0034345003319281287 0.0018213440984424997 -0.0007712317313851854 -5.3336545653754824e-05
-0.05675238789742446 -0.03101516140096874 -0.003486754961263492 -0.0004937471617776848 0.0011006784120958424 -0.00010449706374303343 0.48238705367529955 0.10576982583157447 0.001416394435967382 -0.002234072742036163 1.1399937710670948e-05 -0.803507511201134 -0.029573367651886298 0.006367327198079255 0.0008963422062017924 0.1576235408734969 -0.06598095938390222 -0.004493971765985922 0.25270993084827886 0.034855758293979446 -0.1052413046554579
0.006101316581343401 0.2646468037699431 0.1438789613501476 0.12962158078704217 -0.008357333497534624 -0.00834843454601554 -0.31575442501627915 -0.3434664909583427 -0.4654746567686818 0.04147269656083758 0.05195853031348884 0.2049648692391932 0.5556048243554075 -0.07472164275330245 -0.122536853575939 -0.22089260624527124 0.05954800177489938 0.14638557484552814 -0.018253874553512246 -0.08767459512828359 0.02077905867640271
0.5802524337572329 0.29506334121101185 -0.01600598694285696 -0.01773036415299579 -0.005588030717595603 -0.00026423799340205773 0.6198531054023316 -0.06662219437548003 -0.11039773651247213 -0.04963636939243786 -0.003230332643092504 -0.06960163493470234 -0.23309536063408165 -0.15588969862156246 -0.012882657383561797 -0.16301647032915148 -0.21795581189532875 -0.02706871426468551 -0.11348366459541206 -0.028951594247778534 -0.012275074259091311
-0.12035375012682345 0.2414991908048499 -0.02530435517273255 0.015015783960503973 -0.001107405242800356 0.00013419628442963856 0.6754684808618475 -0.14151904615953728 0.12757783387122074 -0.016601633212647515 -0.0127840602255245 -0.19739933556740102 0.355212147643792 -0.06589496546752129 -0.06887429937713976 0.3287651814913293 -0.12325344971748434 -0.18959627889648412 -0.08554066031354163 -0.26586946693681646 -0.14788225199978006
-0.13628192718250615 -0.21059020561373554 0.12323860304126634 0.35742002740603673 0.028197505423309118 -0.08744521298644557 0.1252707825434202 -0.14338344760970334 -0.6342013980426096 -0.06478730677576122 0.2579562041763685 0.041510564810483944 0.37299448400013135 0.055748874005030494 -0.3028892946972747 -0.07245450063475695 -0.023238997030407126 0.17955359422447129 0.003514343772063248 -0.05230624768575335 0.00482153538063261
0.13713745920087217 0.11598938954645366 -0.04532197003272722 -0.16628427146772068 -0.1847132331681885 -0.06401477446770246 0.07808406367299793 -0.06102226200796753 -0.3354213838727718 -0.49702598026169204 -0.21547282704235346 -0.02050153086527188 -0.22564734395067432 -0.5016577049379101 -0.28980591058575994 -0.050591503961011364 -0.22501613658636316 -0.19502726391502587 -0.03783700083781613 -0.06561208503804793 -0.008816304721063503
-0.5299269181632369 -0.5363128887384291 -0.4403551376502104 0.44336028368542857 0.00047556889888387385 -0.014831271331710505 -0.0640832027933154 -0.10494130812782479 0.15887818331336132 0.00025044143419297385 -0.009118322224960633 -0.006210124004165338 0.01883027267158135 0.00014091428437220898 -0.002317318969751717 0.0008980552606173507 -0.0001378838301439857 -0.0006727568949081236 -0.0002818707296506591 -0.0002264190064263983 5.870876104740631e-05
-0.11398395345149588 0.19581279404718951 0.14521237032947001 -0.06624526242380141 -0.03178595378981033 0.009534127663731882 -0.2660609543594223 -0.3947057226767181 0.2701065163753783 0.17257781530371716 -0.06498920102749912 0.2681888013926641 -0.3670030052915391 -0.35177821533450887 0.17662728023014054 0.16620787009548876 0.3186245113328425 -0.23995548532593 -0.10820331826751457 0.16304973951092397 -0.04431063879800461
0.3984384871326628 -0.043079220786697126 0.20850625958529526 -0.5371015342664538 0.29709215079584883 0.13263918890515308 0.011301300352513196 -0.11746636297957543 0.4453440741884608 -0.33086964588006496 -0.18386835140614202 0.017283515520638962 -0.1228463023532381 0.1361838022711197 0.10262763603258496 0.011750158400309164 -0.025041757623149547 -0.028282728453101955 0.0007636114640701139 0.002680321432492949 -0.00044829882680105587
0.21195057517661245 -0.10597993018643648 -0.0789412450292132 0.01977506767009233 0.016921363761567366 0.0025780658703477904 0.20930887178465332 0.3121485726510641 -0.11726493510620134 -0.13385191073223673 -0.025501864504721895 -0.30838819972473314 0.23171436511808366 0.3966526476397615 0.10073095152807261 -0.15258460317943667 -0.5224715771891988 -0.19896685305955242 0.25801665643437066 0.1965669966139009 -0.07766789709235346
-0.327858043941305 0.6035694554885092 -0.43596121096260515 -0.17885361500629968 0.29722648180040134 -0.08451431402437781 -0.15069721632293281 0.22149214521563512 0.13700573462007995 -0.30130019471387914 0.10615307962730089 -0.02687882565875752 -0.03419308015684876 0.11303867792055487 -0.053778603995557624 0.002864667575192747 -0.01843040625520978 0.013311349116717748 -6.395718825115617e-05 -0.00029650816077399396 7.786168487569348e-05
-0.6599246189400648 0.634691868810899 0.10846267100710895 -0.29605090188063 0.024637995350199567 0.06692451800873221 -0.1268575151639744 -0.04075295215420503 0.18040013667180077 -0.021568190940580573 -0.06686088045883543 0.0036022272446966735 -0.03333608311390432 0.006288358594966633 0.025221327329136872 0.0032647245390658663 3.352750296661373e-05 -0.008568548593326446 -0.005506656987612646 -0.0036012006004738214 0.0029686702534161926
-0.27445169208348974 0.03823963878201611 0.1293104425446863 -0.20522437966063706 -0.07301795117305024 0.07997154385809097 -0.0060365805153426875 0.17830368685574854 -0.47316514996017045 -0.20535296467493988 0.3318849384270085 0.024947047755366693 -0.25940304320371516 -0.18814967542389271 0.49815934499608144 -0.0872520367523913 -0.04320110355281217 0.28909396952961375 -0.006648278603336247 0.0062035246540579694 0.0021792939131677967
0.16634545371955148 -0.3782982050821286 0.10255450776039088 0.4438298259829522 0.050517166888544573 -0.15900316832893396 -0.1581328781910646 0.07779806737765495 0.5511115443154567 0.08486866610230813 -0.33287578576000565 0.013264337295425782 0.22608128859874635 0.05207899974660252 -0.2725830760875279 0.02779908648672345 0.014637922266088883 -0.10611838098152974 0.001124525481144722 -0.02318231182532214 -0.001601478143559659
0.9067045588120259 0.09609246885678485 -0.10738611461509902 0.02797065009129816 -0.003180882639730227 0.00012250298230527233 -0.12274504499594911 0.27413500304922955 -0.10698503453069366 0.016423774085217117 -0.0009177827428340104 -0.17492121832687427 0.13648280591747902 -0.031484303197632846 0.00218651070018789 -0.058078895729048216 0.02679550147644909 -0.002770250705355771 -0.00853680293657619 0.0017747293335285913 -0.0004440740363719831
0.09608527982105762 0.2469763083235061 -0.07264343691763717 -0.07220865867121505 0.04874930436295701 -0.005759684310631869 0.31904389042666864 -0.18779777372634246 -0.2801378377979916 0.25248319130211727 -0.03696881775351697 -0.1213361702906706 -0.3618288331612915 0.4892739608100026 -0.09494697316555722 -0.155828329830784 0.42145990723022986 -0.12270874302835154 0.1360389327093367 -0.07927889568327295 -0.02035248683797333
0.25674283561752537 0.08375702240033236 -0.046286204313594106 -0.08180183675009331 -0.03584956949836792 -0.00397596782463164 -0.11973391792189755 0.1311651167943 0.34626168950595304 0.20565265134351854 0.03183488595145145 -0.09446506177220977 -0.49188781412906485 -0.4375843720290008 -0.09043347765891892 0.23243368331532818 0.41363890925816144 0.12741162622086016 -0.1463507689026667 -0.09063054635642812 0.025777865650683848
0.32630834928568087 -0.11454270228599756 -0.013607943884873113 0.011816489718224233 0.005050147246164102 -0.03546976982319209 0.4795433959045255 0.16997588204524625 -0.0008657791177344088 -0.03409563907419922 0.0028269870163974715 -0.4098622891115731 -0.06620872645292453 0.10926381830807579 0.025268558503127647 0.10777342759503815 -0.3945588239812722 -0.0015159891395896622 0.5148388430005387 -0.012861232319832622 0.03609984426322495
-0.1420294648310594 -0.14438037473402313 0.05728178871240523 0.05885021493504723 -0.028239959555964554 0.003017302476249734 -0.18250495288881596 0.1687720490811256 0.30534765431815286 -0.2673221115731157 -0.009249534063686586 0.11030025626029862 0.41689499388424434 -0.5161209973070993 0.03184283374469529 0.18155986492612144 -0.4651057619280496 0.02768153742038398 -0.1456647643521399 0.014367674773738105 0.0037633091603615273
0.4110871093023996 -0.055247687695837336 -0.05886862533838685 -0.01122733594455062 0.008371086144833988 0.0022469436418874433 -0.12910531980850734 -0.2747535845794617 -0.07878904211525024 0.07666646050128552 0.027382895214726775 -0.32030070260266735 -0.18357742430879162 0.2689975378454616 0.12847632495112016 -0.1426090275635315 0.41855442406671794 0.2999204616454542 0.24368002115358373 0.35011386872574274 0.16339902540802104
0.31282010056602794 -0.2818570946900364 0.6092242268823468 -0.32772510763646584 -0.07383642681220273 0.05321469586577072 0.09441579569313589 -0.41411132000033035 0.336950647751986 0.12568274659978995 -0.09104583596340478 0.051190392102950115 -0.06569577644906976 -0.05885660483502439 0.049040678169029094 -0.04520930331263931 0.02109207162528792 -0.021586236968549364 -0.019078649449012598 0.005979769226833869 0.04092576612019237
0.2651255184726687 -0.29305543708572346 0.5808731241672545 -0.27467444172534144 -0.09589636117437936 0.026818822648597914 0.1364633281084036 -0.4763340411936211 0.34254061545016734 0.10434988714839852 -0.05903212515149893 0.08493096282508326 -0.09599556515172628 -0.017307336129176027 0.014189915444829051 -0.07674980516945053 -0.0004941940655639553 0.011718442633111966 -0.014833668846310787 0.12637449208744955 0.06840970426829998
0.2477122268611221 -0.3798636262526059 0.5459271180756051 -0.32055569519485305 -0.08681599866846039 0.03978023842155209 0.13001863272720832 -0.4843838511712189 0.3044787200775265 0.13989065364930292 -0.05930397671832916 0.022960238717052096 -0.053777959568359394 -0.046576008772040316 0.02216006916416158 0.0823959491490448 0.043341327880546884 0.019272152003808725 -0.014314325416310976 -0.03814234284065096 -0.018051632510802315
-0.8928157908590068 0.33291442379684905 -0.24842420768773305 0.01771509438924241 0.011579947238433233 -0.0017868401785908557 0.09483417700646522 -0.14146805380392388 0.015390398945683439 0.013210607068718938 -0.0026717586029444598 -0.020104873545779816 0.004255325339670885 0.005549326406699298 -0.0015267658762985084 0.00030167070502534705 0.0010508304154729891 -0.0005381495117307449 0.0002467051205999978 -8.418130876209467e-05 6.120289558324481e-05
0.7246507172314981 -0.14990631719815806 0.014461010948254416 -0.0013837831051913875 -0.002315858338427393 0.00039910721693840826 0.5003710357018463 -0.08922898451948182 0.007577193013208935 0.02700340836363147 0.00023823896154993916 0.14409223140776395 -0.029802960993926396 -0.13598419886059188 0.005425778384392886 0.03001383478939813 0.3000562381775561 -0.016624572058264543 -0.2460565563870069 0.028004866192040543 -0.019032942887553507
0.43901410613227054 0.7160324352534847 -0.1707895559852687 0.321065280057403 0.34417008891932466 -0.023663539382683528 -0.08106996226287524 0.04101290340199217 -0.10765804529701757 -0.150631524610272 0.011717245372519326 -0.0010791526262584358 0.014021470994490644 0.019035102959350708 -0.00208617881649592 0.0028890287629530446 -0.006260388716347847 -0.000736630106513643 -0.003661619938425096 0.001023330506413509 0.0006124113686500306
0.6607226692949357 -0.22093951183684868 0.10122247209830199 0.021097723299235167 -0.007509235266303248 -0.00017572456613414926 -0.39089362788022725 0.35852276712897957 0.11163942548902633 -0.05454615710071877 -0.0014940197175979555 0.31618222870968626 0.197047128815508 -0.14377652793031317 -0.007347933293953946 0.11545610054335265 -0.16886251648645112 -0.012092544809779547 -0.07391003126951 -0.010484693948349947 -0.0043032475633785145
0.011926036874982922 -0.06520410784394301 0.11656696533154388 0.22998634119928613 -0.06511044933695172 -0.04423953603319718 0.05686122250625553 -0.18765093753928863 -0.570015343386122 0.21408018911475343 0.18424958089282886 0.07462686972085028 0.4617131113608989 -0.25918789453705754 -0.29857688535359855 -0.12548570513702728 0.14452582829078453 0.2398436459669849 -0.0265064228291698 -0.09800911609589703 0.015617140663959922
-0.006596504700315205 -0.12265430058296792 -0.07154008517999914 0.07647031298772969 -0.02898368144254098 0.0035738662962162024 0.18514844222794563 0.2162862728801872 -0.34556675177396023 0.17465970408049916 -0.028813710861492144 -0.16312287747227394 0.5217142260136249 -0.3957948545918166 0.08691429878198163 -0.26255608734025127 0.3984596559616683 -0.1311429017558125 -0.15044305867436245 0.09921317567702771 -0.029974588284330226
0.9840748923369312 -0.011613235145670104 -0.0013610796152127582 -0.0028219196367928827 0.00024208068332578415 1.968752389861166e-05 0.04087520567803816 0.00973061415228615 0.029399807335267238 -0.0031320118443698202 4.173931868463946e-05 -0.017138987832655023 -0.10359450358517383 0.016626415411701113 -0.0006275787309971159 0.12155432223826984 -0.039086869640750886 0.002108921839716412 0.03436991695711016 -0.003722114380317196 0.0026476304395093
0.7523111986862473 -0.3972277651397742 0.10728668015689401 0.13513574458457778 -0.09156000214477794 -0.021724600952803392 0.22906642141260145 -0.12381531410475856 -0.23426979190536645 0.2117638267289835 0.0633849941740633 0.03559783748300317 0.13498335223071734 -0.18330516903150496 -0.073105306706155 -0.025832319423548515 0.0703995166634435 0.041902856811613584 -0.010091909365737927 -0.012208391478326279 0.001441184788176588
-0.03730870311352367 -0.2695728403917895 0.5600106087441902 -0.63482825045981 0.1272488243467131 0.04792508819364466 -0.050546460745023246 0.21011371828333214 -0.35656251044847465 0.09551947297929175 0.044985336912825094 0.019701952904383896 -0.06655099324063753 0.026678551428000328 0.016605431438885515 -0.003922366844508588 0.003586649074892348 0.003206399968886707 -0.00024486175407726496 0.00042614404519848974 -0.00015948234077965565
0.060258516729713184 -0.134449585076019 0.044245983239803326 0.07901400659317741 -0.029605369549082047 0.0005653415706315064 -0.20397468854273873 0.13420120892443765 0.3597204981782513 -0.18051766424139867 0.008051487637187731 0.10121142882874594 0.545060750526566 -0.4097349095116891 0.02489114440591202 0.2742072244724255 -0.412486691670981 0.03624321388912995 -0.1556123579711777 0.027764234196640755 0.008765377323884055
-0.15975339521241924 -0.5440001873382705 0.4318415486882326 0.20332533194527017 -0.12615849119136177 0.013997555021329957 0.25682029306223647 -0.407713910906977 -0.2888783905862008 0.2376684832869662 -0.033888836922150466 0.09625728700927635 0.1363375337037013 -0.17005018948757333 0.03226960632614964 -0.02151952595231716 0.05250859660661737 -0.015502419381513508 -0.006463565634301282 0.003929385305759528 -0.0002975187726587578
0.10115897656223094 -0.16289196251162663 -0.05695128040912578 0.036656940106935335 -0.010622306856748335 0.002058257990784721 0.34412426107964766 0.24042736325126954 -0.23614788838466944 0.08857335636106994 -0.009278143486909304 -0.2541245309958078 0.49399564867636603 -0.27801031825515804 0.04049224105266407 -0.3462247936773012 0.39012661712999314 -0.0863986794944547 -0.20430877943329734 0.09123002641675149 -0.038267467621725226
-0.3731032204037764 -0.011803861302471238 0.3603332908068149 0.10040083576584491 -0.19372910435298468 -0.08060436837345208 0.006324774077820949 -0.4009732979695859 -0.16740971604170699 0.43126512796075334 0.2244190346324414 0.11137778861043796 0.09299739558892135 -0.35946934443635203 -0.24936616692889305 -0.016982698192732477 0.13303297138623862 0.1386267416374471 -0.01854360351915688 -0.03856496559465696 0.004147439092302445
-0.004829363652258149 0.386662152758399 0.09006404014962849 0.1579398186867554 0.0174625239064174 -0.0445064202413945 0.34868549082661576 0.16241499272970575 0.4275200422909121 0.06349409490788144 -0.2017420087886403 0.07293165444194746 0.38531220636029484 0.0854700328062892 -0.3639774512620292 0.11526618120427756 0.05131591773502423 -0.32785674563989675 0.011628595953752005 -0.14784792448233872 -0.026243535405173712
-0.43638611881213324 0.33382109615578376 0.24506810834732415 -0.30809680004386586 0.10476896264254199 -0.0014601531535970971 0.18161681064300667 0.2668201493868985 -0.5035351016686136 0.2285155642947662 -0.00439557478752423 0.07257870109759691 -0.2739490837397431 0.18636927999004638 -0.004545322594836173 -0.049701887131005595 0.06764184597895775 -0.002263302908969323 0.009205708885543703 -0.0007080074341007794 -6.40458848390999e-05
-0.4889278285257781 0.18916992400339888 0.7712478077249388 -0.3074393478721165 0.03522273369105675 -9.521415177966632e-05 0.0194376090132605 0.15782205670997265 -0.09451263644464462 0.014258896095487313 -1.0485505931828786e-05 0.00800591209391315 -0.009527910459615702 0.0021988637935644447 1.901236697892546e-05 -0.0004142189254190348 0.00017062916629888525 -0.00010487260749274736 -0.00011594218038668937 0.00012237388737551514 8.17882835312122e-05
0.6460714251213883 0.016849125849095016 -0.00010685056557956262 -0.0017092248027535941 0.004846521667846617 0.004607177967075913 0.6905219252306152 -0.007953774970394692 -0.004914316049885853 0.004185679689130876 0.01625452610045374 -0.06794535792238178 0.0233851837926856 -0.003964703064589524 0.00030727137510917963 0.17804302388785667 0.03148613178757362 0.00015266818779794347 0.25714565195130706 0.0009554159297798607 -0.03279835378839969
-0.3593537439779539 0.7363013169743993 -0.0448289327338831 -0.18431339271309982 -0.009859309753758774 0.07158411791570114 -0.3567097432901703 0.04238740479360007 0.2682219920305594 0.017634113763085976 -0.17725406060435137 -0.00989837837768423 -0.12860047976374342 -0.014538033928488193 0.17288870478070328 0.02021884679599127 0.005536057393447516 -0.08473964142925759 -0.0003698545900002936 0.021191258084140255 -0.0019464634741272455
-0.284664832185319 -0.5093859028803808 -0.1674349849846365 -0.07394566012075372 0.011925091920298773 0.009511436069420544 0.5388361609983658 0.35633018197851496 0.2375180287619486 -0.04891991472569142 -0.051718946980175144 -0.18717485566515205 -0.2540715410744181 0.07940142388916603 0.10977238538667311 0.08834875671415222 -0.0560899403096957 -0.11693307638591459 0.013879504043588823 0.06350818214567537 -0.012891896127357099
-0.23174166833499388 -0.011883758352956622 0.0003612359545789439 -0.00045411767810309394 0.0008671890607365233 -0.0005104506057980265 0.31100168536831574 -0.021278588275090462 0.003273522982420896 -0.0005073530049324421 0.000652293531738145 0.27839196212001094 -0.09730865100421868 -0.0006987066933695516 0.0011931462503665263 0.8347742378068284 0.008259513010425565 -0.0035894962947940414 -0.0574342557793735 0.04721760751787586 -0.24400143938603813
-0.2641376315417739 -0.002451599498660068 0.07272680176450712 -0.028986331603769122 -0.002642899516330492 0.004543225572059465 0.011096337557293562 -0.3588528675365283 0.18714851385640474 0.053546808066849076 -0.010123006015515646 0.41670600856828094 -0.45796352836022536 -0.1941385075735583 0.06353239700761842 0.357611372084772 0.3126307565539604 -0.16165046950733747 -0.18184840556051776 0.19693302808834565 -0.09202518474860326
0.6661024991592863 -0.25649721821616905 -0.5169059752477857 -0.3765196576154175 -0.12233520312989293 -0.013508928610889445 -0.04017918565964429 -0.1619659545260471 -0.17695522266559902 -0.07657271768024143 -0.010672702834707297 -0.01269012591227969 -0.02776137665095904 -0.017974471757338382 -0.0032930023858217467 -0.0014293397640048474 -0.0018979988760186185 -0.0005612057390835813 -3.304956102801667e-06 -9.200804053103777e-05 3.4700602254315384e-05
0.08647538501270506 -0.2356517089451493 0.1440629482382668 0.23944224239271167 0.08157699907445602 -0.00866206906298263 0.1945780309238767 -0.21908052621234544 -0.5647649247155575 -0.27419783928170655 0.03757809107857038 0.07771638119072666 0.4442675233319976 0.3379629770226739 -0.06947880636166248 -0.10968782534109278 -0.18000562758489275 0.04439877172609163 0.03594385775084 -0.02441585098529003 0.002882481428998013
0.18356063364599295 0.029826110552112373 -0.0013752168600847231 5.720562868955809e-05 0.00017705289414401658 3.366470264344334e-05 -0.6579970366979445 0.06380180938345298 -0.000686167130529079 0.00028442303240112216 3.094742736200391e-05 -0.7047110550375398 0.017139461944895375 0.0013869222158121276 -4.757571265152516e-05 -0.12555160933525183 -0.02139659597323334 0.0005738839021462745 0.11746894170351545 -0.008208104295265107 0.03717004832103405
0.09983925913061946 -0.24968293863892582 0.1683199403049795 0.004367470493890799 -0.10758762987484666 0.012869914880120811 0.23851969154011715 -0.3223474915194123 -0.012794731860291701 0.4125081207393559 -0.06160946284886687 0.1541049160172425 0.011619557875665943 -0.5912937883215971 0.11766518948908283 -0.003905989994704098 0.3761525497594713 -0.11248606315863632 -0.09004147029059313 0.0542679862498176 -0.010432666666781741
0.4008101082429537 0.8423069330004801 0.08826124256490703 0.18676577567052088 0.00359557098648065 -0.049554431639639206 -0.22465946765431893 -0.04681579818648949 -0.15505663691430394 0.00018998422813753583 0.07151021283216638 0.005257750909108638 0.03957611758891656 -0.001047275882373629 -0.034215970628055994 -0.0002802601780041966 -0.00531368937478469 0.008383731472612146 -0.006188494561127457 -0.0022829613135250024 -0.0015686745139015766
0.20762108639650942 0.48880660719645946 0.07450283488602906 -0.5538132761913327 0.5910426931519562 -0.08285629532351144 -0.0377435414077916 -0.0056048504992458155 0.12446967888750636 -0.17600074506706692 0.034223628456683114 0.0016916505166296712 -0.010509084024128234 0.01648830721158997 -0.003518779275989474 0.0011217653216937511 0.0002578752057638416 -0.0005904110327754744 -0.00257262860851822 -0.0014066845187145083 -0.001052938277753537
-0.3540691924473539 -0.026697226589552932 0.009895006285734358 -0.03705743700466868 0.007980250754108366 0.0022992805731956007 -0.05871785444287841 0.04311531886582477 -0.24483944995937856 0.06944979204253666 0.026229766125627985 0.04713035779660992 -0.5353266227071001 0.22874154367406038 0.1147245140739547 -0.38985832260222225 0.33280283807656863 0.25032271822966307 0.18147390486559994 0.2734361909074228 0.11928401963666597
0.044433606507100355 0.10262685829897639 -0.03085904840812505 0.03969279137320962 0.07280952262081475 -0.02263657495171328 0.1173578224189677 -0.07049190643752314 0.1358098955126184 0.3348729727962787 -0.13002644205171776 -0.04004258446951125 0.15556271536062555 0.5749891563011262 -0.29760442825126465 0.05933137573648375 0.4386915256087878 -0.3408506646238589 0.12527424546182125 -0.19519590011640792 -0.044610014179583
-0.281732849675301 0.07761429760594167 -0.26968310215828734 0.24272126967647328 0.22060725375016024 -0.27883511255595855 -0.020842133132827973 0.19460453763633062 -0.25820637843080224 -0.33170273500055736 0.5063654447767858 -0.031416557311933546 0.09115016748980179 0.1712899518521025 -0.3553933957619277 -0.0006503806696523099 -0.0316551815996288 0.13605671658065738 0.009373126428935664 -0.020892581964573595 -0.012514126967978371
0.3002789661550556 -0.20800882241477983 -0.01069644911766396 0.06534895569671707 -0.005367201512830951 -0.015064644105192274 0.29250875769075263 0.03538344080924173 -0.28685387099928844 0.01524517623991394 0.12189682008678579 -0.022900916559735075 0.4014561691058697 -0.045763329074991595 -0.3529280563771117 -0.18518706766492285 0.02873853692593353 0.4809742144139557 -0.012718840564331854 -0.3376200651073724 0.09372853641490124
-0.11434787151526268 0.14155944317468033 0.051147293271170804 -0.017612169973401225 4.939251828370779e-05 0.00043918907400009483 0.4181366955439624 0.3023130564587969 -0.15585412987299238 0.0011713698247016017 0.006702252547631052 0.4464332529775261 -0.4604723007844832 0.005276017061503564 0.040024566123915056 -0.4532557608409898 0.01038557933741185 0.11797898113658878 0.007711538808494804 0.17416206036354315 0.10278136510313181
-0.046665500875717254 0.094573182865906 -0.014641459684929727 -0.25135511678759764 -0.10937870093659241 -0.012269508663795997 -0.07396740541211408 0.022989163554819173 0.5891100414029219 0.3419372448413907 0.047615301683275914 -0.009023549040024663 -0.46012796866055883 -0.4005687450307643 -0.07430219232798504 0.11974110876556607 0.20845486050057196 0.05815332930041552 -0.04072776232847134 -0.022640099237634347 0.0034374902944271602
0.10313455511400188 -0.16220107448164678 -0.05626856604331652 0.03454424077959363 0.0020122662029873326 -0.00131235906493305 0.3466611547655469 0.238615398467146 -0.2341517753092607 0.10591071536868835 -0.014451453084871776 -0.2544372654828029 0.4944776300492431 -0.2759782941518928 0.03983596255377029 -0.346255311398825 0.38728827723416415 -0.09117600122136232 -0.19823007902503528 0.09790333719542868 -0.03534108242003817
0.1043197419577318 -0.1627149464141246 -0.055731154742009306 0.03662248707641144 -0.007161352791186517 0.0004484804354464548 0.34904130297627833 0.24566652343018233 -0.23278525710488013 0.09363165874024809 -0.006638235234299131 -0.2558342364659013 0.4999491192265995 -0.2715351532199798 0.04040202222112787 -0.34315436482509903 0.3823639620565358 -0.09437135261035048 -0.1970417022523589 0.09600911646441862 -0.035924754781196104
0.26852828042512883 -0.03634450711036328 -0.026540631910515162 -0.02695810354790237 0.00047709656831710365 0.0008870624304679079 0.09997001887582808 0.1460448448220424 0.22211416169960052 -0.006176398925638366 -0.012456233858088899 -0.20056282477059023 -0.6095993018322179 0.025278769803295995 0.06597718628955403 0.5575087002461176 -0.046477142050716166 -0.18142745960525525 0.03176980478042682 0.24891047869743613 -0.13638865857365015
0.5707652271681916 0.03344482963733532 -0.108214220439034 -0.3104521355011845 -0.00022033263855507796 0.02288667184797096 -0.022058557088365734 0.13964687864108302 0.603171620890832 -0.0014135715081839608 -0.07544415664405232 -0.04491742714039543 -0.38970390774166114 0.0018039789530007622 0.09826881916421461 0.08426862847024534 -0.000489595965394825 -0.06262765487838273 0.00020240622623076437 0.020391493614945525 -0.003147382330067984
0.1388147967675975 -0.027592280250601255 0.03326791849624922 -0.00680887622456287 -0.09418956408397644 0.04884686034254353 0.026268337205042413 -0.06316352697269785 0.019482230086136622 0.3580698452513542 -0.2319980347909999 0.029924276427116953 -0.018401115173093435 -0.5097786329843594 0.4403457901706516 0.0058007111886554325 0.3225950392462143 -0.41802258580008655 -0.07645312315783714 0.1983598097126093 -0.0375962793132938
0.8397103355075137 -0.029085114942875676 -0.009451988491431081 -0.001333477411767802 0.0026017758602244834 0.0012623972792691702 0.22738612300929514 0.05539122072702903 -0.019727306657673124 -0.0008672769773852416 -6.785210678983492e-05 -0.22936662327533913 0.13172722461501735 -0.010223354108432661 -0.002075450612655853 -0.37262203240416475 0.0739550514623313 0.0011422267012503086 -0.15617526310805918 0.0002069800412414156 0.00021138675841247875
-0.09990794189174221 0.052577825766096604 -0.0063998404867146585 0.00026004062307189097 0.0009467685980354836 -0.0003612696900995545 -0.5396317411595797 0.13406283989568976 -0.012214965665857802 0.00028042408404894487 -0.0006537274726240578 -0.6905986642284266 0.12040406946165169 -0.006162444167854719 0.0005437271597097558 -0.4179795555118287 0.038372454652870126 0.000974068676091051 -0.1007919586954815 0.00364278794081814 -0.008510719103373005
0.530938830819442 -0.31537023579851614 0.40738539821008846 -0.1435679643650619 0.006343303766725301 0.0013908955058319385 -0.19831739851313582 0.51237641762435 -0.2708208238582345 0.01589993319282167 0.004315233248446065 0.16108941651270448 -0.1703593447382708 0.014879765834789832 0.005370141954212632 -0.03573386493923705 0.006398721426462553 0.0034375875747488936 0.000947642007696575 0.0010525713634806071 0.0001323399898348888
0.06439458596494356 -0.19478587790138355 -0.007896993501563311 -0.011591454711813562 0.009631771639200957 -0.0029233699630486945 0.5848403107576787 0.04792213660566908 0.11076892973472552 -0.03764172758037971 -0.007203588072915833 -0.07367980481751467 -0.34588733322253673 0.1960664221995976 -0.023358356506683497 0.348621878331251 -0.43119157863136814 0.055196688104618585 0.33411793310914195 -0.09501052411419296 0.06568268983838817
-0.4727132723462473 -0.33591772631655215 0.10321181201810656 0.04025453219213177 0.003163026560180028 -0.0002400751803607661 0.5426723774283582 -0.33409479047820645 -0.19504438733375867 -0.019594959946936576 0.002082003866586526 0.27003054696153095 0.3154996769693356 0.04747766748840598 -0.006610306583133961 -0.1699382346370567 -0.051259697532984316 0.010571211305142155 0.020559286812664997 -0.008501890435841389 0.0027170415551746947
0.30001707987473486 0.2884520601396373 -0.2237118934803415 0.12189534477417927 0.30372399744914913 0.12017860047626518 -0.12653943513001437 0.1981605629086135 -0.1629612788704353 -0.53839662066298 -0.2669387251718906 -0.043782977301332134 0.07154886088878919 0.355558976048088 0.23596631979183139 -0.011365431599466822 -0.10500504901029371 -0.10593509582076252 0.013213989266917688 0.023097279314667304 -0.0010208209446287977
0.04822442726203701 0.09859627658153622 -0.031901786871216725 0.037651024416487155 0.06966866459067753 -0.020883745996368195 0.11787589164233077 -0.0762038345534435 0.13443289189616095 0.3298480979804818 -0.12693556533741795 -0.04514135253563339 0.15922914523128995 0.5722578303571524 -0.2997326995923017 0.05700459475590129 0.4415761701685654 -0.3432799749601018 0.12438887348021889 -0.1984041424085947 -0.04375260820880809
0.04179319466899529 0.10298540654190924 -0.03262423795521084 0.03376173948916482 0.07819365633390485 -0.02213292404194658 0.11327860651477319 -0.07126735339390874 0.13761311203223403 0.33044676896199054 -0.13344799629100867 -0.03788648009631466 0.15778406918785198 0.5804622461867283 -0.2963883668604754 0.05735626208456155 0.43955711154589094 -0.33902995336050684 0.11919234412466088 -0.1911758922682614 -0.040950223032606536
0.05121138721365397 0.10552629834940105 -0.029481197398690012 0.039121912785816164 0.0689528510960737 -0.021163672437697744 0.11201800396022599 -0.07263072223536676 0.13895595198231295 0.3349830502047442 -0.13495752685808143 -0.04142880118097908 0.15643795708960054 0.5754746391082739 -0.29172713093070185 0.057777512237160114 0.441585942946848 -0.34074657476969605 0.12277549810571056 -0.19330085639060132 -0.041614005935540536
0.04670660734308079 0.10476541899962549 -0.027968692928725558 0.035836542696537355 0.06818294790118072 -0.02005629545966398 0.11390978999684959 -0.06799988768210989 0.13571504866932316 0.33724875240487256 -0.12725022225060797 -0.03617863575331461 0.15584724566115093 0.5721689097975987 -0.3011378949468727 0.05639811863423132 0.44433666493172924 -0.33949841337068715 0.12181364590612496 -0.19381654541778276 -0.04290366804688383
0.052145070925884954 0.10649412237405259 -0.03000646850250599 0.04170833962291322 0.07093293669841168 -0.021533214977525555 0.12101246721635563 -0.06698936376077938 0.13499500882002421 0.3340797054192324 -0.12655512357232973 -0.044717531061165966 0.16165190050345385 0.576137361494685 -0.29920670611388356 0.05729084844844114 0.43776088927283324 -0.33928215662364714 0.12227524989340884 -0.19095967539987718 -0.0422859910578118
0.04344054232010319 0.10278426192390525 -0.029706888770952677 0.037272495018042855 0.07120504574834721 -0.019977042302423077 0.11727665894340797 -0.07190178954756359 0.1349250043969991 0.33807883914745895 -0.1260780499056536 -0.03810916482691537 0.15866931172704488 0.5749667211884 -0.2999219716859804 0.05836786987558074 0.4385182326361502 -0.3383533947328033 0.12359578744469091 -0.1947711794996608 -0.043794326256784026
0.041578027236540846 0.10622802677571562 -0.03137576501601379 0.04346817494625246 0.06629750034105451 -0.02600478161966066 0.11944329525248193 -0.07198217561365448 0.13820799746903548 0.3386067852257272 -0.12491106113527937 -0.040719074776884044 0.1565847640118744 0.5734729842061509 -0.2949348138995103 0.05619515621415904 0.4366471883237109 -0.343906385183459 0.124718905639755 -0.1964500622219353 -0.04429555870345479
0.0414653450569881 0.10370541539667681 -0.02998004674318543 0.043076688015659635 0.07306801958675803 -0.02582623446865554 0.11375625576426347 -0.07243834712108353 0.1337669869808877 0.3331807683371504 -0.12719743444973108 -0.044521001667551185 0.15395404537241944 0.5753126304563911 -0.2970901438041313 0.05561323320848039 0.4397281818479721 -0.34334647054102035 0.12560855660510556 -0.19611601058383266 -0.0445512281407668
0.04757655709150983 0.10130655272963171 -0.03418251939630138 0.041413514122160544 0.07064442637659159 -0.02230244526194775 0.12227528271642937 -0.0737917139137832 0.13664112356294797 0.33733287432022696 -0.1320739914790279 -0.033372256877667233 0.15713530355415387 0.5760131757960713 -0.3003833921542369 0.056095544839031584 0.4369867118049863 -0.3364814373669125 0.12138195409029662 -0.19300237456429659 -0.040788581210852264
0.03561054077682419 0.09987010414019985 -0.035274137242698955 0.03490560468796549 0.07052693545904917 -0.019020159423184774 0.11465598722037869 -0.07348353185875454 0.14016043828021932 0.3340848155992244 -0.1321102363775628 -0.040176362281754564 0.15793090731233086 0.5770790393018401 -0.29666098621718323 0.05911874974501968 0.43523758037912286 -0.3449761368241732 0.12129171196766607 -0.19408955995644245 -0.04243582441733713
0.046524216654908156 0.09446954577219766 -0.028738522593618237 0.04036631219611372 0.07070195946307016 -0.021574115191852792 0.11562047705840935 -0.07183214656317374 0.13599075517869028 0.3368301474438408 -0.12914875420223895 -0.043157097337901754 0.15456091847309636 0.5763151969442091 -0.2987752365730588 0.057850569750336076 0.44150637465263737 -0.3353819933693018 0.12349947248601663 -0.1963277212731866 -0.04611139783470638
0.046724470565667156 0.10217901183619767 -0.03198638048685464 0.03636867647890059 0.07207125827816424 -0.02043681073622947 0.11367053462002782 -0.07404388847578561 0.1355377082074943 0.3362429123677417 -0.1231426771846244 -0.03989032800960303 0.15837284570058582 0.5731126870395781 -0.2974431272337397 0.05558513982978588 0.440499058442652 -0.3426556070669282 0.12522561412674205 -0.1963661580534586 -0.04510302838292169
0.03832239704915392 0.10108047298441858 -0.03095026948807218 0.03504093238121325 0.07118020332577919 -0.021024068627373937 0.11554306571480495 -0.07575302950657115 0.13635828946616713 0.3363179379131751 -0.12822097492030904 -0.04149245635577455 0.16000854457895183 0.5655379967166382 -0.30330324191002206 0.06021779594971025 0.44109661674533623 -0.3454535750038 0.12318609836941342 -0.19870836968286856 -0.04523474590637167
0.04453281141724703 0.10680926504812886 -0.030010654218043806 0.04323390528321621 0.06914467764242296 -0.02279687683101704 0.11524143565134495 -0.06901183903861192 0.1342013710404622 0.3380807565237974 -0.12989425743809604 -0.04010782609824658 0.15558360013081043 0.5717243957006085 -0.29528090243610694 0.05686078131490515 0.4432823167176496 -0.34215463756835457 0.12583115661621053 -0.19207422003697286 -0.04371654263048173
0.04573405682058305 0.1049186600112702 -0.03390254486821383 0.03762247461647062 0.06928422314945536 -0.021706976571761016 0.11622140576555327 -0.07557859305963968 0.13901440505823387 0.33293129338980126 -0.13316830658395293 -0.0342851174704361 0.15515549971693046 0.5732205129909757 -0.2947595881672319 0.05871378746446783 0.4403406983894713 -0.34612594228856464 0.12124674387361496 -0.19397738917752105 -0.04183869071104409
0.04599328538243886 0.09864623807968852 -0.02629769113025014 0.03884407591062879 0.07369472666504392 -0.021600154844439418 0.11446015955533315 -0.07036001529832922 0.13489266084389592 0.34112118428736876 -0.12741693045979946 -0.04154865643903754 0.15242942143400331 0.5741628920859061 -0.3019600590697981 0.05383327874817796 0.44059312258219213 -0.33753275529118576 0.1205767171890884 -0.19479525435491146 -0.04441462851211819
0.04059996541060728 0.10496140508270782 -0.025647343029398712 0.03459594487644968 0.07359236788566735 -0.020671371550389672 0.11600686110574114 -0.06484607147463893 0.1392291366618482 0.3366376817772822 -0.13456346936607508 -0.03873245223297268 0.15461111764849142 0.5734008337301745 -0.28987988263359515 0.060179943636776215 0.4393233982496742 -0.34742270237542633 0.12394297294798731 -0.19556189695039927 -0.044700536229299793
0.04377715938123889 0.10227541521014862 -0.02854441262369493 0.03885100467209321 0.07166202625192836 -0.021674934108422902 0.11939666990802142 -0.06760000932500722 0.13657734521181514 0.3337589625635312 -0.12854429007274118 -0.03996217947072307 0.16096232290487617 0.5750746714048117 -0.2980189633400089 0.05722298731573961 0.43905024940829906 -0.3391253897361578 0.12465327551950442 -0.1967896146007848 -0.04420691589055436
0.03932234055086578 0.10605186515072654 -0.03301522657849936 0.0379283034889161 0.06709420606495864 -0.021092074525971886 0.11475933817854063 -0.07150134661188133 0.14322497623831085 0.3306089979163549 -0.13197824610597694 -0.03720439783742875 0.15502880496222696 0.5718186268743155 -0.2986135443500046 0.057799875067051136 0.4415044211525983 -0.34357621213344347 0.12501089806645888 -0.1968354202887572 -0.04435524884996269
0.04216627269104609 0.10218353025129327 -0.029634848083951105 0.03804279817735698 0.07000207802135198 -0.022349075057965108 0.11575328221471322 -0.07229230765448154 0.13083625111621824 0.32702192825141585 -0.13214472461646753 -0.042773799927862025 0.1555848077428432 0.5773693324247497 -0.30261745468560564 0.058173225753912164 0.4392437848634648 -0.3403275157043095 0.12198845937647593 -0.19987458821927168 -0.04432387747821499
0.045634890873780275 0.09977252751217736 -0.028946498675711394 0.03956382905330172 0.06721347853317997 -0.023335409837306396 0.12250363141857648 -0.06994955136520581 0.14081481119357953 0.33558135830201075 -0.1316691576704184 -0.037931345852739 0.1559856075192766 0.576667088952013 -0.2919802077430674 0.06027809078057495 0.4402912713904859 -0.34259575927018565 0.11848907805580976 -0.19164289179893146 -0.040261256356780385
0.04477439922255709 0.10211910525599624 -0.036525785475003236 0.037816900419009744 0.06975987851151888 -0.021537464435403 0.11767223261778866 -0.07302217852234719 0.14022632941700244 0.33287266986548275 -0.12880734083680198 -0.035439911759780895 0.1572255898251593 0.5736256251321862 -0.2965828735849744 0.0594455076399608 0.44004338204084964 -0.3431419074521256 0.124057427115872 -0.19507475811328182 -0.04345195105254314
0.04250952922150715 0.10082356244426126 -0.025152752575877006 0.039753978517539465 0.0728499351880554 -0.023726809681044753 0.1139755356329104 -0.06367925600764321 0.1326639544166811 0.3372990423034152 -0.12526376009788676 -0.03853265296102024 0.15601169753968186 0.5750793629952016 -0.29982624771909877 0.05768319046940272 0.4381737703570809 -0.3446904404464107 0.12307551424046435 -0.19536881944771384 -0.044152660527512794
0.041023934013359485 0.10845986557688773 -0.03171209249381073 0.03777361228197301 0.07413887891268275 -0.022668160353413895 0.11835304596996835 -0.07657155460159762 0.13851807525312915 0.3297115679879039 -0.1334859758509055 -0.04517043257523253 0.15641757183220684 0.5738327013206928 -0.29803936787584345 0.059077213379769275 0.43653057495304803 -0.3436804752208322 0.12363277218043905 -0.19630837871907542 -0.043804290381556706
0.0411813528051868 0.10256983714139711 -0.029153454167658837 0.03803472835973672 0.07296786496674777 -0.02290845662992686 0.12200325365719239 -0.06627644150773948 0.13846204925200822 0.3319180121853323 -0.13407307342088035 -0.036303001776807196 0.15466327626393586 0.5760664625251656 -0.29806212326957715 0.05823023399071059 0.4368402982727401 -0.344761284375996 0.12034549935733467 -0.19441573139751372 -0.04183655224307342
0.04177615255564573 0.10190892311362058 -0.02882259386874203 0.03406723601550758 0.07053910716441295 -0.02256314782549895 0.11267454398272388 -0.07634918386055056 0.13315560780018035 0.33883090329206933 -0.1273291605900813 -0.0379538842927956 0.15682679433560812 0.5756440560513022 -0.2920242654165489 0.05881516381212484 0.4409743838084091 -0.34616447785981186 0.1199282377210328 -0.1914531585362375 -0.0406807052630489
0.04621485120693985 0.09854336824503786 -0.03520522028228669 0.034036224611796485 0.07387709156993068 -0.02139990994758455 0.12501259505326962 -0.07554510417277778 0.13404797395816406 0.34012756375903747 -0.1280436098675453 -0.03216597359366181 0.15863013173510385 0.5733838873232495 -0.2950060578997789 0.05288438738963849 0.438033373122607 -0.33803819178493755 0.12267319010808803 -0.20127899122494552 -0.0442284991514933
0.04550760159805541 0.10469174180591365 -0.031998966479467546 0.03813996022322013 0.06984886711944463 -0.021476522329935105 0.1215618624598606 -0.07246662619502485 0.12938595574511044 0.3350852259762165 -0.12856203811253344 -0.037494472723493946 0.15725560470596275 0.5776308593011831 -0.2989445562574183 0.05827395323977728 0.43671536034869224 -0.3364958835129484 0.12456171278611468 -0.19889702214250174 -0.044593369474801386
0.04555412077421769 0.10658036741392193 -0.02724602758873183 0.04100812609543831 0.07236091040259018 -0.02160631989290347 0.12070035082401025 -0.07162347552245518 0.14243654428860367 0.3381022397299638 -0.13066852871859747 -0.04059470460619238 0.15865516203137292 0.5704215384470888 -0.3027719192834896 0.05557903259299933 0.4347314220831114 -0.34167847686065667 0.12116037687132468 -0.1942117220187232 -0.04439412986355836
0.044979466406674315 0.09726509920331014 -0.033663885718101916 0.039536152249621107 0.07094563355740952 -0.021047586044193125 0.11920805507055111 -0.06986671045654297 0.13377978212902883 0.3377270029955822 -0.12828806798662928 -0.03430191450232419 0.1581619044822404 0.5735830087976039 -0.3004433800212103 0.0573141307303593 0.44270670389476435 -0.33892261445401856 0.12125841656787587 -0.19177021353887166 -0.04194998084234118
0.04738708054587938 0.10527766768336169 -0.029827189465102842 0.029747062419178443 0.06647499373012793 -0.022210106741779385 0.1220268108466259 -0.07040485093272554 0.13696542945528065 0.33267633241200795 -0.13499067337673612 -0.042908143711502894 0.1541199864618811 0.5753434246604245 -0.2968111487512813 0.05828484925783482 0.43723481651262086 -0.34538779415328374 0.12028596847084573 -0.19415694720115528 -0.04172063886770695
0.04386711758509729 0.10089664398564017 -0.028401082822715407 0.03716681380922363 0.06928079738166908 -0.022433819432192706 0.11713258829709362 -0.07201085958779309 0.13924724315594436 0.3322552593979176 -0.13417729677060886 -0.042686631920991876 0.1526200731184599 0.5772445368771147 -0.2947697324376712 0.05545749144146584 0.4391649591743094 -0.3445366390864902 0.12009680325959114 -0.19436516525936176 -0.040601754949308164
0.43787431606820515 0.12583952928763728 -0.14452565545561727 -0.14815300838895232 0.046515513831191076 0.11902372368023754 0.0821990458117013 -0.1891138758810117 -0.2907004710347674 0.12171501757476016 0.38976146213491664 -0.06186818745549404 -0.18931187751023335 0.11919319539443625 0.5088201394461912 -0.04091358418705898 0.05169690224320463 0.3320506380732279 0.009040755670050842 0.10884841615568679 0.014201671716711606
0.02064286442400243 -0.11384262084648007 0.15364950314596165 -0.008308797076642015 -0.05136602550319558 0.015115428860817244 0.1434789436432366 -0.3919368052968392 0.03087711945000011 0.26220807961255455 -0.09793071264489504 0.24724878244454399 -0.03969294500729018 -0.49760258923008643 0.25161553656364305 0.015349806882102383 0.41684950364671786 -0.3158148212838509 -0.13079126286361134 0.19898375600231338 -0.050067883624580534
-0.10258713425021147 -0.001109326890518014 0.012351142781616916 0.01263112451924488 -0.021117691246892105 -0.004140671652754478 0.11592392556325695 -0.0015548805513047486 0.020804995240390818 -0.0030913987232812977 0.013773854430257202 0.01110492618304885 0.008464889755309329 -0.005743354000054799 -0.0006430425687905861 0.2696057057881566 0.007896962001500772 -0.009979851883123532 0.948206804625827 -0.014763038194907584 -0.04727464801908943
-0.7135538106523197 0.6131929912213416 -0.03719856288073611 0.22975912596240197 -0.24065199970897824 0.05234642604193034 -0.0010602182260881126 -0.00013755515956331276 -0.0008239324027693227 0.0020164855181895487 0.0004033086673370998 4.1177200447289533e-05 -0.0005229628751990679 0.00024631877005886176 0.0009412508596830724 5.4191432543324675e-05 0.000421118116641021 0.0010474858434673029 -0.00010686460386657278 -0.00025511547307056274 -0.00040737437000389895
0.41874380433012826 -0.19233467951574626 0.8152408911710245 -0.11541963034996798 -0.3090694141036725 0.09006285424112832 -0.007123536916287507 -0.04669188547696959 -0.0103491912736257 0.045017401135367 -0.0036112829326818423 0.00037850451298512204 0.01224261350414647 -0.0023178966611235616 -0.012537779065411094 -0.015115877297778838 -0.01034875683877779 0.020281967811611734 0.022366522293462254 -0.0018246362032695142 -0.012068803097895478
0.7451048489314609 -0.32019726101820073 -0.1149733860375409 0.2919193114876809 -0.0863724014917569 -0.18641788608498164 -0.09453531620138078 -0.06915162500380072 0.25014374003707296 -0.1046681834516213 -0.28200268965903474 -0.010555887048271595 0.06097623253997692 -0.05956065640108616 -0.16080457065700174 0.009302038407475378 -0.009713899048888702 -0.03646513625810768 0.006837592293853743 -0.005420936946612029 -0.00716534247281127
-0.19758829956925494 0.003927494894846351 -2.905942768903086e-05 -0.00013356227996174188 7.635090317594839e-05 8.333315624948828e-05 0.62745407887594 -0.007540481526308885 0.0001428033982452816 -5.4828090731566836e-05 -5.889792596890427e-05 -0.6158522416242513 0.007544107200262422 1.72921601511749e-05 9.980098690355573e-06 0.4143443524556809 -0.0031289251181591524 -7.110739328797384e-06 -0.1265081997873771 0.0003901989863990677 0.012708005473787006
-0.20696223475813932 0.0217399226907979 0.008301498561078176 0.0019348047011605272 -0.0013494515448073492 -0.00041142195855554503 -0.15148373822501196 -0.10099711861789522 -0.041467126715317694 -0.00475182730282288 -0.00010553368019870443 0.3424492011490321 0.2905981176189748 0.05867651705953982 0.0012834007976781742 -0.660877815944019 -0.2701962754890138 -0.0016174574668830605 0.4546549496273907 0.004710311374312204 -0.008047519840311592
-0.06977173883178318 -0.44816239630132704 0.006036479919571359 0.04432866815133084 -0.06992405613287833 -0.031498662446102346 0.44177385590387375 -0.011467161416479289 -0.13161849744246468 0.2768371854381892 0.15587640783183873 0.005378841081314593 0.12979280759695286 -0.4090569102760765 -0.30792887370096306 -0.04230336641321401 0.26856710994408184 0.303898474763306 -0.06600489271939974 -0.1494526256248314 0.029262264526008816
-0.2617684711014921 -0.11035860462021387 0.5656869745155864 -0.43550399783404514 -0.341629049410395 -0.020016305238591273 -0.026190144397378087 0.26707493334218857 -0.3093165773403553 -0.3231638441558797 -0.023387252486614708 0.0314965007375904 -0.07296333111551431 -0.11424258317312759 -0.010934083283720189 -0.005585128932358698 -0.01794255636580189 -0.0026254778852837384 -0.001239625396621193 -8.566967773009859e-05 -0.00011383968496408341
-0.12025973585677258 0.24129516573287169 -0.025014191342732688 0.014779483856942003 -0.001284223211787055 0.00035064481318312484 0.6756859475513791 -0.14146643931535668 0.12750678922203432 -0.017071716439560958 -0.012449101316000183 -0.19757373505597667 0.35529083824992747 -0.06588701610748361 -0.068633832407229 0.3285603306257659 -0.12326888903993723 -0.18975191705871858 -0.0856686995775568 -0.26564370542233007 -0.147724064242826
-0.12024456101683292 0.24133988989232005 -0.025356445642805186 0.014989559971056044 -0.0011405047751103512 -0.00033757150622492764 0.6754256470984662 -0.1418703153790153 0.12722612358697571 -0.01676847623904398 -0.012608569368616356 -0.1972474356646702 0.3554171030492319 -0.06576554588119342 -0.06907999804464195 0.32888325796975465 -0.12318188894288001 -0.18991328299815188 -0.08543903273979983 -0.26577624232714303 -0.14767100592734755
-0.12068291949018888 0.24155949969028453 -0.02497621385342595 0.015141902497434537 -0.00124108979761886 3.2995207463544134e-06 0.675294648179356 -0.14080755560174157 0.12719134079115466 -0.016826515167797096 -0.01235470354627929 -0.1973406655587326 0.3554388110470186 -0.06608865191735566 -0.06871238859211701 0.3286774231807058 -0.12367633578308124 -0.18983126925561902 -0.08563517618725189 -0.26614059118807354 -0.14789521040991774
-0.12013921478425081 0.24116001709378257 -0.025229472989386312 0.015054320969643126 -0.0013539879466161581 9.428640646427856e-05 0.6755977355930792 -0.1417166326753736 0.12731166168547386 -0.016679199820274528 -0.012388726175965247 -0.19739047018342692 0.3554052913673595 -0.06576866678088945 -0.06879359857280613 0.32836328326887 -0.12313279004429256 -0.18987954279828634 -0.08538703578886034 -0.2661321447217241 -0.14797953888680204
-0.12058326860784495 0.24188925003579606 -0.025214448550818034 0.014938263882167362 -0.0007321988569107567 0.00020475347482906285 0.6752535194243474 -0.14141794839642013 0.12718193469722439 -0.01661445231783841 -0.012752193931472028 -0.19739903977598713 0.35521523515963893 -0.06588636341861841 -0.06895515754565298 0.3285591953760149 -0.12376231489570072 -0.1897137240998835 -0.08546502377755934 -0.26614307526441416 -0.1478968662817015
-0.12034300351759865 0.24162617768638242 -0.02525976975528591 0.015026501779556537 -0.0009751032947516966 -0.0001254970614640804 0.6755234671105699 -0.14145103380691218 0.1272302238880923 -0.016888852703526462 -0.012370993792099584 -0.19735704731538867 0.35505704281402123 -0.06593792397607483 -0.06896109808620597 0.32855963167092145 -0.12374638204820952 -0.18962017954140115 -0.08561125630943621 -0.26595105177586975 -0.14800327111391934
-0.1203607158667553 0.24123281617778614 -0.024917617555288873 0.014708069268903154 -0.001288608588764394 0.0002760147391677817 0.675390505548666 -0.1411387286472223 0.12754462648185835 -0.016563686452963595 -0.012767336898669782 -0.1976272277743308 0.35573226938353397 -0.06571916062682179 -0.06910458952859654 0.3288794200637644 -0.1233253262430021 -0.189548223583795 -0.08554736859523501 -0.2655497018913929 -0.1478947301493833
-0.12059355121919735 0.24172363151517184 -0.025206341746571357 0.014871948401188216 -0.000966292333684998 -0.00010938153716486207 0.6752923616157428 -0.1414070937745312 0.12783476035720107 -0.016661276895079985 -0.012691744074828407 -0.19728652874486635 0.3555572754013745 -0.06568183753648221 -0.06914796936771898 0.3283961402493703 -0.12360418781957337 -0.1898594086280729 -0.08495225140887618 -0.2659904239555912 -0.14764265993674922
-0.12060886430637408 0.24070846274298902 -0.02531203473564428 0.015334578818642357 -0.0009614749603042122 -0.00017561975481584686 0.6757654570897057 -0.14148424334612134 0.1271227639608156 -0.017165638773594536 -0.012804527658287991 -0.19742898060910202 0.3556239317185057 -0.06596041880375429 -0.06865885046344014 0.32875796380223604 -0.12374156633072832 -0.18924106338488692 -0.08563647995369623 -0.26559225969246314 -0.14748006931929208
-0.1198448162651066 0.2410656604275338 -0.0252257247338236 0.014847087156222571 -0.0012715795883940033 5.0073635751257675e-05 0.6753169537307071 -0.14139531164503497 0.12759073210793687 -0.016908249542566558 -0.012369888790759133 -0.19706355972767411 0.35573145677957957 -0.0656359983277923 -0.0690178047976796 0.3286735120683733 -0.12346339975845709 -0.189919389432427 -0.08584750398940073 -0.2661238124590612 -0.1480582874408741
-0.12024415432455712 0.2416036577419559 -0.025225749673812543 0.014975138822244351 -0.0008059008333681602 0.0002988878943320898 0.6752811767919872 -0.1416191388927033 0.12706325486741213 -0.016490878268417757 -0.012536572413756787 -0.19707904040935334 0.355566730512078 -0.06548821466469937 -0.06907568360299492 0.32891534374550374 -0.12324190703404024 -0.1892423483274374 -0.08525257106455329 -0.26623859913922265 -0.1483486296146136
-0.12112672040068052 0.24162605307869436 -0.025076284839552637 0.01472177683366144 -0.0014034900919959552 2.4068983172451683e-05 0.6756069021208654 -0.1418518637423813 0.1277294613425973 -0.016790892305037674 -0.012467117240427945 -0.19761046236312466 0.35512157361692503 -0.06551832157430118 -0.06845802954821682 0.3285920192398381 -0.1231493037901841 -0.18936881383466075 -0.08530856364011838 -0.2655730604919407 -0.14775938785238707
-0.12076497346161225 0.24173652850746974 -0.025170507870448017 0.014784713060694515 -0.001231877218373295 -8.936426574372257e-05 0.6754986784558742 -0.141715809886466 0.12758814764407864 -0.017084801748959894 -0.012637460062768285 -0.19701640693397698 0.3552664041309113 -0.06556496795736949 -0.06859404300337218 0.3281625692765029 -0.12388538124311409 -0.18947631619554134 -0.08552927013768744 -0.26624382432273624 -0.1477812009633747
-0.12058665058259321 0.24152683275186113 -0.02545955555073302 0.015096003784027773 -0.001017547440387284 7.757268101873744e-05 0.6752927579798977 -0.14161225421518314 0.12738831128655703 -0.016835489479845905 -0.01285764937642946 -0.1979557138825027 0.35517140123377505 -0.06548867719417063 -0.06894281971748521 0.32849285839099496 -0.1233427198439465 -0.18980248239811784 -0.08553563516408343 -0.2660519549379853 -0.14790075112151907
-0.12089774860533914 0.24168365651695142 -0.025157369375073204 0.014660605706435214 -0.0012622543074536823 0.00038756538007300457 0.6753141066450428 -0.1414467822980903 0.12740385566996137 -0.016593216020248297 -0.012635248815931295 -0.19753626610123998 0.3556466164610036 -0.0658051947264698 -0.0688835466853472 0.32869795268714386 -0.12349117101603609 -0.18910316597408916 -0.08508141089221304 -0.26571812183163174 -0.14806203567911377
-0.12023887715031727 0.241830059794789 -0.025074434542015304 0.014794027603517215 -0.0008812854567665154 -4.4348638034082303e-05 0.6756301848692463 -0.1414262429845533 0.12718114620734572 -0.016459672250890046 -0.012452768081736485 -0.19729094761439425 0.3555296540302479 -0.06588250986250167 -0.06868209262651022 0.3288011244683271 -0.12304540288874105 -0.1894787810561496 -0.08541853046436473 -0.265466023757402 -0.14774985034011665
-0.12053473640728792 0.24131226045004212 -0.02562793991945958 0.014772233417196539 -0.0007946147249573004 -0.00042076219048449085 0.6756334518579475 -0.14216091503737532 0.12710553800585794 -0.016941695559797017 -0.012363680863865837 -0.19709754149630077 0.35477332884789226 -0.06595686359971395 -0.06887294280992194 0.32886084095703016 -0.12349121990470784 -0.19009646990497048 -0.08514480586609754 -0.2659085654533315 -0.14757850182208246
-0.12018825531513826 0.2414590327125523 -0.025132844501965627 0.014996903603853891 -0.0008812343761540322 0.000693894221203138 0.6755017939193649 -0.141001737314425 0.1271283566073861 -0.016524904125463927 -0.012825357488480045 -0.19743922994610374 0.35533909198787805 -0.0657360389392883 -0.06891065765643296 0.328693530889309 -0.12310317190531742 -0.18979088170716835 -0.08620100741226344 -0.26585328039103123 -0.14822326480175632
-0.12037744690986363 0.24137013740333016 -0.025114910554098188 0.01518729029216367 -0.0010654822195755869 3.247716510313042e-05 0.6754892112112991 -0.14127457490072498 0.12736948026797248 -0.016511422731463166 -0.01272421514525278 -0.19794028032050576 0.35543010684541965 -0.06617234540743522 -0.06857422640309231 0.3286567245141623 -0.12306794751230798 -0.1897137926642763 -0.08563768317840818 -0.2656061112004702 -0.14785349935484102
-0.12036084168400103 0.24155279663702592 -0.025478724393825876 0.01496254842806166 -0.0013811966414068357 -0.0002693039056290123 0.675122535270322 -0.14140755174106004 0.12755755556135148 -0.01682990023729629 -0.01231973862016461 -0.19772170958841465 0.35579526199777844 -0.06573744372281722 -0.06867450773642399 0.3285780403944267 -0.12328203055108773 -0.18936265150302642 -0.08544979185345088 -0.26595674317012635 -0.14839611142032763
-0.12043324548121477 0.24175653705099207 -0.025408347455268387 0.014822837291851413 -0.0009024982247247513 -0.0003445368500017181 0.6755208853464872 -0.14170248347727274 0.1278962318069984 -0.017073062510987305 -0.012463381974366273 -0.19759055412868792 0.3551249861873487 -0.06548074032680277 -0.06873571728449171 0.3283672928091432 -0.12350509121934915 -0.1895631409918757 -0.0852838543151041 -0.26583971634727344 -0.14780417407347263
-0.12018204189791704 0.24140124632721643 -0.025220363401710782 0.015176576104917398 -0.0012103769324837302 0.00018215892280489882 0.6754476389843628 -0.14136760115741143 0.1271581845397551 -0.01654402139267174 -0.012587435082352383 -0.19763971680541476 0.35509778953035764 -0.06555861464089763 -0.0689526077479801 0.3289745397413712 -0.12326758134983748 -0.1894693946075533 -0.08525918404084529 -0.2661494982575716 -0.14821398826187265
-0.12033985901992793 0.24143925661947319 -0.025262458691578536 0.014835194263946595 -0.0013203121676698434 0.00013718749283390955 0.675628867837749 -0.14164654819853212 0.12757717166100102 -0.016061110653754613 -0.012678200046038987 -0.19768123928256381 0.3550619352727847 -0.06574393232424287 -0.06846240888119803 0.328492039363465 -0.12353882077762995 -0.18996296227377588 -0.08515417751127603 -0.2658588305260071 -0.14761256444057644
-0.12034800940576797 0.24159690481902307 -0.025230830492106785 0.015026512765024752 -0.0012464976215649146 0.00022235095205891904 0.6750318699207455 -0.1413149009820342 0.12714490138123433 -0.016282509070880916 -0.012529378904507912 -0.19737869965736607 0.35556915929363175 -0.0661223073554713 -0.06889240916825454 0.32914653346066314 -0.12282979430647448 -0.18990439268154027 -0.08548984434140028 -0.2661627442329248 -0.14802682621726312
-0.1198786222701151 0.24165708666276461 -0.0251779188633238 0.01502960675571607 -0.0009396012032802752 0.00019120179078214607 0.6752275001902572 -0.14104263180822751 0.12746252258852284 -0.016550092479478584 -0.012519618243743334 -0.19772085289137561 0.355494448791127 -0.06572337047996492 -0.06881403144969137 0.3287096595893425 -0.1234138608405013 -0.18985279319735648 -0.0853402925581722 -0.2661515090828954 -0.14798048294692195
-0.12004872939983212 0.2410480080190191 -0.02555029343279779 0.014687150322817857 -0.0012905351505233067 -0.00018442544501487328 0.6752554514386077 -0.1413933023731719 0.12726633671692195 -0.017116746476230328 -0.012664007717184502 -0.1977090251317908 0.35605663271711063 -0.06576411284340536 -0.06907425013291764 0.3289570942746635 -0.12296524233209136 -0.18987387361075303 -0.08554440382782577 -0.2655839885646751 -0.1476566840240178
-0.12078067766669098 0.2414761985828734 -0.025363907760099474 0.01513188853443763 -0.0010373269183423723 0.00026241685457951145 0.6753819697425297 -0.14153709496835365 0.1276651148098226 -0.016674072524504327 -0.012712799733637347 -0.19765834637352442 0.3552538185410984 -0.06563693451808617 -0.06901330992281639 0.32851322278663386 -0.12324393337805678 -0.18974265580324437 -0.08503204078578308 -0.26596337926163 -0.14795898779136404
-0.12031574778000478 0.24191328467358428 -0.025375973921024118 0.014634440307900624 -0.001295760619075996 0.00021845409079750253 0.6756524328224817 -0.1419101064765112 0.12681784352567577 -0.0166661200560457 -0.013092287718048268 -0.19695545340063178 0.35490295052271287 -0.06589873821923163 -0.06909112004922485 0.32858351987381307 -0.12319393835570404 -0.1897421323198116 -0.08495938061459178 -0.2661402253034663 -0.14801073782388846
-0.11993820290395157 0.24148629492410206 -0.025402211073726477 0.015271033407779609 -0.000862663910185459 2.1711350913990848e-05 0.6755028392267388 -0.14172399880757394 0.12775230555032813 -0.016714931349127903 -0.012775512481527853 -0.1975442567455597 0.3555170698936458 -0.0659128903465545 -0.0686327054653232 0.328384326317792 -0.12344333214055858 -0.18994716822908767 -0.0858320730278628 -0.2655288131029134 -0.14754227094320285
-0.12014758262878526 0.24142929486281026 -0.025376996909068996 0.014995103945650732 -0.001408762639114471 0.00014475773841620375 0.6753863248309824 -0.14151153427677302 0.1277963878391708 -0.016552274155509018 -0.012615762529869514 -0.19755579867005563 0.3555473346776857 -0.06554911650402631 -0.06908450124855318 0.32825424320778784 -0.12347249838251356 -0.18970383518035644 -0.08554744514157361 -0.26592266674300563 -0.14812060034209984
-0.12072044173398278 0.2415532058468578 -0.0253165362854058 0.014948732241113994 -0.00130424842369176 5.569688210567192e-05 0.675775887551411 -0.14118122546757417 0.12749061814088744 -0.016982183497485 -0.012396572112491204 -0.19748512670630614 0.3553677710469663 -0.06622053415989466 -0.06876475949302538 0.3281476413631912 -0.12343625148390558 -0.18959463081781625 -0.08558425109533432 -0.2654811489885732 -0.1477924947943776
-0.12040706572381722 0.24186194246968692 -0.02512212185521543 0.014747555690558226 -0.0010572617559279894 0.00015849090865646356 0.6755778286069996 -0.1416944182651752 0.1271400911678715 -0.016379640160530576 -0.012707705239394625 -0.19746210112828924 0.35524950086563684 -0.06594610079081249 -0.06869092551025588 0.3283758986601114 -0.12352865065921971 -0.18941375227727267 -0.08548661012549676 -0.26580304433931834 -0.1479541335712856
-0.12042199424527637 0.24129845251019005 -0.02551599004456393 0.015042935838483833 -0.0007841654020251263 -0.00010792886436163569 0.6754554966692399 -0.1413243508571156 0.12708996440332265 -0.017019211005508936 -0.012445427247091984 -0.1976036077724599 0.35568488804020865 -0.0657868567083 -0.06886301227034405 0.3285390566784699 -0.12288910521801531 -0.18963414451398045 -0.08586084998497362 -0.2657778729215417 -0.1481446932657895
-0.12042330773507907 0.24111882986046773 -0.025244822812644323 0.01500436289150525 -0.0009048476602798319 -2.8992166965974656e-05 0.6754375047738473 -0.1416163826723194 0.12749625289608293 -0.016726539826846683 -0.01268656548850555 -0.1979804425326545 0.35509797502801854 -0.06579091972465724 -0.0685903787851378 0.32878603233829273 -0.12316515201414276 -0.19004885514031497 -0.08562760486421044 -0.26576368007294776 -0.14783379817308556
-0.12025513958871915 0.24169625327915484 -0.025193026085251143 0.014768221829775514 -0.001002260432359978 -0.0003226552328199647 0.6751159739506783 -0.14146033317474396 0.12805931788007502 -0.0165066348650973 -0.012186551801817666 -0.19791450903640734 0.3556836182705104 -0.06557194374228811 -0.06876910215030639 0.328579397337373 -0.12341960348656021 -0.1896526403170644 -0.08509427700222132 -0.26581506292170964 -0.1479238519576302
-0.11993906807418062 0.2410595730334062 -0.025432288284933973 0.015057858670395347 -0.0008940491101026226 -2.317805854249585e-05 0.6753198433021423 -0.14134985400608635 0.12755304063956696 -0.01662290113338972 -0.012939883361913708 -0.19768962876104215 0.3555912414731777 -0.06589376285770933 -0.06887502942137952 0.3287665852793051 -0.12347547886592296 -0.18968812633020204 -0.08537840802916372 -0.265981402876313 -0.14804541999682974
-0.12056114187006615 0.241540485417681 -0.02527771108804787 0.01490446676236386 -0.0011408469955326633 7.058321665232245e-05 0.6756432006693587 -0.14145148853889622 0.1272865738931061 -0.016687419853078193 -0.01247920309823362 -0.19749082252375696 0.3549520349293056 -0.0658247037529092 -0.06884817947500009 0.32842357943557976 -0.12343339942005856 -0.18982164332462487 -0.08615797848329652 -0.2656904133195764 -0.1480244089449302
-0.12007469860815377 0.2412087184586892 -0.025381306290873668 0.0150708365322529 -0.0013349770745114601 6.67132429160545e-05 0.675383970663144 -0.14200332782789965 0.12762334990835097 -0.016506768751997948 -0.012902472563335259 -0.19751675182456976 0.35534372795158037 -0.0659217931765 -0.06850614235327693 0.3286029382973116 -0.12380916845592141 -0.18964853175399998 -0.0856508308761906 -0.2659235282530137 -0.1477999076490729
-0.12003425380132952 0.24155858356622084 -0.025311530445300625 0.014923181651248969 -0.0011659849362454205 0.0003676305299557381 0.6758867333991294 -0.141335452186668 0.12772159466770777 -0.017026813108561027 -0.012655933904292014 -0.19763288234384663 0.3553800269932861 -0.06538432979835046 -0.06871614371361714 0.3283857480581051 -0.12343252033912132 -0.18927474209026668 -0.0855341746926694 -0.26545710569223274 -0.14759017060890342
-0.1201887591565608 0.24138271728757726 -0.025316592500157047 0.015144854008740214 -0.0009549255666304174 -1.8386635401450456e-05 0.6753566838725366 -0.1413684567527334 0.1272694003772998 -0.016479415009053904 -0.01304228802028762 -0.19738872819048742 0.3555682765575698 -0.06630010363472999 -0.06845337144666243 0.3288566447161818 -0.12302046150828479 -0.18944647387527314 -0.08539951692695942 -0.2660236302251304 -0.14826312411130535
-0.1204469764721544 0.2415863225065599 -0.02537834285111127 0.01518282870191622 -0.0011333049374567601 -0.000211881449258269 0.6753692591496983 -0.14149865427174393 0.12743622487577694 -0.016966002889610355 -0.012475647710657468 -0.19750889093554902 0.35521276915912176 -0.06566972632831931 -0.06900733028142524 0.32856577176251606 -0.1232012347974732 -0.18947869939432477 -0.08553779561910714 -0.26604926500062526 -0.1484189036898376
-0.12046647905531753 0.24113294195803867 -0.025270438261536115 0.014960633302181047 -0.0011058800430019137 0.00020728380759912557 0.6755179063687035 -0.1416523262764447 0.1274880744271573 -0.016541140264872904 -0.012400621613104474 -0.19753629095766545 0.35548845446809113 -0.06557168608252333 -0.06916947556409149 0.32908336283517353 -0.12320988652398669 -0.18946183360044438 -0.08540254348898953 -0.26535381102459804 -0.1478288923505976
-0.12058046517188278 0.24151972863023022 -0.025429628716618476 0.01512249537446866 -0.0008412947021100684 0.00019217253473003375 0.6751672387219934 -0.1414690548900928 0.12772423487385298 -0.016443479551001852 -0.012686069643528896 -0.19732855003339453 0.35556207888884706 -0.06600445152537782 -0.06865203285750279 0.3287772349918348 -0.12372736288317827 -0.18945452224701903 -0.08560613940623468 -0.2659324599437934 -0.14787259533187713
-0.12023503765328802 0.24168687645867026 -0.025274240250692217 0.014865976683801052 -0.00115241039188725 -9.527639853796818e-05 0.6752789152059896 -0.14131262270151818 0.12752417943033925 -0.016852381347208865 -0.012718773310997989 -0.19723626843760986 0.3554358806673532 -0.06544021494795167 -0.06880183795235004 0.328666559920809 -0.12336957997845482 -0.18985023454601496 -0.08519988236317311 -0.26632963588911646 -0.1478597919663374
-0.1201251512843477 0.24182127772766418 -0.02525498602011237 0.014924963225832973 -0.0006994559589000727 0.0002802601847005829 0.675594219871589 -0.14131647199806138 0.1272315435245743 -0.016757991039485956 -0.012972555261351168 -0.1974344823887905 0.35549056859933403 -0.06616327040174584 -0.0688751188695933 0.32852281693921037 -0.12338747528817556 -0.1894587416455894 -0.08521891792811409 -0.265684534781407 -0.1477303695794207
-0.1202993838138928 0.24125720067015333 -0.02540252590689105 0.014979555854717119 -0.0007847942908330095 0.0001114546502243835 0.6755621449680984 -0.14128319381564217 0.1276408734871509 -0.01675129124069204 -0.012454190327347847 -0.1973720086684241 0.3555725637765945 -0.06566346353111385 -0.06914169304651703 0.3283726389721884 -0.12340164613595839 -0.18959009597364193 -0.08542784868758725 -0.26585645597044655 -0.14805844959067235
-0.12069399134794132 0.24194007750941596 -0.025447038861790953 0.015076669160972774 -0.0007374151215947869 0.0006116723895273367 0.6753913117938511 -0.14156310556368093 0.12728789344490854 -0.016833236818392376 -0.013116112157710667 -0.19720609958326998 0.35554461388375536 -0.06531920179418346 -0.06917624951305404 0.3283707983963038 -0.1234861773302906 -0.18915885544693425 -0.08567976826274068 -0.2659715521356131 -0.14791112144751725
-0.12053196975396141 0.24134672570006854 -0.025312798338215817 0.015361621072301535 -0.0009552421029235981 -0.00045778779406239806 0.6753793058274643 -0.141425079987376 0.12725587936362362 -0.016380202644677072 -0.012711730851553872 -0.19767920346662188 0.35564030920903067 -0.06578865138628817 -0.06887421316805069 0.3285801944271596 -0.12372215563512443 -0.18923002155810284 -0.08548022142108214 -0.2658396892359515 -0.14797674993436216
-0.12050325056184627 0.24151263949300697 -0.025221476133972267 0.014837640973529891 -0.0006140614782022086 0.0002679019313465927 0.6754375404675966 -0.1415159591665631 0.12752916199592493 -0.01688624582577178 -0.01293741382107086 -0.19699547346398616 0.35553285679638996 -0.06597489167001454 -0.06886406395367276 0.328983548879865 -0.12330696183293359 -0.18963398732372294 -0.0856290829982929 -0.2654741806259324 -0.14773134758030435
-0.12019119113000452 0.24141486120608857 -0.025095490990605 0.015026466834003674 -0.0012422526915516863 -0.00011094927457968822 0.6752698087852227 -0.1412369968310126 0.12741997795382418 -0.016899363095479826 -0.012367598025032157 -0.19765287498234116 0.35553351033965125 -0.06586024730902677 -0.06883753500517419 0.32890285468925007 -0.12324084680158538 -0.18951586702865794 -0.08535082496218042 -0.265952340016347 -0.14818982750890267
-0.12040454884679946 0.24114311306967479 -0.025245511743379842 0.01512027795813446 -0.0007054826501124728 0.00034550689948597164 0.6754807417052641 -0.14157093394494022 0.1270385275880278 -0.01659251619077584 -0.012392987233384363 -0.19738642832149145 0.3555571623236461 -0.06575630924850812 -0.0684882105857454 0.3293633288855956 -0.12290537413418293 -0.18937566749814447 -0.08529557429538347 -0.26570174432032234 -0.14792994010790234
-0.12058124128188286 0.24188310168186997 -0.025493853825614816 0.015030123233789106 -0.0005230068504953394 0.00030260351630000007 0.675573527128911 -0.14187253849008508 0.12756499177725672 -0.0162460302272229 -0.01238935361725506 -0.1970595314138168 0.3554168577438793 -0.06593072672712144 -0.06856425995526702 0.3283873434427723 -0.12309121512509008 -0.1900364841613686 -0.0853307326568463 -0.26559742365280986 -0.14741252729288737
-0.12007445180266672 0.24144565609012217 -0.025216190435497058 0.015023303395255129 -0.0011105423439352977 -0.00021166657749243105 0.6755237243124363 -0.14128692624612466 0.12777449101355418 -0.016830103354989957 -0.012376371618245684 -0.19779003021802458 0.3554809621470375 -0.06565767019075952 -0.06878582657018145 0.3286903145857855 -0.12342809659591551 -0.189714362733351 -0.08543690424539294 -0.2655477157255661 -0.14750525629834144
-0.03828105221810168 0.08017552834935131 -0.2922320237465829 0.40234005538009343 -0.22909299645288808 0.025815591354095953 0.03608563117932127 -0.2630280570755264 0.5432432409038861 -0.4124919339936938 0.05818828248521645 -0.059186280550394064 0.2444603928364021 -0.27843966565584 0.052430701942098985 0.036686706435839135 -0.08358048605269876 0.023565540798158244 -0.009373916000081334 0.005302859052971288 0.0004889285322705884
0.21158015506913044 0.4363823407467713 0.12454740863560794 0.01898809335813482 -0.1781718710666958 -0.09398570944742643 -0.2635021730229632 -0.1500559402902185 -0.03569025059509515 0.43104800104793317 0.28675850044553175 0.04435617217674106 0.021531852505148396 -0.3892851137691383 -0.3467818479478122 -0.004117314960002585 0.1559662423267224 0.20943281663655006 -0.022662925345602488 -0.06395299995962825 0.0075236247375257475
-0.39769087004438536 -0.08189360038717539 0.006930545987756475 0.00861373656319923 -0.024226674935911446 0.01687201825326102 0.39503660984227396 -0.09414152343202747 -0.04431579577325117 -0.015518643870825008 0.01752956780990651 0.279824358641221 0.31234875916847554 0.06050609388763853 -0.014691436995234028 -0.5392279818051421 -0.2531340015114005 0.0166741802214716 0.3362823396259262 -0.09664033567249793 0.0970873446010345
0.044512519391105725 0.10105407612402983 -0.02944317521811835 0.03907980134215957 0.06881691288010575 -0.02084354556730098 0.11417504131567144 -0.06982975356516605 0.13491411362559286 0.3440073271909525 -0.13120997207495022 -0.036618834011463645 0.15692332876073187 0.5713244901657906 -0.2946568636168 0.05593074996556171 0.43950963987209296 -0.34360184986127945 0.12134388298239435 -0.19619240587216757 -0.042380353732977924
0.044668720632970595 0.10444002531947116 -0.032635913419751555 0.0386846717261852 0.07092315553276257 -0.020601518113555026 0.115685964960919 -0.0706195602744046 0.1341725062180962 0.33467575233999736 -0.12542993499395405 -0.03515315396743526 0.1568904159629352 0.574827098405834 -0.2978778835557676 0.057389306419404894 0.4403341950196017 -0.34081655033669367 0.12215140766794128 -0.1991805919948482 -0.044971151468994025
0.04165771584171476 0.10281494144958978 -0.032124272773615944 0.04533531922149568 0.06920408263436724 -0.021489612137646504 0.11710216344510757 -0.07210621228295187 0.14220167011167023 0.3352686131306891 -0.1299655642825205 -0.03909631828113962 0.1590656867433419 0.577642366909564 -0.2983696844230837 0.05704406897179546 0.4383190867984553 -0.33236619936917533 0.1226773744737803 -0.1959905396915024 -0.04575226963309376
