-0.033913402817883825 -0.06631486582684563 0.13151567655782329 0.4030113855209097 0.20478755886153263 -0.03797060744258198 -0.009845110001712003 -0.25078724543439906 -0.659007459972815 -0.3517884982103458 0.10371100201729205 0.09278600940221837 0.2952562481156753 0.1653694081090045 -0.10561563152722599 -0.00799679565201653 0.012403990546614653 0.06483896566774232 -0.013986572771770388 -0.02541531274483934 -0.0037653798792973273
-0.01994750427848541 -0.12048077731990862 -0.020935352020014394 0.03440898200405742 -0.2609109036465029 -0.21215382580715703 -0.11588346969183592 -0.16835655786536843 -0.16466724001127947 -0.2888747710934662 -0.2105535606117498 -0.14098632257311428 -0.5576355151653607 -0.4829150895641816 0.019235881833164197 -0.23118926741087806 -0.1817328907367147 0.043785877324878195 0.144544754600994 0.003098440573987112 -0.001999595573944325
0.030093129017864997 0.00038518976554108346 -0.10119731847906872 -0.04158706335181436 0.20974070389148194 -0.0938817539817256 0.17210283780497648 0.0031288653542202094 -0.19436480965760441 -0.3224394373689796 0.32698531803696645 0.3668666777994861 -0.15212242144245322 -0.247263352494706 -0.07753702786488945 0.246918940064361 0.12098301081917658 -0.5116504360094503 -0.22366007332994167 0.20873136478584678 0.012542111756884926
0.01705777740349963 -0.21773188974040042 -0.2573542642862474 0.03549476081689744 0.48649782990612334 0.3206860263568609 0.20550095063207302 0.109310541640881 -0.16575312519296728 -0.10259207615600428 0.018317310655734158 0.061374084936322904 0.4461761866900288 -0.11017193546257832 -0.1993138407372299 -0.3339584410919129 -0.09755761164146427 0.07091729804651507 -0.04188894335248061 -0.2348594261646084 0.12281876169183158
-0.0014536131551815957 -0.016789402619077787 -0.03893033912802261 0.05039296843026909 0.22155994324884 0.12434626132297577 0.02354790274016436 0.13222890324976908 0.12482593854117628 -0.34543618050567154 -0.4163686897032568 -0.0010073984983973389 -0.05666343686310072 -0.0510026982761572 0.16570607557039996 -0.2638621865168071 -0.5848314392621746 0.2517371943500512 -0.3055556483774718 0.051747207090164365 0.021549709521901366
-0.012784858516466503 -0.0088764846773537 -0.011278012539020272 -0.013664493632954133 0.007331416909186163 -0.0004325843620895887 -0.10900407066175173 -0.17253097839664422 -0.1456464104549801 -0.08664286833760503 0.016888453584111153 -0.16042355265269473 -0.7282034098119942 -0.49387305529901887 0.10921865202317087 0.17010842317961375 0.28439235122822903 0.07748295952233888 -0.014384041504437535 0.027648558545697154 -0.00948308045170875
-0.004624398916053343 -0.009414129607748312 0.11656593307568777 0.36048610581140467 0.24254378650212643 0.0396613203716496 0.019488605524652324 0.05598702587403715 -0.18836342602051795 -0.6746676208573725 -0.2108674389181095 0.062381250807332915 0.0979825698754227 -0.13356721679281494 0.16748422352704712 -0.11816034147317193 -0.2793277712112612 0.2732136516858452 -0.09148989754290578 0.14853470800414054 0.029450319209606616
0.013712005851539507 0.005229013446970615 -0.14207166414388928 -0.05773773088232815 0.20867962702121756 -0.07326464832161331 0.03396728835182608 0.07506139941042576 -0.06179188118657079 0.047370518413443724 0.026997842303777202 0.007069633810857094 -0.06587855710701566 0.0834565841710247 0.2415826043584375 0.12115348739285704 -0.43833332605482256 -0.5684139180656169 0.18883871410640946 0.5055209213531916 -0.1514444669976902
-0.001764237614096712 -0.024788414629314474 0.2257442047054955 -0.4241479783328933 0.0258839342609908 0.28422833542210996 -0.002521742795785704 -0.040302625703561856 0.20086662778046904 0.037611951511218635 -0.4745698187333813 0.06961826139049616 -0.22230324591937328 0.40815772167778624 -0.02016148915282297 0.06254901889772167 -0.1856302528731296 0.3217893691944948 -0.22176871927458083 -0.04103812814393942 -0.06637771225932912
-0.00053150987376467 -0.029516480658932975 0.10203587612127865 -0.01968236877175541 -0.17861192391351227 0.11291114869805684 -0.04619626289110377 -0.04221676075628221 0.32445164375257973 -0.4080941319382762 0.361318651488625 -0.26279361724541084 0.2767958442335547 0.06335267971108477 0.3766095221201684 -0.2872546729650184 0.38444798838785377 0.12398731929757652 -0.012322433799903837 -0.006041078585583477 0.00010529411575151621
0.00012271871363272736 0.036004522199488055 -0.31179222442263843 0.5971726180697509 0.09198140068013302 -0.19811285683242238 0.033715523004311417 -0.14201443484592216 -0.007648025510707123 -0.0015523943630463297 -0.20360592485775586 0.16441360521766965 -0.4062148208468492 -0.3535009729556578 0.05623363083620897 0.2136364779014665 -0.10088070233706485 0.1632033939018684 0.16214206457134564 0.04618396048438661 -0.05744954230319795
0.007624030191188937 0.03811507528433043 0.0624306527832083 0.03994532336516967 0.0039425073524705385 -0.003256069031260705 -0.047153867279288886 -0.23706718531417917 -0.33631328555269024 -0.14176192913524172 -0.0010138237884214506 -0.007929842355562908 0.13709976038973268 0.29937187420317046 0.07171941142176709 0.20378744118456052 0.6375937801926336 0.33921129878315515 0.2152472789540413 0.27317001697651494 0.060350597723688414
0.00584237121150047 0.07204002421022937 0.3069718992130293 0.5376610972101936 0.23845031856486226 -0.223234983199463 0.01596067637276761 0.09666038802682524 0.1266367564262823 -0.05828864541376668 0.23408912522027295 -0.046212790467447876 -0.1608371453656427 0.10546823208747985 0.3318037138906379 -0.15422803322141176 -0.07444635549526413 -0.417663805131353 -0.1624181004811429 -0.10902637070064262 0.17228728786614603
0.20993135046242586 0.16652535597501678 0.25059148383976293 0.1785170778388752 -0.11026036726271109 0.010806659184473249 0.3506409829997419 -0.041393634629347455 0.22509955512088176 0.4717883971075265 -0.07437269666146877 0.03013250886105273 -0.4807066504041288 -0.3176700876621726 0.14821979302015684 -0.1344233310204562 -0.1529773690226231 -0.1352211753453909 -0.02125463142436944 0.05066319103938415 0.01289945336583756
2.30069826499077e-05 0.0036961810057632902 0.11295509996066892 -0.05517309811307328 -0.030551720080705884 -0.0017905017013340164 0.0018970559995665265 0.1920486884674817 0.41163942960052935 -0.28178225307215693 -0.09771749248329151 0.0731869954009939 0.6318717493980439 -0.13145098975845101 -0.186107457421298 0.21943918112179053 -0.1494377403974131 -0.309325928335767 -0.09572637713362245 -0.23038485457132984 -0.0549681681261427
0.0037314400034912185 -0.016645515893750244 0.002648976111988992 -0.15717460586443485 0.520183850058537 -0.3200199465715199 -0.008560957920926262 0.08699347420684934 -0.16817804665844754 0.0595091848556951 0.11460657634493332 -0.060887430369573274 0.18133975056657597 -0.5569419514632903 0.3053575303225127 0.039663895043341904 -0.03373825256079212 -0.21818435786899415 0.21832124071139417 -0.06132410920697115 0.08736957825077336
3.1704835785243335e-05 -0.0008853321040444291 0.016745073417703347 -0.07573568052654106 0.06391988968826963 0.018882620047179586 -0.001092909192001152 0.013283769624587704 0.1010640048141923 -0.2604572394702005 -0.11024124538358623 -0.004678004352664227 0.43417641337721136 -0.12973074326689887 0.1773103972815851 0.3385810364199635 0.6919902077728632 -0.11577902474195331 0.22545482059349217 0.06320364938426704 0.025316331935289496
-0.0020486405563300116 0.006416883611214945 0.22339864027676093 0.6661307523781608 0.24106294923880855 0.020520039773302152 0.034162731603482405 0.24708419348456714 0.47382672791030583 0.13380137674042064 0.0028111877075122403 -0.04608163737217931 -0.21291013950525278 -0.11801524270853837 0.0450147295774398 -0.0004496156945677129 -0.060927578490286884 0.0658112767514419 -0.04037570420414544 -0.18353123162533125 -0.19073366886436796
-0.12013711727026295 0.012316790403591644 0.04369356398642865 -0.06267595038953976 0.0773953821387977 0.01354459561731228 0.48817214361409295 0.05406590057463346 -0.13348834198284476 0.3564501278404342 0.07438596557143841 -0.4022077589255158 -0.01284537407453688 0.23532354388337987 0.13185560283577158 -0.3213624676819659 -0.3498245848462641 0.1353559990691467 0.29041022973482283 0.12678787788776866 -0.051724798233284484
0.04007280091540897 -0.11185392851568375 0.08925168625403355 0.001470271283458797 -0.05183048936149554 -0.011583787320774539 0.22282974744372802 -0.4428940288911664 0.28259302408346765 -0.24129175155081828 -0.1152617476975331 0.39070385249173695 -0.43609349493867483 -0.06853638256731612 -0.32156006501135337 0.19005730681587618 -0.08055345373506588 -0.2809053934120946 -0.04333791618804691 -0.059917081036471476 -0.0028961752890966953
0.019678766557731785 -0.1305079265076502 0.1483168698957137 0.2060891113286295 0.03545323390536605 0.001123741724388197 0.1443886549969677 -0.5745682422330796 0.1731401389814479 0.01627939386319588 0.0006865692109496811 0.2818057305373383 -0.4033514563843057 -0.10992137963725573 0.0015283384057585528 0.003591921708523789 0.45610694758346326 0.019247263176114218 -0.2414397457702848 -0.10560455819457343 0.059812855255028274
-0.06321399484030381 0.11571677619837713 0.17565054794983745 -0.22973849896064802 -0.1861253120510242 0.03908613404164866 -0.13325356105091005 0.3597904331352059 -0.07781671873721668 -0.3359530606362858 0.24077065386491647 -0.17890877864277127 0.2730725651273978 0.035607797545471616 0.3425322388495782 -0.1785121311070237 0.07695471619006627 -0.21693023450733312 0.16116111164459593 -0.40868683622680807 0.18893357434892294
-0.03249067227902173 -0.06736235233765603 0.13181417721575842 0.401568050347383 0.2064253771498174 -0.039013141435482596 -0.012671086998202527 -0.25361139196372506 -0.6535248151160588 -0.35863954389767405 0.10731928319493936 0.09003403507391392 0.29830947147547254 0.16063944331064314 -0.10765149159307516 -0.0075139765559600925 0.010127601630656324 0.06722039455871115 -0.007890978916860714 -0.025898528071366368 -0.005333732855529816
4.7143914939554444e-05 0.004545124913269306 0.08571240588471243 -0.12081627927955818 -0.46941320685117005 -0.12825755630179142 0.0011591636053294764 0.07167474303242112 -0.04518937174438383 0.28245405449376143 0.03784883841002223 0.012261358332343616 -0.015025474334385044 0.3647252696013196 0.3517678297331799 -0.0032666277838579137 -0.27793415629780077 -0.5191696225867105 -0.08159769022624683 0.18927871332711785 0.08014274400128442
-0.1297254132520711 -0.03925517613528265 0.23712125533808373 -0.20268846026089304 0.2143709683921559 0.021970912299846244 -0.1796938595353132 0.2472744204439348 0.17831843611956474 -0.18575538965677602 0.012101115874001124 -0.2305107603562592 0.5118137590173268 -0.3571890259611692 0.0006342799443169346 0.38299720951142446 -0.03522129042551977 -0.058781716118553734 0.08670136619636412 -0.22318681361441656 -0.16314108987593823
0.02999864095271005 0.0514400605117422 0.21220806488734975 -0.2292118452735412 0.21498992115949614 -0.017170077104178966 -0.19855190107059809 0.2823954003812601 0.13141720946072516 -0.2531156572930418 0.026644840897599772 -0.22959128976793597 0.4229426942381723 -0.3311271439817492 0.047662347248424004 0.43615482392299165 -0.028177487246206036 -0.008776987916226591 0.09501932750136924 -0.21147875597197668 -0.2505726716627313
-0.015921710957791272 0.07836605021274765 0.15786406907717168 -0.28633118101774385 0.1287029750366797 0.11702981378039079 -0.3544176402038906 0.06692378275145318 0.026524585418783282 -0.10025672958597748 -0.13167818273039308 -0.2736296054758969 0.39065326767887115 -0.35784905883601903 0.11769422381681853 0.42257595387262603 -0.07542060936608898 0.005837237003062976 0.05588854661537512 -0.3113396735100686 -0.21098278806119608
-0.02564498257833925 -0.00580090816226313 0.14949134621241061 -0.2945975437301016 0.19823738332424068 0.005710967202304077 -0.24138728571449808 0.09109562872034586 -0.004519449600582715 -0.11165571777621 0.007017664756594648 -0.1578208629302595 0.4611160386364659 -0.44687423956067496 0.1323504214975095 0.37252521264465166 -0.14417974340475648 -0.013691788891536003 0.16713941253604703 -0.28770880027319345 -0.21570546029497953
-0.13855922414361563 -0.06712442462678059 0.1464729188434708 -0.3168213792618446 0.1927276444568549 0.04546157369146332 -0.27676203601719584 0.12172915714392007 0.0442609938012298 -0.20396483612163557 -0.02979383891629005 -0.12165543085757974 0.4980116392891135 -0.294936728860536 0.0675951058952104 0.467572113007295 -0.05186638417152783 -0.008403046357987191 0.13117698876508493 -0.24313570977360294 -0.1652636600269287
-0.06258675672687115 0.0218986154971416 0.10047721576576833 -0.2673931693265026 0.21119274245999486 0.020587748984713085 -0.2430001522035715 0.05869654694647842 0.07791655951844076 -0.2961783943932567 0.04505426178960556 -0.3004060010808973 0.4268976157931848 -0.2727641063196986 0.039344828406370894 0.3883673285949047 0.0685997923249476 -0.021458098470494937 0.26096020730772257 -0.3060089356524256 -0.21093740567908364
0.05998247034890597 -0.005075940651104739 0.021888788464297867 -0.23206901740137645 0.165616481483535 -0.004214013270934049 -0.13332345157216577 0.07389807877756249 0.10336816139812065 -0.16791582460831425 0.018348878617370515 -0.2495733424954615 0.4518132848074527 -0.3900338393911312 0.06781383143246138 0.48391805971723795 -0.037957793220742234 -0.05169866064222642 0.08099519283662902 -0.3405073331637784 -0.26114795373245137
0.053258163048021376 -0.043432402326412954 0.10309975638000832 -0.2219155274864443 0.23982085676792664 0.024288103231284584 -0.23715467961253195 0.14720631217859803 0.19901762663508074 -0.04723774588038908 0.021332264727923406 -0.3088517309463971 0.4270823830181674 -0.4120828671979299 0.03014947947238985 0.4180041588303641 -0.06253080960599973 0.0007319229125268613 0.14246867802414895 -0.23269879654025022 -0.23557684284689864
-0.1930584269705761 0.062370884087148505 0.1435579757686904 -0.28461139092097326 0.1499895723997798 0.01711950388438037 -0.24983779954854263 -0.012365590502120613 0.05379451996476162 -0.17611555834994816 -0.02422882075993057 -0.18325703288955342 0.5703372677152857 -0.31209492171014186 0.09196281556673239 0.387377592891136 0.04736721384492452 -0.04517068131121575 0.048415103335307165 -0.306137022733761 -0.14909373132787243
0.05015966847496589 0.15529714467271302 0.21050409115566035 -0.23255453857736588 0.24563668544477882 -0.018579947599410278 -0.10424186477161232 0.11232484074007464 0.10274813260797004 -0.20506139483677596 0.0009864447696242297 -0.2535884675925058 0.36756867675066834 -0.2701862581393238 0.07375001166337854 0.5138172550545713 -0.03948024323592477 0.06593881613456741 0.018072274832302872 -0.2528566185996333 -0.35520089052694265
-0.0815275216082341 0.13854658731704747 0.21912314721603862 -0.33146270997208577 0.08812181947592893 0.09315991996998468 -0.2736634672360962 0.09076119189452582 0.17044405851917138 -0.20016823149037644 -0.1554580822409206 -0.06283707636142484 0.4670960906619646 -0.2514987347685992 0.09964905609147963 0.3867157375190287 -0.005356293794065993 0.07033845664766757 0.04796395453392724 -0.3106799008548314 -0.27342238843887756
-0.11054149031315628 0.06851800886280136 0.11307517665707872 -0.43177367584653165 0.2661826509685999 0.01667335902364789 -0.17969307158033368 0.01849492987021447 0.10014183116306997 -0.052522546638582406 0.0062364856254309604 -0.20339360113245708 0.4071657565234529 -0.362116247752543 0.024503880381351498 0.2917743457986749 0.10806793033790142 -0.012151600962030284 0.28290771001022896 -0.26583759938659696 -0.2841409102600366
-0.005448187041693155 0.02080260729438183 0.08507194640411925 -0.2092585262843091 -0.06589432174138928 0.005981778493353856 0.049794328981806475 -0.4078233895626182 0.5981880326310356 0.23943175746502202 0.05505274467855453 0.03445465512729616 -0.18847078697894568 -0.02873477575208592 -0.05197465218084571 0.1529231278574708 -0.020432693645256482 -0.3161103785376296 0.23028727123132237 -0.3489363286435911 -0.13562345660185374
-0.00033569848718640103 0.007048070576862893 0.10259224671635012 0.1451397510735369 -0.11044187146485339 -0.04355775572247115 3.6754201146526526e-05 0.07276331980011408 0.43002519319027427 -0.3680793538150101 -0.187207529580472 0.013475856856242379 0.0806280325312799 -0.4635731515324893 -0.21684215184815744 0.006467467958599327 -0.3552998162293169 0.13139082441010588 -0.06775715622461247 0.41325419241137895 0.07747975092140554
0.0335392167206135 0.14358282454577584 0.004723096000285308 -0.23236516085413983 0.043026982849468126 0.041745676143541514 0.1597465057239458 0.21007891045597651 -0.1138802026989535 -0.09012010804692706 0.00991698196679348 0.18656595750413946 0.4927384219199679 -0.3189559271994476 -0.05840570135622579 0.37904445493303607 -0.24065883279660755 -0.16769683533079752 -0.05726943138764666 -0.3891219813356339 -0.2503137944665984
0.0011033282157352274 0.013484180256703348 -0.006908315455455472 -0.3033227616097843 0.062424311173422835 0.011117933361132348 -0.0075657605003074955 -0.14957525231149643 -0.7076525100523353 0.22928055401188815 0.09423367007868987 -0.021231565647899835 -0.18821245265501058 0.33856848394721756 0.19822794869545218 0.020691348639459938 0.244163443762327 -0.024553579499480237 -0.08934913609232939 -0.2343268473135894 0.07586648461253741
0.02110727987780712 -0.05236627235005338 0.06535644400978807 -0.059397487867286186 -0.013137266792576032 0.0005178846212095764 0.06035474773943585 -0.041501879525952 0.06953073153529703 -0.14101442473485834 0.009746313990856166 -0.06293416464057183 0.40707817482025416 -0.21436779177163842 0.0254892738878408 -0.3430036201379807 0.6669940346390835 -0.16743163616094214 -0.32358292998753296 0.2043818434882926 -0.07307434156605148
-0.046141621401295636 0.016274400314317868 0.0051786049962016375 0.11781156249606628 -0.10893158109641182 0.019180971424411754 0.3273447573579887 0.17203902179363142 -0.0370564262412349 -0.6714279846803088 0.16115716334797003 -0.14241746065212876 -0.32680697629685707 0.3787675120907277 -0.07815484196444487 0.13883569749134478 -0.16042225966099366 0.07446733424972432 0.11410274551019162 -0.1259000317749904 -0.021645288664860717
2.3872169183163155e-06 0.03213291400126478 0.02427530440817034 0.07159299841636549 -0.3176042830840233 -0.025400489667267545 0.027546775996523505 0.3931979363830298 -0.2475888146042271 0.21791526820583268 0.013739472104061803 0.262613783822119 0.05841083197818048 0.5333214230642392 0.16266701074346102 -0.17798012669229743 -0.1635056171943109 -0.1720882950737129 -0.2959808216626493 -0.1654052979328814 0.2028210730345569
-0.004641562240707914 -0.14405004084643955 0.31010792870657267 -0.08338891492910194 -0.31177832059939353 0.23863072247772035 -0.18596045743483447 0.27960705801436603 -0.0978019562383365 -0.4578854685919654 0.4463858826976062 -0.10465861496279892 0.07131293129510702 -0.268402498686825 0.1946169779075034 0.10702028925178438 -0.08358871027081334 -0.11152290544008424 0.14377242016325617 -0.11197838166582323 0.025863314190195965
-0.015625653953675517 -0.029982981227893918 0.04805926748309488 0.06604785736702067 -0.031125825990140358 -0.0011589442574770974 0.08170080465238637 0.03979307408626714 -0.07702758893098748 0.0419537087871422 -0.07494930167495131 0.36520538568719924 0.511394409448837 -0.2750609953250175 -0.1822367419403996 0.20711265398378254 0.5993316160672262 0.22148424758390084 -0.0983254063955706 -0.07084196559695599 0.0064528838465104914
-3.6255072931062e-05 -0.0016372744040705407 -0.005868774496645856 0.10110259615647728 -0.18424874288778448 -0.09673699370813439 0.00026807548415305955 0.020135937128630023 0.09862927493631406 -0.5940397221056222 -0.33183804845452525 -0.0025491432641964133 -0.008907608363013901 -0.20521650952903958 -0.32688743101002626 -0.0006431317569621463 -0.41272910957414377 -0.2819407041927086 0.05981000400035042 0.264531503525236 -0.029275496989861805
-0.03991374529765999 0.029844603948326262 0.16982014933399525 -0.2042192695439261 -0.05583251897369305 0.12421012282860085 -0.15725048940611222 0.34415934084213234 -0.2324342856154953 -0.20422526383023928 0.4428441477130679 -0.07281449857652737 0.07620924401524531 -0.33495804936123996 0.4428042356021285 0.11159022661239067 -0.17363449978445225 -0.09411847446985896 0.19477686889339685 -0.25137557493990614 0.03793167368257783
-0.04772392314390989 0.31205274026186286 -0.12837754173488658 -0.1521569668945862 0.05740461995068069 0.008096415458395876 -0.16095292998888 -0.31231825888170783 -0.09033920684700117 0.28236062507784104 -0.04508643266192297 0.4976133707524121 0.0319994535515347 0.24003499951896046 -0.1693380649700498 -0.13458855268971098 -0.2722492370432158 -0.051544852979704556 -0.3450747267718604 0.24259349235166852 0.19033689726037914
-0.0019395588378651513 0.012717148590381139 0.06591376030561955 -0.3506266987765508 -0.049565302863927505 -0.0009008828995994449 -0.009934978902751598 0.21720640719192116 -0.7867398439327131 -0.15182422294934358 0.0014605298595405502 0.06800226557689028 -0.3922883701902287 -0.10149331063361625 0.010473421875685006 -0.07237486060195736 -0.009522260437132911 -0.03498777539783391 -0.033824050682093515 -0.04211363415445999 0.0490715563741583
-0.032727113364123026 -0.06776330256059375 0.13203828940251147 0.40175448078373016 0.20656903523998177 -0.038830455790871805 -0.012407236685243123 -0.25333700665332903 -0.6536458843739777 -0.3582916829293576 0.10716638559324373 0.09002533380962055 0.29825387409249604 0.16049689799685063 -0.107608198462688 -0.0075889577039541046 0.010148899026663619 0.06729619819809168 -0.008671969108708627 -0.02615744141519823 -0.005113158457665838
-0.03275548579008542 -0.06764435655286177 0.13166135497353365 0.4014130763085609 0.20610736064639854 -0.03865907700303279 -0.012807866324927088 -0.25395004349049344 -0.653716653935165 -0.35849910644017313 0.10703553371648755 0.08975417310371343 0.29835533840512923 0.16060074349224107 -0.1075155570993836 -0.007412769972555212 0.010309468007921882 0.0676023641335171 -0.008100482393949386 -0.02605023171917643 -0.005619293667983679
-0.03301300619745033 -0.06756340423035205 0.1315752264550506 0.4018242549004996 0.20654437137266457 -0.038875732499857915 -0.013080591187123913 -0.25354224108578644 -0.6534360765425521 -0.3585292865319727 0.10731529326214931 0.08985656555657841 0.2982719572085974 0.16058129410204738 -0.1076665092501132 -0.007468570661529193 0.010050665389356504 0.06751607950212389 -0.0083767035857744 -0.025859909689211556 -0.00569612335290921
-0.03234034086703073 -0.0676654104435373 0.1317749265396518 0.4016938645215772 0.20615440269676416 -0.0393409379290009 -0.012399546207308364 -0.2532368661666163 -0.6534688064970982 -0.35859747864063113 0.10718340678591139 0.09045457295781 0.29816173687725295 0.1613084121168649 -0.10806964949819703 -0.007740189626951319 0.009677404613583393 0.0673572002227327 -0.0079987905121833 -0.025632973618321415 -0.005243245938814962
-0.032376532300149884 -0.06749800147482177 0.13188148567412403 0.40147557961675684 0.20643524046076733 -0.03888261677240826 -0.012722711411713113 -0.2540223528744291 -0.6535510509775448 -0.3584371335528284 0.10746161227574262 0.09013932891570879 0.2980234287641509 0.16076498860797492 -0.10769313404677021 -0.007747836245439349 0.009981093516297663 0.06744499551342614 -0.008424551336947757 -0.02557086987511669 -0.005485764281893555
-0.03274208428983782 -0.06767678649969143 0.1321799572603108 0.4016353750658711 0.2064623368602709 -0.039174913481472784 -0.012735381981568922 -0.25323824529425437 -0.653845746678246 -0.358407943906244 0.10728554128134114 0.09009055012930971 0.29780029414135395 0.16065416816420372 -0.1076512295843761 -0.007338334086208976 0.010003397763968724 0.06717819257188055 -0.0077666972836159505 -0.02592180482356752 -0.00569736512413959
-0.0326215260643995 -0.06749775985111386 0.1321269155458291 0.4011858735481443 0.2063692802449076 -0.038813765578141694 -0.012135636132377892 -0.25360996030067884 -0.6539411823599226 -0.35847568670993896 0.1071218542524861 0.08982994486643467 0.29810885378505386 0.16094668551069305 -0.10722005699729481 -0.008137279298041948 0.01057224071519935 0.06708248272256846 -0.0076432566571054536 -0.02621359758673439 -0.005595086923908056
-0.032188368593847945 -0.06722398914515819 0.13202633093856808 0.4012792889904126 0.20642858073399886 -0.03887456726214369 -0.01249501775497372 -0.2537112608673247 -0.6535945787543765 -0.35901248071393804 0.10724294352297196 0.08987012464475627 0.2982027360140162 0.16048520619921902 -0.10741386711753197 -0.007603577005669121 0.010442870116154617 0.06733120611119686 -0.00775502416568818 -0.025964767167036416 -0.005744595292370847
-0.03258125362381581 -0.0675466584897446 0.13198331510989508 0.4015756707322812 0.2064473353975062 -0.039193755928815605 -0.012847086107081724 -0.25352428400409605 -0.6535703696698933 -0.3586250472833993 0.10737808768193029 0.08988461859753835 0.29861595806454133 0.16000812269244186 -0.1071965687118693 -0.007902070144000345 0.010009506225143738 0.06726398894886483 -0.007863042952004169 -0.026059391796448787 -0.005328363898343208
-0.03331126388465192 -0.06739636460292911 0.1320397664614093 0.4013598383510553 0.2062260417639294 -0.03928060481294891 -0.01283787094325402 -0.2535362119280156 -0.6534725171807675 -0.35901925656170236 0.10740625906418785 0.09000005501580159 0.29807096171135355 0.16060253476302172 -0.10803793949267514 -0.007684740117744629 0.010602181335649637 0.06715299916031982 -0.007923282746404164 -0.0258478453251544 -0.005048299746143529
-0.032302057120296476 -0.06719644397972209 0.13184121670233925 0.4014077394302683 0.20648469706645128 -0.038517871367097695 -0.012624558232769919 -0.2537855071929422 -0.6535990732776784 -0.35856262842498976 0.10724264970955043 0.09018271598822991 0.298355416166261 0.16048854770038506 -0.10794497549052684 -0.007410066791825395 0.010144516886070338 0.0671155428109259 -0.00805405275197543 -0.025869001826762335 -0.005573592362965853
-0.032220245844492554 -0.06744383515511293 0.131886779471598 0.40145112209940037 0.20624813393157826 -0.03897668102639725 -0.012715766226061784 -0.2533899879409189 -0.6536641639489429 -0.35875145491384425 0.10771004441703876 0.09008487943022092 0.298118909355468 0.16068564565429447 -0.10764014481956075 -0.007532705022215076 0.010097455961338842 0.06721538136280977 -0.007925109507614872 -0.026141313265119478 -0.005502537637016626
-0.032838827314569 -0.06729628899317044 0.13205633442845988 0.4017406700558327 0.20692538805721736 -0.038737697889934364 -0.01256245020379476 -0.2537895824145374 -0.6535269214841009 -0.3582066013817457 0.10710691929476175 0.09019758593798731 0.29812094503785197 0.16083244148664624 -0.10751915588171 -0.007625056973036155 0.00983954604925483 0.06654597458383187 -0.008059739564747705 -0.02597222524295718 -0.005422351647037049
-0.03229811970112868 -0.06725925501870055 0.13186102933405672 0.40160674860271217 0.20640701218355081 -0.03906342981546635 -0.012463652674111607 -0.2535046352197063 -0.6535480539598303 -0.35845079619046477 0.10729079229288509 0.08959795510911818 0.29862757528259015 0.1607483912707783 -0.10765624104127035 -0.007616207064115896 0.010483158862211054 0.06703719458688423 -0.007974421137649788 -0.0263011218745998 -0.005590564999293414
-0.03220425814085244 -0.06781308596988958 0.13152250297325052 0.4015545085145791 0.20628594464846692 -0.03945769586138865 -0.012846936576640213 -0.2538520342755458 -0.6532605763160411 -0.3588978694058669 0.10754135915643788 0.09004568148069705 0.2984628313353175 0.16050079415071297 -0.10749857906433423 -0.00743332986104352 0.010258441936684248 0.06733025914206209 -0.008040128887512783 -0.02624548644942866 -0.005395845190006233
-0.032586298738227285 -0.06677825622351613 0.13154629711095595 0.40153822907164466 0.20685978387659248 -0.038967368532783056 -0.013034464286860763 -0.2534248575282714 -0.6536479890300013 -0.35877987784980514 0.10698057528515387 0.09007222848333461 0.2980919888603083 0.16059179919482286 -0.10732321960776181 -0.007268057535246788 0.010160980485399521 0.06764778295764508 -0.008461441261896964 -0.02653043485399991 -0.0051776619515129145
-0.03300559763424786 -0.06732903471951113 0.1313778776212661 0.40140660090698616 0.20634701488292462 -0.03889198278705086 -0.012434119585180875 -0.25383938963357267 -0.653279037535156 -0.35891949213248575 0.10742043298182992 0.09009895349074581 0.29867506412141864 0.16034365439838064 -0.10776629649403191 -0.007670730325650596 0.01009384453230859 0.06785942736340617 -0.007938817324185736 -0.02568380630685906 -0.006071707450266417
-0.032203632238984564 -0.06751470158384289 0.13176878140706288 0.4018993147453318 0.2062715019015613 -0.039400973484953986 -0.012619583676365549 -0.2540729820401974 -0.6535386715375604 -0.3582501247536112 0.10758964190055552 0.09008004737071079 0.2981301464423127 0.16021889228519848 -0.10730478828494615 -0.007155120387399948 0.010293620251718557 0.06750043062921306 -0.008178104279499486 -0.026044613252242804 -0.005946663766863294
-0.03276350730992255 -0.06677160415412928 0.13202378360536515 0.4016878914760881 0.20668853452217692 -0.03943246150252403 -0.012754041495973475 -0.25369893788686565 -0.6534414631771298 -0.35855929931931085 0.10717818431369207 0.09019307234809876 0.2978292811824547 0.1611517736384577 -0.10778460301606825 -0.0078117973677180545 0.009869953806272442 0.06715272890508364 -0.007812820098193838 -0.025776088522094315 -0.005313744662420122
-0.032530240092928375 -0.06753314055893408 0.131921018255819 0.4014394928237949 0.20628415285344562 -0.03830163070634342 -0.012492165739316387 -0.2534630427959805 -0.6535573488049101 -0.3590990728418238 0.10727529224196974 0.09003504934328514 0.2981044256100947 0.16071035031471415 -0.10775680833178723 -0.007277418199257978 0.010120552349386355 0.06686065481360733 -0.007977766102986084 -0.026027116250582346 -0.005335468207573617
-0.032715195272534324 -0.0669451269266369 0.1315319086512098 0.40184722522071786 0.20628916880567905 -0.03911388396794644 -0.01260064804591694 -0.2536994215255164 -0.6533311646769455 -0.3586824052721844 0.10779914194585978 0.08987851131489077 0.2982305278105602 0.1606060633301251 -0.1079075943603158 -0.00784424094411642 0.010136014486544748 0.06742621607475735 -0.0076507300805855605 -0.026169021349441882 -0.005633754724227382
-0.0327530903887824 -0.06725571896319608 0.13223474606925173 0.40173494774178425 0.2063047175004553 -0.039081300818913575 -0.012284903857764928 -0.25366638153686444 -0.6533413125715731 -0.35872493277123707 0.10743146712903992 0.08974507828736991 0.29859253606763425 0.16039790548249372 -0.10723451826043759 -0.0076904695403800195 0.009926200663128566 0.06708810810134813 -0.008520537476693192 -0.025761824688044 -0.005218468575112835
-0.032612373676405855 -0.0673635917589386 0.13166133385942197 0.4018089458751051 0.20657606389423977 -0.039151472810266104 -0.013235478311626673 -0.25365815654635593 -0.6530804843774048 -0.35892506963218185 0.10709474061600924 0.09041770750128791 0.29859787381230046 0.16018210076421122 -0.10786318027168851 -0.0077567698166606785 0.01012208299444313 0.06734338409440938 -0.00777210904258595 -0.025741127036502512 -0.005394394216149035
-0.03245150381775354 -0.06747232582278628 0.13184635262099867 0.4017442226291578 0.20654221333312983 -0.039456418332695954 -0.012887035907910545 -0.25368760700071286 -0.6532607007300764 -0.358772505396478 0.10711387675252738 0.08991565491720835 0.2983210936805842 0.1604384006051158 -0.10772739810876104 -0.007241261146392175 0.010494099933886985 0.06752266639126393 -0.007670714207599008 -0.02646542309420159 -0.004979120551726115
-0.0328758923764325 -0.0675884641472297 0.1319009001542806 0.4012658814149347 0.20585729405921852 -0.038963141290839484 -0.012327053823376769 -0.2537886690829735 -0.6537394716011692 -0.3584310763366246 0.10722419037964002 0.09044521717984014 0.298476026148915 0.1609204514815084 -0.1072278503655226 -0.007430781228961458 0.010028805236498125 0.06734809491661163 -0.008156972147554368 -0.026192186856428 -0.005661975522521384
-0.03263168452803128 -0.06689173284490307 0.13177523209549138 0.40168953295602455 0.2064213929168077 -0.03862059249385893 -0.012968566821659082 -0.2537629363208781 -0.6536297924909428 -0.3588845572208685 0.10725707369141461 0.0906703626763577 0.2977482024481898 0.1602871431392749 -0.1075097413053996 -0.0077726026774916504 0.010067646759938459 0.06713188211143159 -0.008201330659392674 -0.025571707792655322 -0.005211380211404205
-0.031907923791386544 -0.06678397359990206 0.13180968172301047 0.4019356396474287 0.2061282039706048 -0.03861095198084183 -0.012717703245681488 -0.25337369220601647 -0.6534320305640855 -0.3590067948717629 0.10747583798635518 0.09017566689094919 0.2980562301733959 0.16054459538566265 -0.10784962440902772 -0.007437676645665345 0.010182512564412695 0.06732419033706158 -0.007811768345153896 -0.026189339902329703 -0.005660505535429757
-0.032307197695034685 -0.06749807052360843 0.13209107250955057 0.40169030710358755 0.20618562417550337 -0.03870176819557498 -0.012511753363788443 -0.25401441787295737 -0.6535390472870092 -0.3583263320150379 0.10763929826353341 0.09003797946243762 0.298205462243882 0.16051432139567617 -0.10748616061124108 -0.007560679625574509 0.010094094880853931 0.06722154941778369 -0.008011694412394244 -0.026139755530770296 -0.005736395043441654
-0.03276441710058628 -0.06708358330902388 0.13188926032389442 0.401379475063919 0.2064651702805968 -0.0388206780290114 -0.012470689417357976 -0.2539491790473617 -0.6535247700453576 -0.35861687754314564 0.10705891918271944 0.09036713757380013 0.2981861800314167 0.16083137036004164 -0.10753053365292058 -0.007668321283142035 0.010335982485233305 0.0672978561659299 -0.008204009434849875 -0.026071179215290268 -0.005540429321959422
-0.03244445446563056 -0.0672215943126096 0.13178733888508723 0.40182571091525543 0.20618447709258397 -0.03900544388503634 -0.012611986760135509 -0.2539983265430149 -0.6535119675502988 -0.35843468530733436 0.10736230629761688 0.09037905640796033 0.2981843198656188 0.16028745961977794 -0.10776152840351942 -0.007647854843347989 0.009782282646171023 0.06714737902436557 -0.007792883667933255 -0.025910950403514498 -0.005216863974597855
-0.032162922747215585 -0.06742678323094664 0.1314174206341013 0.4018025183120808 0.2063902706967889 -0.03895806350827553 -0.012908464557585075 -0.25383171117724995 -0.6533228761244774 -0.35856639265883516 0.10749062361792727 0.09006717826668659 0.29819892739214116 0.16086681870704334 -0.10807437986719112 -0.0076901669945384065 0.00984367502570635 0.06731984017516716 -0.007851747228168957 -0.02572337254525469 -0.005693750091727281
-0.03247235976320166 -0.06680351283406788 0.13141645475581626 0.40190811859667946 0.2059217042215294 -0.038404570132904554 -0.01244689081154875 -0.25370302985683896 -0.653652386802086 -0.3586705242173842 0.1071500689990416 0.09030009700328478 0.29810244034229505 0.1605757732558572 -0.10776386169484865 -0.007789046224801818 0.010018823575382434 0.0674833202129436 -0.007681378677186937 -0.025965412138672494 -0.005606009475950772
-0.03182386082996036 -0.06766562906400993 0.1317334758987686 0.4016834355871254 0.20650975990194723 -0.039453231318050876 -0.012675961851954996 -0.25364156002291904 -0.653356313604576 -0.35848654159304605 0.10755415187814087 0.08980433589107177 0.2985823531503253 0.16081862984875833 -0.10748733800886896 -0.007782466574241746 0.009775343866705845 0.06700499949876812 -0.008074465543600647 -0.02611916774891101 -0.005213782678915747
-0.03232894445893827 -0.0674548707627799 0.13156736310651476 0.4012780341251091 0.20612148224991853 -0.03889341723509827 -0.012352948353347337 -0.25372756790372186 -0.6538090241973658 -0.3585599275588061 0.10747342545341666 0.09007158383803684 0.2984870247989768 0.16011252541363863 -0.107857050520992 -0.007715367382241476 0.010010309565915858 0.06751325094255234 -0.007632871209058088 -0.026074481523052168 -0.005209781438872804
-0.03270578038596548 -0.06764694920950304 0.13165316719648779 0.4011952237342735 0.2070765265485881 -0.03906435913614015 -0.012394424171897438 -0.253518459911972 -0.6534730547953506 -0.35913434335280936 0.10709542602727902 0.08982959364423419 0.2977550648529507 0.16126427642621335 -0.10746872275385923 -0.007558091481676512 0.009747350751574202 0.06748389939860089 -0.008177926755911627 -0.025982667346304673 -0.005182395836582628
-0.032091498435301395 -0.06715593794205027 0.13196755625220125 0.40136303086716824 0.20657034112344858 -0.039417155868892675 -0.012835622496218928 -0.2535206466142307 -0.6537300150593316 -0.3585597416142463 0.10736749597367047 0.08989486531612255 0.2981120108537842 0.16069416629387184 -0.10757270500857591 -0.007293372359193549 0.009738327017320116 0.06761076586139553 -0.007854503807791225 -0.02598329061772738 -0.0056373195729012724
-0.032629642138840086 -0.06704815209746441 0.13165272251929924 0.40141128992120945 0.2066178057608422 -0.038871634686853056 -0.012883791549327962 -0.2534196938941075 -0.653761341503171 -0.35833655313236845 0.10738063373559041 0.08976439613303865 0.2982588510259949 0.16081951259341334 -0.10793967160925214 -0.007811489214519863 0.010084598123120354 0.06752206733052822 -0.007732817294772203 -0.02660328663351477 -0.005291459839027783
-0.03279983489877413 -0.0674417965336729 0.13153921176366604 0.4018803184054744 0.20625073955793552 -0.039239841753364826 -0.012667831234662025 -0.25344789144616037 -0.6532662736688576 -0.35888256481003183 0.10711175835139251 0.08978153245592271 0.2984238229641034 0.16078393219895548 -0.10790070517454346 -0.007523837925398126 0.01006043609025129 0.06737139041604225 -0.007725803271458706 -0.02581967727475542 -0.005378319922752981
-0.03267169883428935 -0.06711037524228884 0.13196923741632155 0.4016486590353528 0.20649772775255273 -0.03871514218439356 -0.012845340766116348 -0.2535341081074292 -0.653815857323299 -0.3584474241008244 0.10756373858895572 0.08985427667978402 0.2977319196605312 0.16080914263920473 -0.10767424117262785 -0.0072681862632993244 0.009818026580391468 0.06693392396470677 -0.007911617043299393 -0.026184612791141915 -0.005274047625864798
-0.03278510870411402 -0.06751677009470346 0.1311790912596759 0.4017683053793671 0.20603264677073505 -0.038731500090434155 -0.012589221763185264 -0.2536894066716237 -0.6537076140209302 -0.3583010253202997 0.1074627658559454 0.09003968164592775 0.29852305007334146 0.1603390098782089 -0.10744090052639628 -0.007976573473348044 0.010313325556624621 0.06768178397920224 -0.008277844267708273 -0.026252503988663342 -0.005400531689031922
-0.03300397915648786 -0.06742880720045526 0.13153949703405096 0.40179139576568706 0.2061692549902615 -0.03915530296140453 -0.01267033942334153 -0.2531785941643687 -0.6535078347835261 -0.35878866728076775 0.10684606972096292 0.09056898751457297 0.29827763133616725 0.1610325664192404 -0.10770127618621667 -0.007566347160867873 0.010039719765930467 0.06708926544748707 -0.007211113983023993 -0.02584158562062399 -0.0051252605557943936
-0.032615324432507205 -0.06722775517989349 0.13157180061528811 0.4019524393703229 0.2066567428656512 -0.038706820883801646 -0.012598769999604194 -0.25333262568395254 -0.6536354431939878 -0.35902754995845326 0.10695814889254077 0.09000451030864816 0.29793829572833713 0.16008383239734572 -0.10720110841471732 -0.00731865031261666 0.010091082556569072 0.06712359290172963 -0.008216764383004744 -0.026033644162844927 -0.005008566336848984
-0.03199225702875539 -0.06735522887426523 0.13219300886922386 0.40157779584933423 0.20650089733451757 -0.03892125997514175 -0.012522494362059043 -0.25355043891717116 -0.653703191590362 -0.35856292159871467 0.10716703011093125 0.08983423509212012 0.2979192313669875 0.1609110931162787 -0.10773265654059029 -0.0073861609408709715 0.010070192283168824 0.06702900896429399 -0.00792036290291081 -0.025424006410223327 -0.005932646399417468
-0.0322188571191508 -0.06731103191202809 0.13136121048071997 0.4014815036047472 0.206648088270443 -0.039000734008392664 -0.01272996012822374 -0.2535138606064775 -0.6536258352776841 -0.35855394910528254 0.1074572963382162 0.09009773890460991 0.2983634467134651 0.1606209071762516 -0.1074905041209406 -0.007629585901661425 0.010364531827506246 0.06774020154646769 -0.007964138822561287 -0.025746038514592284 -0.005015987460605265
-0.03238735711164163 -0.06728096806245587 0.13156007840435577 0.40139415727805633 0.2067556964373921 -0.039443652354530484 -0.01249094481348172 -0.2535360566313473 -0.6537724913493154 -0.3585481309126166 0.10729265339244093 0.08964429191805041 0.29829067170558504 0.1601796817361999 -0.10778834396262231 -0.007452808414224728 0.01025890597513167 0.06753947225227137 -0.007973814200504643 -0.02584758077561685 -0.005334302098261156
-0.031691652266883294 -0.06691637604509994 0.1315745809066555 0.4019273579840595 0.2066180066408214 -0.038964073650845525 -0.012860841566995958 -0.25369428329662974 -0.6535002060545877 -0.3586029517450862 0.10683670290051667 0.09054186693912 0.2981767049441526 0.16032981593788398 -0.10755308568966572 -0.007700196185852172 0.010260873647832337 0.06742182428640559 -0.00820708013201731 -0.02573455532021061 -0.005648099510932622
-0.03265896214731494 -0.06724780680620115 0.13168487947826588 0.4014030713536138 0.20663147672286042 -0.038857271862033256 -0.01265403641048642 -0.2536097411435652 -0.6538426314116381 -0.3584765658198102 0.10713961290163045 0.08992242020934264 0.2982407832956689 0.1604185049435016 -0.1075828223102255 -0.007277045230758044 0.010138572757180489 0.06715004647754384 -0.008025831914033095 -0.025766771867462852 -0.005638936201814539
-0.03218439931136431 -0.06730055824316662 0.1315236484810184 0.401173985661908 0.20621503774696115 -0.038672150094852774 -0.012508218859981875 -0.2537697633695794 -0.6536898047610102 -0.3588617004202663 0.10741868954837583 0.08985944181645159 0.2985985374340681 0.16005055385159112 -0.10809398140215912 -0.00759195159233151 0.010229020448097117 0.06739633646431092 -0.007430994414072776 -0.025724176447719748 -0.005603322108133657
-0.03289992904912609 -0.06742925884748616 0.13137615786958076 0.40130303456066185 0.20638992478993964 -0.03881994865908202 -0.013106849129289567 -0.2537501005879258 -0.6534000660855039 -0.35885774121120345 0.10780574864791552 0.089977399329909 0.2985040243198012 0.1607035999315035 -0.1078692582118773 -0.007862429688464788 0.010056236388661639 0.06694793460077919 -0.00765112242260252 -0.02596300520409265 -0.005493159384707669
-0.03247063026713857 -0.06719862417743692 0.1316911108566696 0.40166698293448944 0.2064603878150921 -0.038747232014387345 -0.012736227609748702 -0.25369801740857745 -0.6537483314148993 -0.35849057112078214 0.10732303928709312 0.0899145897678896 0.29812547543536855 0.1607315314545546 -0.10708017949647619 -0.007811148805373016 0.009863105627090214 0.06705621326998967 -0.008136038443437842 -0.025740356535189163 -0.005525801123105805
-0.032217835493015844 -0.06719499525022864 0.13138417599157032 0.40189062906282647 0.20599343164574538 -0.03907863245820002 -0.012641689748808943 -0.2538882742243253 -0.6534950180651702 -0.3588448789835507 0.10699988140971436 0.09019383558058718 0.29796992553322255 0.1607545016906948 -0.10786477369255423 -0.007315674522235462 0.010099605625523464 0.06719653199908887 -0.00804572520382511 -0.025567188248510304 -0.005288549845800441
-0.032589155316520776 -0.06742429298971457 0.1315321513230698 0.4015446460000609 0.2069548908305241 -0.03904646655301784 -0.012653785538937317 -0.25342507003597775 -0.6538214684558128 -0.3582078670382602 0.10732762057991842 0.08994708332135354 0.298313810689263 0.16037925596285899 -0.10746527942870372 -0.007681873800763647 0.010210426197724005 0.06714949665490477 -0.008557589899171476 -0.025974171554533923 -0.005200889574320228
-0.03238202338516499 -0.06748134755746321 0.13177748635075043 0.40142673274873614 0.2066846474275916 -0.03899049767114075 -0.012955039743104075 -0.25354039171872084 -0.653832800854215 -0.3582854593076697 0.10774506597169384 0.08994785593746989 0.2980575566370976 0.16056483935458166 -0.10757169531946312 -0.007556976331817518 0.010119349570442677 0.06717721760906055 -0.008039037048851217 -0.025949788464280296 -0.005728125111880445
-0.03249608810382067 -0.06747978543033926 0.13159592783887178 0.4013864769570992 0.20651794346187816 -0.03877962940681593 -0.012873176295263997 -0.25366908281845435 -0.6536700308543034 -0.3588740081985976 0.10699970192460592 0.09006103243539505 0.2982056891629001 0.16056018143408335 -0.10743585971726712 -0.008009541898551832 0.010103364303879779 0.06705319285342998 -0.007695181764057236 -0.025716786628571523 -0.0052971554769563065
-0.03242977605754428 -0.06710781551074023 0.13171721085133006 0.4017164365317561 0.20685481773198675 -0.03892796143990709 -0.013067809567004575 -0.2538244606404227 -0.6532262616814891 -0.35880743934574855 0.10681272861147031 0.09017231225941685 0.2981495577164465 0.1607435977238027 -0.107607673205773 -0.007998714712644423 0.010112331221197179 0.06769838917656644 -0.0080639169698727 -0.02595098920000111 -0.005586375064305915
-0.031897439449823234 -0.06745178282127223 0.13181246576989294 0.40149158086864795 0.2066904272641471 -0.03869830202283421 -0.012503750932778388 -0.254107674541166 -0.653566833017277 -0.3582554571439092 0.1072248040709323 0.08984317956161356 0.29824936890116316 0.16075836362418158 -0.10759502939951197 -0.007281391382492059 0.009622212912085638 0.06780925614020569 -0.007761492999464933 -0.02543426040775015 -0.00531459610181552
-0.0325931239125731 -0.0675490151004057 0.13153901931036294 0.4015075775064793 0.20660731603335342 -0.038774765269841166 -0.012657979460629071 -0.2534598152432791 -0.6539630106652629 -0.35831284960223114 0.10704880290563192 0.08989877773062663 0.29832879540339524 0.16019527133625905 -0.10746740359442607 -0.007810005326248987 0.01031004397899416 0.0673168917623038 -0.007895609032864051 -0.025905498741435794 -0.005542388039963216
-0.03240359207346909 -0.06703023011563741 0.13175726388151637 0.4016733017113707 0.20656686007563121 -0.03876529783717127 -0.012917222025300748 -0.25354204173142003 -0.6535955340852723 -0.3585779823137424 0.10745614951667319 0.0897225339148985 0.2982880836963439 0.16033885371961418 -0.10780430976492958 -0.007637579206645397 0.010211066805379324 0.06728784649998375 -0.007591895211217211 -0.0261382701238686 -0.005749293460557537
-0.032412900447439656 -0.0675017880439418 0.131682724029318 0.4013097325444398 0.20675982342097146 -0.038666856962333865 -0.012949153471862544 -0.2533762205028631 -0.6535780213212786 -0.35893045388515626 0.1073046000961788 0.08988477318739367 0.2982087921803662 0.16082882436030896 -0.10779546055762637 -0.0076992845127410465 0.009695107236998929 0.0669566743255334 -0.008002758544759913 -0.025716932793104816 -0.0051136996301353104
-0.03187939482715157 -0.06731578039966866 0.13200086433065358 0.40178655200022184 0.20630197173050333 -0.03907043548422934 -0.012651801822748249 -0.2538600953569237 -0.6533867286421756 -0.3587666284710705 0.10725280167625446 0.09002922020866155 0.2979120196376176 0.16079144880008087 -0.10777457370903992 -0.007563928041251868 0.009967594610089107 0.06731262209419776 -0.008041394464597722 -0.02581772245156129 -0.005280235804717026
-0.03176791407726099 -0.06691891701703777 0.13135945032189586 0.40176117564978603 0.2061003391834985 -0.03850556058730221 -0.012746859918067571 -0.253777867727623 -0.6534581780367325 -0.3588575437803966 0.10753528865291288 0.08936746976049245 0.2983690397335046 0.16084436160842683 -0.10803483409818833 -0.007745049448030613 0.010060714715130988 0.06710162119355316 -0.007776874485824359 -0.025739550997112316 -0.005434197090116146
-0.03258516973382941 -0.0674910263549951 0.13179850572544533 0.40150470534690225 0.20640327693737381 -0.038828221701156455 -0.012736663172654417 -0.25367304659043494 -0.6536778156858603 -0.3586353249240027 0.10712197784657833 0.09009127509696009 0.2982332235737701 0.1603422523361054 -0.10764123533204024 -0.007307674719674106 0.010057710405638352 0.06720980201520743 -0.00794745386863374 -0.025987564258414076 -0.005386292455402213
-0.03204662081847909 -0.06714845659440673 0.131631644013788 0.4019579630584558 0.20656992526332071 -0.03887109201499094 -0.013541304671131916 -0.25350724020660764 -0.6533957953395364 -0.3588145637689095 0.10734419338696279 0.08988002455295975 0.2979658550549988 0.16076579582638895 -0.10764538927112441 -0.007602273102631312 0.010283275729515488 0.06710690834039407 -0.008202724450427511 -0.026091214114074324 -0.005360501976099829
-0.0323330037327971 -0.06721509252804353 0.1318189974586109 0.40137513835076766 0.20665319136218524 -0.039070930518095445 -0.01256556667482904 -0.25307542913611414 -0.6534541098400557 -0.3588353721821253 0.10770184033857157 0.09014535671100087 0.29861112392583233 0.1606311874635444 -0.10784309164162449 -0.007327371421649445 0.009928381019617256 0.0670826870822596 -0.00803889633227344 -0.02604802587745662 -0.005809957570547861
-0.0326544453654607 -0.0675390664675115 0.13186302491509508 0.40144002829635234 0.2071035459789025 -0.03937103180094284 -0.012582152934308255 -0.2531664773428549 -0.653758936930542 -0.3585596000757611 0.10712873948199267 0.09035226017962415 0.29813185713171464 0.1605475544874997 -0.10710184548122122 -0.00761712306018871 0.009992843799101416 0.06694546147440139 -0.008122701063176073 -0.025781961014649846 -0.005626390175969758
-0.03247986026964743 -0.06794699485234035 0.13210307311360542 0.4015249317749395 0.20625696623490852 -0.03933261011218509 -0.012532117560383608 -0.25376378603592215 -0.6535394602210308 -0.3587232376495532 0.10716816821726095 0.08967186969526457 0.2980384520125548 0.16079966822223785 -0.10764945133725846 -0.007854309922738235 0.010507256024411925 0.06699846706950664 -0.007645558162033446 -0.025913950660732665 -0.005262076513412478
-0.03225197114674393 -0.06759739581101902 0.1317093383734686 0.4012636432830546 0.20664261582752988 -0.03915056249715829 -0.012096246684821964 -0.25347680122167837 -0.6533716962187844 -0.3588998361391932 0.10757769110225864 0.09021803767981647 0.29868964145383087 0.16074271955043581 -0.10718417653441845 -0.007703658333021277 0.009898184538335542 0.06746625867646379 -0.007830701572845699 -0.025372868153755133 -0.0052522375994196
-0.03265248248089926 -0.06699778187392032 0.13159889537752315 0.40144357447203965 0.20643785103820522 -0.03882607224307928 -0.012981696875072245 -0.254133860816147 -0.6532939629421695 -0.35882025183345406 0.10754334005439882 0.08993277933781924 0.2984162137203375 0.16036893090933532 -0.10777226758331764 -0.007680166895544008 0.010103947542161975 0.06759879843782217 -0.008204076833144872 -0.026171719841361574 -0.005160009504260615
-0.03230674080595843 -0.06701543184657291 0.13228318007422982 0.4015825212900578 0.20637616071597456 -0.03890071624444307 -0.013134829618673044 -0.2535726031576381 -0.6535119684669476 -0.35887617038391606 0.10741952149326006 0.09004362412112378 0.29800450630325026 0.160896711450124 -0.10737984764295247 -0.007463475362494789 0.009856858780970664 0.06682202610197016 -0.008021375777184491 -0.025844890358689525 -0.005463535149138229
-0.0321565333232188 -0.06767026923421643 0.13177116456100166 0.40119302700207765 0.2066353704269049 -0.03900777009472952 -0.012603232143947126 -0.2540533888838815 -0.6535205079118773 -0.35837653293329463 0.10733802360912209 0.0899620660269033 0.2984777822155687 0.16067277764366586 -0.10779844698796182 -0.00787547431991436 0.010085006188261565 0.06740795439576827 -0.007699082976814072 -0.02617676367036717 -0.0055449095773918156
-0.03267708710349063 -0.06734702671781458 0.1322203741289157 0.40166367098065886 0.20606447609472275 -0.03925779253146298 -0.012397895405907949 -0.2543325788089092 -0.6534865878347832 -0.3583425227971763 0.10741936367319332 0.08996723065839385 0.29810443069854364 0.1605592988801817 -0.10750292859115838 -0.007405261820227713 0.010030055003178218 0.06720966133635653 -0.008034526739037307 -0.02617546083319585 -0.005131280276650344
-0.03253510720540429 -0.06706455078244733 0.13174934735931262 0.4012788012411823 0.20720364871382208 -0.039071201766709 -0.012901463798945224 -0.2533579671446454 -0.6534648956705548 -0.3587768584791158 0.10725073284705838 0.09017617873532169 0.29838319847711237 0.16072886824292504 -0.10761642411880924 -0.007213768671086106 0.009344834020800935 0.06717484506570631 -0.008000257398132463 -0.026073390435218818 -0.005451047690583073
-0.032950900942915 -0.06779423612051028 0.13174264516580123 0.4016355569804508 0.2062410893328361 -0.03854135232912859 -0.01293897779660907 -0.2535592315428565 -0.6531375393376913 -0.35889715724951765 0.10741867546535314 0.08991475064644966 0.29836522606821586 0.16135652067861966 -0.10772629263536321 -0.007960938216600755 0.010195234203403278 0.06738169547065727 -0.007949144833708788 -0.026093073188834102 -0.006068201226299668
-0.0325548577079895 -0.06756234058884782 0.13139912002659548 0.40146077017574583 0.20664016032029006 -0.039073059422448694 -0.01273457597410469 -0.25362903443235707 -0.6536392128963865 -0.35850459208106494 0.10783333765117874 0.09067173349120329 0.2978492262156865 0.1609183304619232 -0.10757232242321685 -0.007621621055548207 0.01001189321458454 0.06689728876611543 -0.00803446427805977 -0.026394311314080918 -0.00526301287131221
-0.03230420702144031 -0.06762387609687845 0.13212092234951195 0.40118225595645357 0.20620283546880572 -0.039065376625222026 -0.012603179173259522 -0.25375675581066953 -0.6534646583473085 -0.35906126290889645 0.10761225029568425 0.08990501749027321 0.2982485975677402 0.16064514916063816 -0.1076435038983025 -0.007424171666342665 0.0101276348190158 0.06719389477094577 -0.00813233528380693 -0.025803628141394565 -0.005293691321737771
-0.032410922526395096 -0.06744682241400347 0.132163762320758 0.4013003924719489 0.20643610763795217 -0.038915332478896274 -0.012764495180956714 -0.25373505479270786 -0.6535435649356278 -0.3583767654737545 0.10736547016023446 0.08980604457667245 0.29878771336020904 0.16040618626001427 -0.10780816291222929 -0.00758651259958812 0.009709863538250391 0.06727324154987618 -0.007988099461662162 -0.025958552403296024 -0.005377916183106821
-0.032267647554315604 -0.06735154633250513 0.13215472206224438 0.4016129905726442 0.20643801302365836 -0.038896546793471695 -0.01292385273303447 -0.25353934506482134 -0.6538701772727223 -0.3581781162129291 0.10693750354370829 0.08976314076821426 0.297890581467965 0.16113034245956048 -0.10773335969859738 -0.007357362479081951 0.010240999048548534 0.06727141870461818 -0.008271404149956023 -0.025697525197582022 -0.005793654863154789
-0.03213243676457754 -0.06740570868993871 0.13169311009967624 0.4015229989142947 0.20657729032657873 -0.03895715925178235 -0.013122550903028173 -0.25380674409364506 -0.653581831825103 -0.3584754864811867 0.10710554043704067 0.0899875977736883 0.29840080236583333 0.1604125318658745 -0.10794273152268173 -0.007152358012115595 0.0098682558983004 0.06718565007786617 -0.008488989450211546 -0.025400348529497352 -0.005337408006041307
-0.03258971939742146 -0.06753745878865612 0.13141376256246193 0.40163698999254227 0.2065594400650808 -0.039075931439258735 -0.012656622750699443 -0.2536539061269928 -0.6534778049976115 -0.35887862718770225 0.1073268455710372 0.09053607223577105 0.298085445551675 0.16031284811160768 -0.10754975677440264 -0.007461745666157707 0.010305520396198016 0.06710874838754603 -0.007707727303320135 -0.026042994478448624 -0.005690428189236484
-0.03257156505318819 -0.06751044015394772 0.13217537797581325 0.4016144643592046 0.20677198111591083 -0.038974096824668285 -0.012400626750914088 -0.2537628566835454 -0.6533331320850938 -0.3585403174058297 0.10735453544088341 0.08975923154159417 0.2980819068968221 0.1606041394792162 -0.10791258291813882 -0.007702620810559924 0.01000978100746944 0.06767314560495458 -0.00812066362181598 -0.026315703718892816 -0.005252862093744481
-0.03253738158538217 -0.0673843104196491 0.13167261842106473 0.40174278580149747 0.20645580341916417 -0.03880474196378047 -0.012557351263682048 -0.25315707599653103 -0.6535093246321353 -0.35897053355637554 0.10726226312205452 0.08991665078663078 0.29811488219720644 0.1611403463134865 -0.10742866629215408 -0.007514162844574635 0.009890939171361244 0.06681536122315936 -0.007858816480578481 -0.02595065263417483 -0.005644104520715176
-0.03256758255685747 -0.06775010179698564 0.13152795076025034 0.40152301400051316 0.20643772045602618 -0.03902772287161286 -0.012096756441736575 -0.25365222581333446 -0.6532555360440143 -0.3590105917012258 0.10727586798048175 0.09012830990311303 0.2984097538677927 0.16071685694752316 -0.10776495827046925 -0.007542168806855953 0.010361144882967448 0.06717553942263929 -0.007863667195164946 -0.026043168215075893 -0.0056912517487823005
-0.03293935811839725 -0.0674394691790606 0.13191835243533143 0.4015730938214921 0.2064176045749687 -0.038551309957058584 -0.012679643024161311 -0.2535912325808762 -0.6536876179508555 -0.35862896892184964 0.10734565087883385 0.09014023910296588 0.2982010551365066 0.16021587676268573 -0.10749115222589817 -0.007846976434215388 0.010151880055112084 0.06698876127185488 -0.008512828666591232 -0.025983641880537728 -0.004702663670418641
-0.032529191009413885 -0.06728589119158608 0.131877713926653 0.4017391857683922 0.20672275308525975 -0.03915473932686328 -0.012805854267510462 -0.25310148368631197 -0.6536766760713052 -0.35827879075885743 0.1076865673776862 0.09001400654960996 0.2981757625953246 0.1608137303021393 -0.10729465985581539 -0.008001629570675224 0.009754819956287695 0.0674151560391204 -0.008070017925981743 -0.02645138401392849 -0.005480474775728446
-0.03279123583375911 -0.06730407594822858 0.13173206053125908 0.401600130502097 0.20633657915591905 -0.03901002635607327 -0.012729058208947557 -0.2534813508893669 -0.6535501126427734 -0.3586857720347884 0.10728444320737944 0.0897285196996233 0.29847620237192124 0.16051976337871496 -0.1076891768131158 -0.007778570434967259 0.00960130893152487 0.06747857833512419 -0.008076520105852695 -0.02553649472584422 -0.005303245577421957
-0.03248871126457222 -0.06764931513590901 0.13177516367197195 0.40152377260993083 0.20643092449576383 -0.039167070927513516 -0.013048391669671044 -0.2535167944470333 -0.6534831937486115 -0.35884668394663105 0.10719237319748186 0.08993828734570097 0.29842108539337403 0.16064672613650766 -0.10725669362080366 -0.00739640315521828 0.009893408883330986 0.06731558908591728 -0.008225058494665583 -0.025510493370267503 -0.005827185176943624
-0.03259711994855997 -0.06756396655640817 0.1318773467028154 0.4016263694874214 0.20634845155341036 -0.03916552156920642 -0.01278224545782279 -0.25374011737294966 -0.6536314309237081 -0.3582667277984301 0.10766761835051651 0.09040377259413125 0.2978548844444033 0.16075681078794943 -0.10785691769503698 -0.007911823207590624 0.010235316789196099 0.06726735226046864 -0.008126948863489412 -0.02612715945682413 -0.005246368266216322
-0.032692190968178325 -0.06720886936220191 0.13132363191513038 0.40148100263690606 0.20672247546271116 -0.03899670690269432 -0.012527653725663716 -0.25322583995786396 -0.6538421728314824 -0.35878045999551356 0.10740532363906125 0.08989688974334925 0.2979497282782108 0.16027620377754284 -0.10778988368940487 -0.0075704178779854745 0.009996218959644029 0.06770105573663522 -0.007710877641287526 -0.026213670951104457 -0.005224938266864648
-0.03212170168246822 -0.06757907880619171 0.13152749653418905 0.40162684825211015 0.20663313052425472 -0.03921143473240259 -0.012942256844888367 -0.2536180698547742 -0.6532157151994888 -0.3588921879407086 0.1076769315367922 0.08944885131126967 0.29856267279100135 0.16062300641469376 -0.10777618302454002 -0.007576187119272235 0.010097333759815488 0.06706146055084614 -0.007672159253916668 -0.026103428666991696 -0.005610685441854991
-0.032482136342921554 -0.06750998788914994 0.13146259163824411 0.4012651908741428 0.20615223551586387 -0.039026267177543934 -0.012778692340572063 -0.25381686994350333 -0.6538536476003884 -0.35853076023919117 0.10726510501271216 0.09008906772473678 0.2982961791149744 0.16080353465583405 -0.10737803654617535 -0.0075281650962182095 0.009922358633593644 0.0671036181904495 -0.007831416533022035 -0.026006165146072246 -0.005311181344019092
-0.03205177795358967 -0.06755880325738277 0.13187007567394848 0.4014298153913477 0.2066620922578102 -0.03854767399884127 -0.012723854205302953 -0.25364600377760055 -0.6531627406656013 -0.3588187803187086 0.10739715053401448 0.0903098965471623 0.2984898416318598 0.16078803224076055 -0.10808548313617364 -0.00747528357233426 0.01021458926794245 0.06764787457359002 -0.007430162534294666 -0.025904165233704778 -0.004785428389922961
-0.032796212919484216 -0.0675211426012561 0.13203433049153557 0.4015914080181675 0.20617981278199166 -0.0385184218289788 -0.012574279910336437 -0.2534643937374289 -0.653625768032291 -0.3586394206656284 0.10731384599573471 0.09010028181537849 0.2982385969967059 0.16070122027828798 -0.10776662168678183 -0.007472309047407908 0.009824560237638042 0.06702519802676327 -0.008108751429501921 -0.025488187237039106 -0.005688767117030687
-0.03243160748067126 -0.06731559718158261 0.13183794094207735 0.4017812488159005 0.20597824075544974 -0.039262341477372786 -0.013003674374110428 -0.2540014524310404 -0.6536122216816794 -0.35859740014513514 0.10765725626022532 0.08957281450008925 0.2979123456242689 0.1607241475788629 -0.10747993457332326 -0.007445182634466826 0.010427829597149621 0.06690884676133474 -0.007959548552379729 -0.02587736350346059 -0.005354470739124443
-0.03290462850013543 -0.06704111519109003 0.13153360170701384 0.4015278910001117 0.20676094197589812 -0.03914281694327175 -0.012835954943999915 -0.25339782059999677 -0.6535249859502437 -0.35909197093038725 0.107197391723312 0.08941123618240332 0.2981204308559536 0.16072221456287436 -0.10746672205322615 -0.00763141958854045 0.010149069234675871 0.06737680027377277 -0.007889190601498777 -0.02571846520466497 -0.005558897310389435
-0.0328010492087145 -0.06743627346236122 0.1315716611202811 0.4013005281910445 0.20629025145859362 -0.03894176052891831 -0.012977814088618946 -0.2538008089714083 -0.6534043870563687 -0.358865698335431 0.10732562170665567 0.09008349379384076 0.2985439556053806 0.1606298064780682 -0.10779828307859324 -0.007361815108164015 0.010231580418013973 0.06737329262068276 -0.00837860269759278 -0.02573272625759108 -0.005549748963769147
-0.032822159272388615 -0.06768355595319187 0.1315338435378708 0.4014031739847343 0.20643158008390763 -0.0396236927601983 -0.012552023150963158 -0.2537291014258394 -0.6535541654181193 -0.35876507854776124 0.1073355994167217 0.09029688966902794 0.2983559821361709 0.16038893119624115 -0.10727920723072538 -0.007540508305707175 0.010010418116361705 0.06730039424342454 -0.008151314309228082 -0.025317854406753198 -0.005698380290500617
-0.0327809076711309 -0.0675101382106243 0.1315882122235808 0.40171227023772493 0.20672975035137617 -0.03904599874139471 -0.012554948265223286 -0.25344979096000647 -0.6532770959746672 -0.3586997091493294 0.1074209914590368 0.09000534213336428 0.2980851150757265 0.16098183400727878 -0.10805096185837013 -0.0076466654572263345 0.009787391578581316 0.06768430332621485 -0.007980650368913536 -0.02585631063021582 -0.005843127121366575
-0.03220888665917353 -0.0673645944242866 0.13160861643162716 0.40176382379282877 0.2062374280212479 -0.039000235945856374 -0.012764067696851412 -0.25366893013715486 -0.6533384158672833 -0.3586621475824068 0.10707880534604926 0.09027524302640286 0.29865613652362544 0.16060473235743022 -0.10741946662683655 -0.00716755592836315 0.009878840298556924 0.0675527019152413 -0.008471082380564095 -0.02592572954220075 -0.005848180631491018
-0.032378759326636856 -0.06728386691682867 0.13175238758217264 0.4017441896748096 0.20615005614719373 -0.03924589364133352 -0.012728753444862075 -0.2537782415478686 -0.6536252772177542 -0.35858748543281027 0.107185828517611 0.08965762336774033 0.29800750468465087 0.16070850715296114 -0.10784825980670001 -0.007197116791260587 0.010015433676053323 0.06732759727218961 -0.007828593983059696 -0.026242744338451432 -0.004858419298547015
-0.032389246333541594 -0.06689301322370234 0.13201878512166815 0.4014716991846953 0.20642796491253415 -0.039249708653481825 -0.012388351130735751 -0.25352234168052096 -0.6534468060564402 -0.3589381011414528 0.10796557767453047 0.0901028383896207 0.2983536440051987 0.16044160235495505 -0.10740147147816209 -0.00799952911456875 0.010503211158860484 0.06672830949551556 -0.00794147805258163 -0.025909827257269823 -0.005519323454427459
-0.032312214285354586 -0.06703484817371123 0.13201629338168938 0.4016821634150239 0.2067647420559013 -0.03891933862669219 -0.012536704281357048 -0.25328887498294705 -0.6536773142729239 -0.3586797899646085 0.10732030679053636 0.08994070111371416 0.2983007073235573 0.16004514209223156 -0.10739063626344329 -0.00752157293198025 0.010227491981185735 0.06693882537579764 -0.007776517754529328 -0.02631378440649676 -0.005386146692476973
-0.0325999826490083 -0.06689925528035923 0.13233027751078882 0.40136933417236836 0.20670496668535318 -0.03910166821042262 -0.012556114961834654 -0.25358841812342586 -0.6538212741225726 -0.35848027160726426 0.10768340352070332 0.08974758895529437 0.2982257697617705 0.16031153672736687 -0.10719749943965848 -0.0077243032134930965 0.010145677579035547 0.0666724144222165 -0.007819961858192287 -0.025717106164411453 -0.005631825297707621
-0.03269730896824552 -0.06767555726948186 0.1317201563111288 0.4017119395562523 0.2062888448832316 -0.039057857177576094 -0.012852039667788326 -0.2536779364987187 -0.65353585671609 -0.3585374662555453 0.10742357403759671 0.0900505451622973 0.29804532686367746 0.16073725609067585 -0.10776240266514353 -0.007810095787192463 0.010543843949216078 0.06708971214906523 -0.007931689857898114 -0.025991556736614796 -0.005559042678886092
-0.03290650840996218 -0.06753660359089302 0.13207113793813446 0.40142437863996233 0.20636579271712932 -0.03901896225101607 -0.012422481104941796 -0.25365081801414435 -0.6537264933461939 -0.35824010096749115 0.10732311270644654 0.08959109079746942 0.29863792526036137 0.16068709672715656 -0.10730251773566422 -0.0076584327268220094 0.010388198665500685 0.06681854166970794 -0.007978219753602162 -0.02617202705398203 -0.005609781740275499
-0.03246797123377629 -0.06759290391808924 0.13127708034759938 0.4015013313449802 0.2060846439559294 -0.03892308424334499 -0.01263618798054199 -0.2540352976943116 -0.6533773250106228 -0.35873666954100075 0.10718195099459077 0.0900695172114483 0.29855605362497073 0.16075923411653542 -0.10787759369779223 -0.007673500189789196 0.010281448880517175 0.06728251077282052 -0.007761043455909662 -0.025779698637230883 -0.005740531529596453
-0.03210213232374707 -0.0672054345718852 0.13183207337490194 0.4021580814744165 0.20627488260734939 -0.039482362705321315 -0.012548457228238932 -0.25376105308487795 -0.6529574238820325 -0.35883178726553294 0.1074687786709032 0.09024965495983953 0.2983193046780022 0.16074234127404227 -0.107884609618765 -0.007283952237703228 0.009727214251136916 0.067109252399075 -0.007602584294655869 -0.02579450727004283 -0.005241937712522009
-0.032214033482715704 -0.06703124099936222 0.13167203520811882 0.4018530851754153 0.20626002667105398 -0.038908079432016726 -0.012118521562347615 -0.25347209928984527 -0.6534837683828463 -0.35884583996400743 0.10759719791771638 0.089681878535464 0.29804392958415077 0.16077907554680623 -0.10781953972278313 -0.007470096569997331 0.010534977079371517 0.06724456821311346 -0.008042320282600678 -0.025873128135992296 -0.005865682642482055
-0.032430288301150176 -0.06732819595641798 0.13142497707677978 0.4015551309347723 0.2064244813551784 -0.03931991864510115 -0.01249137589179304 -0.2536144217500107 -0.6537599958580722 -0.35847281891306865 0.10768996084577614 0.08979846756859726 0.2982943571060564 0.1605606016245931 -0.10747602718230106 -0.00745852769630498 0.010338846206933835 0.06677409149066908 -0.0077962252903828475 -0.025938016745123697 -0.005633384342549941
-0.03230552930704355 -0.06692974047106212 0.13211305030410966 0.40144418122151077 0.20674445364459887 -0.03917540092759943 -0.012224734737930901 -0.2534962857740425 -0.6537492529553758 -0.3587340064405726 0.10756252973749057 0.09004035079512861 0.2977972520642119 0.1602919467901503 -0.10766618469654321 -0.007989302830584638 0.010323450406028011 0.06725574403508622 -0.0076401163562200445 -0.02594594376955563 -0.005340982777400058
-0.03252423383465597 -0.06718604408540656 0.13184540155336438 0.40169735136628587 0.2066085679705677 -0.038968495226094094 -0.01237445173604305 -0.25364904245540654 -0.6533145786789158 -0.3587337356207651 0.1074834197109617 0.09021386418440461 0.2985373568053802 0.160091268285205 -0.10743798668174713 -0.007590276332821705 0.009785338448051644 0.06755388147661898 -0.008147339367684425 -0.025973814350341302 -0.005654426214284305
-0.03242658478272545 -0.06735810235274309 0.13159683790314874 0.40164328391095067 0.20664250387784425 -0.03918272309151257 -0.012978970549101396 -0.25367832203974333 -0.6535048632076492 -0.358408569572434 0.10751191466413161 0.09057725166216649 0.29840670680198145 0.16016945819577666 -0.10766727807997031 -0.0078039479904388346 0.009923328005106763 0.0672506282602578 -0.008065472986898138 -0.025661992003214562 -0.005635747118511411
-0.032612580063760055 -0.06730090564437861 0.13170199012792 0.4014665688831347 0.20649216665851103 -0.03905261209296063 -0.012944123685992907 -0.25398991758245 -0.6536365584379171 -0.35857235369143187 0.10715532147995178 0.08981678977235992 0.2983310052003191 0.16038668458686967 -0.10746932524107036 -0.007467264972979125 0.010385718092541024 0.0668973319641442 -0.008142805098403488 -0.025950671783030132 -0.005087595890184948
-0.0327693105028849 -0.06748726032352947 0.13169513203065594 0.40152313629606445 0.20679669775621112 -0.038965462012252455 -0.012430572469984282 -0.2536846362287889 -0.6535304352579253 -0.35851491334963864 0.10722568248563162 0.08990520527047956 0.29812120043652274 0.16068865518098188 -0.10769004242655891 -0.008155582449949532 0.010239165820364785 0.06751537213583338 -0.008052842184421347 -0.026109965465072098 -0.005277005304633652
-0.03223451486601199 -0.06766513893114752 0.13170494808125766 0.4014097609328259 0.2066596344819783 -0.03878882999920218 -0.012504883608686044 -0.25356847873911736 -0.6538558086759797 -0.3581965170562171 0.10757268537048577 0.09004831530525056 0.2984291417712524 0.16011607689187202 -0.10794106010169219 -0.007446937302952911 0.010203522578902759 0.06685802983576063 -0.007959710428215295 -0.025554245608035445 -0.005760422809642911
-0.03247100921163033 -0.0677321636345293 0.13176545775162285 0.4017646534064142 0.20650770983259548 -0.038992071961810065 -0.012704139442270092 -0.2540319368942258 -0.6532570613433422 -0.3586141072408115 0.10724254484272244 0.08982069299310404 0.2985275062535896 0.16030720431572812 -0.1075389587578801 -0.007194835613647244 0.009930354697430473 0.06722585661510488 -0.00824237653793357 -0.025500839826305344 -0.00586260588016563
-0.03254468712455876 -0.06730385442294785 0.13189409401481286 0.40147049277391395 0.20656575268889021 -0.03893001594748522 -0.013402657967873155 -0.25412932595419324 -0.6531475752080492 -0.3589812247913663 0.10776877791386591 0.0902600993696897 0.298036640086856 0.16043274759836312 -0.10780682812596966 -0.007361632355293211 0.00998522869298874 0.06743976237404445 -0.008457033832253857 -0.025919573797559978 -0.005260325982547957
-0.03273492377431308 -0.066714768532618 0.13161797878592088 0.40116155539520854 0.20654703194506327 -0.0393680648872764 -0.012286079572939314 -0.25396588945508947 -0.6536230781201745 -0.35858295619961333 0.1078152390074975 0.09016184454047882 0.2981880776215548 0.16069030916384244 -0.10782784435361208 -0.0078092403663734804 0.01004523032547465 0.06722356918639144 -0.0077458793001563804 -0.025877445233198574 -0.005431306334354479
-0.03260368539476824 -0.06764672312553945 0.13181160886172752 0.4017163521431038 0.20625769538515268 -0.039055698551809744 -0.0126900647026904 -0.253972691489469 -0.6534020777021521 -0.35857053328705446 0.1075024774073758 0.08983947001507206 0.2986164950900262 0.15979962097191816 -0.10759239228006968 -0.007644122454772143 0.009908230848602399 0.06739099329100379 -0.007678689544069154 -0.025969010798241873 -0.005428689856797347
-0.032591797224482036 -0.06751403805536936 0.13155572977164007 0.40188920108975545 0.2062047570962466 -0.0387196303911326 -0.012508049234210256 -0.2532686419346317 -0.6537416986367255 -0.3588121554284022 0.10724063945867171 0.09010744122778702 0.29807510515885527 0.16026532810814315 -0.10738074672952935 -0.007227385649403642 0.01006276465643231 0.06714128170850417 -0.00762618958095543 -0.02596981321867045 -0.00583437199446522
-0.032851495319192923 -0.06753536868628614 0.13180344959872645 0.40184272077961664 0.20587293583079141 -0.039139817840479915 -0.012995843445735135 -0.25359895090361856 -0.6533894092624193 -0.35840640011261 0.10710655442397579 0.08982147215684547 0.298801092832242 0.16072694436544566 -0.10787622055675423 -0.00784048868811014 0.009811067968167376 0.06731050511628352 -0.007611508229113957 -0.025969162476968146 -0.005220399443191125
-0.03223454301861151 -0.0672628885526376 0.13194956770684213 0.40115839251967556 0.20713003384607262 -0.0389824298171667 -0.012570934423935753 -0.25349821310169807 -0.65325019369932 -0.3587255428504389 0.10775990443084331 0.08982422860183807 0.2989468887646194 0.1605051502288796 -0.10772246956941858 -0.007433250646951136 0.010327924598071225 0.06682471904679795 -0.008146076264530762 -0.02630808312502568 -0.005865895942594315
-0.032388790383452944 -0.06748721972974477 0.13140067167438116 0.40136659286759646 0.20630697727558917 -0.03944496311090051 -0.012471885469747741 -0.2531777913706298 -0.6537006545138057 -0.3586251793319901 0.107362419860891 0.0899215063592321 0.29883263884842903 0.16052061029491882 -0.10785512614467332 -0.007437006426833488 0.010043272543039753 0.06713138789612351 -0.007933222256455855 -0.025651777026942157 -0.005359636560845668
-0.03262979732546826 -0.06748713383537921 0.1314587790466802 0.4014085048095265 0.20655724564934552 -0.039024043713015544 -0.012583616664182912 -0.2533381809782021 -0.6535538958147469 -0.3590995891200356 0.10757830637423837 0.09030845452180974 0.2980455289865787 0.16041846407459542 -0.10793359757932913 -0.00748798137725647 0.009976426860935455 0.06726182012700438 -0.00833159029873734 -0.02522959739240501 -0.005360155289261975
-0.032479105948918514 -0.06724770093520094 0.1314901209952453 0.4009433387559217 0.20690848191320857 -0.039028972799055296 -0.012971120667032711 -0.25392830756898493 -0.6537752721636361 -0.3585234767079366 0.1076351974496425 0.08973280918914456 0.2983522481665151 0.16068547919323492 -0.10748774424647066 -0.007598010518437703 0.010131563536912906 0.06697902655293834 -0.007898520321537763 -0.02587357528728648 -0.005569898376676109
-0.03256410719216663 -0.06776313876862466 0.13174519626596337 0.4012531129740418 0.2066740859533996 -0.03919158702642961 -0.01301828606309605 -0.2536064302463208 -0.6535015447877732 -0.3588675062714346 0.10804940323884656 0.09026918985638094 0.2981818991489886 0.16004551416533425 -0.10768669023208463 -0.007774777408359324 0.009886799103945606 0.06745141947536498 -0.008050137576579358 -0.02550803375120236 -0.005556747315139293
-0.03224052220373853 -0.06706103951077297 0.13211423305332354 0.4016549328254378 0.20637880835906086 -0.03875988417695734 -0.012468098982645035 -0.2534757004119007 -0.6538069443600544 -0.35822298412083703 0.10708965972544424 0.09009574498151014 0.29809018794239356 0.16093204648813111 -0.10765176842198682 -0.007537082538033872 0.0099388281397601 0.0672833152409379 -0.007832441655410067 -0.02622195751093259 -0.005706293238640726
-0.032364041246739354 -0.06719462575377894 0.1315252510778196 0.4017656933938419 0.2064490115116258 -0.0384405500945813 -0.01295966200550637 -0.2534184484775135 -0.6536964165780607 -0.35839261422101837 0.10782490137532208 0.08998583930208075 0.29815305746781634 0.1605948982607479 -0.10790997397113125 -0.007627049213589721 0.009881692038364333 0.06700362413016632 -0.007786807636771113 -0.026048431336345303 -0.005677350168321668
-0.03203411860027891 -0.06752849572519495 0.13168519884771973 0.4013710846904733 0.20662381490059809 -0.0386742936225958 -0.012777263420757547 -0.2538892320742249 -0.653444486653444 -0.35888165466524874 0.10729244383271007 0.08974998893142397 0.298371400292736 0.1606181966798665 -0.10734998936997751 -0.007835635635149855 0.010014525646095725 0.06729087102454767 -0.00788694913372487 -0.026082917073027737 -0.0054238350662854885
-0.03264443201102089 -0.06729936509182768 0.132483264102632 0.4016048375212854 0.20654182472396354 -0.03877952800893171 -0.01268775291823345 -0.25324135155654043 -0.6538521116120785 -0.3583095571405235 0.10697489321313176 0.09034628328689938 0.29827601831212874 0.1604211917181683 -0.10701025416973413 -0.007059567213992101 0.010244783535601232 0.06739258375460416 -0.007914847190435058 -0.025629680718872817 -0.005110867896484085
-0.032855767399080686 -0.0669333679427258 0.1316024077354538 0.4012786125873544 0.2063980601009057 -0.03935843806911543 -0.013017186718047363 -0.25265482292926567 -0.6539658674571908 -0.3588298671950428 0.10772243874721196 0.08970452865115382 0.29848122218690376 0.1607511321436936 -0.10750358518163126 -0.0076897050578691945 0.010207343109402706 0.06672955922848317 -0.008209562003719218 -0.02575731644168933 -0.0051299981395910455
-0.03211565415156364 -0.0670423842004844 0.13168187426123182 0.4015937761207932 0.20625442711962588 -0.038859649065388024 -0.01233687525758255 -0.25358270454460685 -0.6536189208766626 -0.35868381967822993 0.10750511674386143 0.09008773576461777 0.2980485015772544 0.16100769908939852 -0.1076531013074742 -0.007446659148487948 0.009920504422414876 0.06719798133996652 -0.00794458479828547 -0.026420237229509952 -0.005271671141787245
-0.032269791015351365 -0.06761464494539228 0.1317102948131853 0.4013224393234294 0.20600140672695044 -0.03872919800163657 -0.012678894064437216 -0.2533737078871106 -0.6538349599003789 -0.35868996135898756 0.10722680930547898 0.0896298328864545 0.29831886649622164 0.16127618033173072 -0.1077214094282306 -0.007457468557526689 0.010223872588354943 0.06674820509178732 -0.007757101959352497 -0.02610670054045018 -0.005395162570238264
-0.03235739022047378 -0.06722151940515474 0.13180468035734694 0.4015040089415095 0.20661659229560378 -0.03914813557265038 -0.012295422586181595 -0.25336592338112246 -0.6536886103785466 -0.35860172350644093 0.10706827348716777 0.08977561508323709 0.2982851887869274 0.16084737266763377 -0.1075738011371008 -0.0077965447516174175 0.009913365342166027 0.06721130821049336 -0.007749460835088468 -0.026023462062206036 -0.005370406656638526
-0.032514353880084786 -0.0672318201239427 0.13184892823516314 0.40185185612783275 0.20639132302056676 -0.03904593450485535 -0.012805805479206575 -0.25367131171049084 -0.6535757584366317 -0.3584608051602818 0.1068555241992619 0.0900370228655953 0.2981492544126825 0.16082808400703094 -0.10743922570785958 -0.0076395200478605796 0.009920835705672894 0.06716114304076698 -0.008136371080590317 -0.025994329848295982 -0.005217424814132714
-0.0324386835293604 -0.0671088098526379 0.13166792766997187 0.40147147650856574 0.2064811686142491 -0.039239625114645404 -0.012349029277434318 -0.2542093214800985 -0.6535946652915807 -0.3585088038951406 0.10739014595273486 0.0898585791206368 0.29804261073280625 0.1605749500377142 -0.10745682110380736 -0.00749050039069072 0.010393559658318924 0.06751617204838882 -0.008328157029489493 -0.02600100394428159 -0.005369914157275269
-0.032621260256256786 -0.06766460870287898 0.13189352488226952 0.4015166315626023 0.2062576331068232 -0.038733746151961915 -0.01292928606527479 -0.2533397486418209 -0.6535200156350548 -0.35868101916037987 0.10757728999609144 0.090104541520912 0.29849087366017113 0.16044636856199526 -0.1077739510851082 -0.007919505076352081 0.00978278260303449 0.06741306983846668 -0.00810955276355453 -0.025901694639382813 -0.005318114336573588
-0.032556705611863454 -0.06774007872165685 0.1314946900214687 0.4015261272364473 0.2065372580903246 -0.03890594817006749 -0.012869652416129283 -0.25325805457961326 -0.6537216532161113 -0.35829510032697826 0.10731028681850122 0.0902912411209569 0.29845646421968425 0.16038924437749996 -0.10798489238648272 -0.008085153179793294 0.010000268351890813 0.06763165960449521 -0.007831377119869176 -0.02590667179102173 -0.005628621388261563
-0.03269097011580504 -0.06758822113334757 0.1324067064775642 0.40125551786759667 0.2066323253740567 -0.038951972989940825 -0.012790587327822466 -0.2535199594799406 -0.6536492210070071 -0.3584682919932549 0.10754282538372725 0.08967563414519893 0.29836001657453237 0.16038539896723902 -0.10778670191668485 -0.007553139640305182 0.01008466917083179 0.06721011855044984 -0.00787821877888431 -0.026146890504763622 -0.0054441315208287695
-0.03256084249255058 -0.06740706046073018 0.13190004575486344 0.4016352703494918 0.20639071590035285 -0.03918077421753898 -0.01228733827992976 -0.2539286788793511 -0.6535391966183155 -0.35879914202862134 0.1070191737876564 0.08981068209394896 0.2982369003895893 0.16005736628906922 -0.10728911935205347 -0.007573384568877514 0.010104899304328847 0.06757589034507505 -0.0076823712505360645 -0.025776265644258525 -0.005587553975098223
-0.032210724082646726 -0.06793856791251873 0.13142805794516182 0.401509942167521 0.20579209591570607 -0.03843202702247847 -0.0126239463660046 -0.25371495871786753 -0.6537112527026676 -0.3587434788534599 0.10752021033903669 0.09018241036881461 0.2980834128167926 0.16053038776207934 -0.1083963714595825 -0.007151438696564087 0.010174596139313855 0.06712117975541557 -0.007849683183464972 -0.02549325870436822 -0.005613409866051476
-0.03264233060970663 -0.0672611483423437 0.13215646627752017 0.4017360981822863 0.20636684488960488 -0.03905209514125778 -0.012724387632739467 -0.25333252416975505 -0.6534378379629394 -0.3589363520264485 0.10779306060161366 0.09007334966537922 0.2983429193422326 0.16034262960029352 -0.10716213359270957 -0.0076778108338278715 0.010064286862829584 0.06665369825980702 -0.008276292682934306 -0.02543953553315282 -0.005666378979521325
-0.032195622037850105 -0.06794518385566407 0.13201010468929614 0.4014476482640273 0.20662154145549572 -0.0396007202928196 -0.012985402762084059 -0.25348708781096213 -0.6533205402387299 -0.3587141276959053 0.10740614567194134 0.08971207070996515 0.2985456908054568 0.1609339329083929 -0.10768037469494941 -0.0074850110636315425 0.010319110721477868 0.06668757227052421 -0.008069158966977474 -0.02576874247735269 -0.004890306268584681
-0.03253840677482348 -0.06747561224504742 0.13212754524246978 0.40192102532205015 0.20597286994547354 -0.038683547289892144 -0.01300943691036907 -0.25376397690416264 -0.6532426312761159 -0.35873631567558517 0.10770961607704914 0.09007396860876357 0.2983078533068943 0.16056201066753942 -0.10766670393715705 -0.007653505490137533 0.009674255139228235 0.06705395881919328 -0.007736073597876748 -0.025901000651053527 -0.0056683094208771516
0.011006329848561374 -0.03078673894291835 -0.15969137023583757 0.16574693689118128 0.4983856964101192 -0.1103848561288445 -0.05606696553522372 0.15757846980760795 0.26897825056065067 -0.6235338702369115 0.19773162669515074 0.11566112724954286 -0.21809069091668154 -0.049638810082017926 -0.2018517327030817 -0.12864042833460104 0.08924652942856588 0.14628676418679865 0.07968582700930048 -0.0169760820118693 -0.021636966199611713
0.0749112612195023 -0.12016301784673904 -0.41519756123727364 0.09074361042697303 0.26047177481216144 -0.0032834562987831 0.27759606563827255 0.18619293558374528 -0.37367640256223766 0.4291826622937428 -0.006333538770394241 -0.4638881078614334 0.1983129295764827 -0.01759386225590932 -0.0009695347376635088 0.15724344583717326 -0.12768236808781117 0.0018231920230518692 0.0027676167049682896 0.00033678356843196453 -0.0001832589428022206
0.06129928112768873 0.10846089120403 0.028688325023837884 -0.03522463091328222 -0.016513944039963604 -0.00043706209267571454 -0.07139145826179608 -0.40964764228602296 -0.5005913224897424 -0.1780496647195774 -0.004009931527809849 -0.2200454694099474 -0.5781880312365157 -0.3180076748472142 -0.00763308779721575 -0.12079830949107387 -0.16774453401160203 -0.004443653730205409 -0.016281988879888246 -0.0008390557583955934 -6.638708289817484e-05
0.06686513394321279 0.0607124544909699 -0.038775203232236634 -0.006594684971963488 0.0006084392491973509 -1.6012463820652628e-06 -0.28530694279122776 -0.3637405653287177 0.11974179448088267 0.03678172192784548 -0.0014041748415877225 0.2328370652328999 0.6417988791903867 0.020040455185621052 -0.04844898598011661 0.27611241621771204 -0.164202843985126 -0.21057478361565396 -0.2066769740044303 -0.29613254352789165 -0.11863979747550596
-0.20047095022185746 -0.0276191927519668 0.23632850541747022 0.07958636515955252 -0.142894409864735 0.03205396849291092 0.14376711777098117 0.22002189465870955 -0.2875271885669621 -0.2315514706168116 0.11968481043377185 0.06055663926527561 0.21766884163620517 -0.1546208922970904 0.14534414460564685 0.16595479416661976 -0.6010951380452747 0.16728898006687618 -0.27480879292849275 0.24353135332414222 0.08931624187500392
-0.00764487420946325 0.02309388969096524 0.0961062098642764 0.10266478441421945 0.04427461031975497 0.006924396669409578 0.04766533174607115 -0.21783498923591627 -0.5040437082225032 -0.32541134537986727 -0.06697824480976695 -0.13759717394665427 0.27739968088929506 0.4672622098235643 0.14823996044944185 0.3502789927323604 0.3076440950151882 0.06087298031970131 -0.07077337528555334 -0.034685356817544075 0.0032361899577623347
-0.014710601151941846 -0.1072647020867311 -0.2179418017051085 -0.03990240790850234 0.18383416600151528 0.08447374062953426 0.0008964075426894262 0.08058326320244526 0.21883204735739517 -0.23207987908410763 -0.46569573873147424 0.05373011853833496 0.3120528009934838 0.3255358726298359 -0.031158009433705697 0.14930399501836847 0.514348163978427 0.13467906422302475 0.18350386735092142 0.15701400214114827 0.051197458814817534
-0.03271593206360737 -0.06709105386218774 0.1319453464262167 0.401480892406211 0.2066354826632263 -0.03915899842560387 -0.012828291610229576 -0.2531562528108767 -0.6534723801568695 -0.35867251488662955 0.1076162919117582 0.09026007982950808 0.2984977744405174 0.16056184146420635 -0.10744412544414278 -0.008007678056320081 0.010069250928436873 0.06792745514375872 -0.00818474928740865 -0.025464569498305212 -0.005200776627393393
