0.004521150052346403 -0.041640541205173826 0.05206450156041853 0.1556551237690998 -0.31928612068109286 0.1633951846954219 -0.02520432110459539 0.018306992147404177 0.06786621101473513 0.17321162752670768 -0.4896368271372957 0.08426071411039238 0.027610981587010277 -0.25593002585905233 -0.22070082431787616 0.4362024443249467 -0.2800551635816858 -0.007160351766930009 -0.24737018828688095 0.27392520157843464 -0.13561970093266915 0.022480457934247768 -0.056023818639207135 0.11590665386499834 0.014222906899443399 0.06449747747377355 -0.02008328670174102 -0.00723778677747918
-0.00593801052230305 -0.003502710264795266 -0.04144003267367314 -0.0706610619411399 0.13408814149424791 0.10964901996880576 -0.12375238680376019 -0.022007476693373457 -0.097587606506434 0.029916878845649777 0.21084690517708302 -0.025269984786963372 -0.10788830686559894 0.09989960491104709 0.14323908100175178 -0.16585203234065973 -0.11419958262541115 0.320938817291673 -0.0423101332072818 0.06299767612329207 0.20831603735703513 -0.20450176502393946 -0.07654445469526665 -0.33664540024768796 -0.39579104957998945 0.1392523988288717 0.5428026779545907 -0.1593700469252941
0.04317189674937303 -0.08290834557249353 -0.14808399242002857 0.1002454539790801 0.17215348509108822 0.05410056831058103 0.004978245221921753 -0.13762282789574168 0.45616829498767714 0.2672826596819194 -0.334668578262922 -0.20950932439681513 -0.027194583896311283 0.026713721109926463 -0.5186342742421493 -0.19939251702378763 0.15450702466831104 0.0142741034231482 -0.03255603626636276 0.05273528559336811 0.03213024601015812 0.08104621421564454 0.3348591171630285 -0.054051525276710644 -0.03561809407395561 0.08642233217328908 -0.053160190669696315 -0.0018611637575813918
0.03866251592370517 0.10158428831069578 -0.2754885250193199 0.17344591064240772 -0.028917911172460255 -0.05666551831133961 0.048617358322781384 0.21663297401038797 -0.34083751231734094 0.41194998934607246 -0.3342569186080646 -0.07284090155467483 0.12619616538353196 0.07662233187618046 0.09912288246643196 -0.09351763030529985 0.014193037128557785 -0.06716634740129059 -0.24380588017667562 0.4890047993678616 -0.07865482184020427 -0.0862983661385685 -0.14185501201702952 -0.02955069737124272 0.1732320760219049 0.04112245187816975 -0.12310804058496588 0.028775681093049864
0.001095982182740281 0.029935596035993127 0.16176658462664953 -0.5014255232565793 0.08600018862124771 0.3189953664177412 -0.04086359681346207 0.005948827907572896 0.10372577804198543 -0.050690126699522005 -0.4181027932603053 0.4558044981206706 -0.09788882598283945 0.029457353768576566 0.21545330277713254 -0.314166565916325 0.012070882722097694 -0.022752766826657514 0.05878130562578752 0.06449766270251411 -0.2048868605161867 0.06153566217967709 0.0383689126961482 -0.056331218886525036 0.01998093507441237 0.006632958437361807 -0.006915770340434954 0.0004006680983924951
0.21518162330646398 -0.0027055630259301164 -0.2750521723684776 0.061882499400913296 0.027883031412379536 -0.029607292644549938 0.018228567040171638 0.364827909324165 -0.15354548879309432 -0.20087177932408382 0.1791037612319647 -0.03711975802374502 0.003982110663992576 0.0467557167351483 -0.2706284450241865 0.40479390362131623 0.059398134339255046 -0.09628903406988511 -0.3190087935588316 -0.10251083584997572 0.25205722845444434 -0.1273927476157969 -0.3684783574440031 0.11742157368839148 -0.06649430250559499 0.0037080819245887283 0.1366915570678035 0.157856343692707
-0.022852387346715696 -0.005885934280966722 0.12707246627922847 -0.04377925289411537 -0.1860729805771485 0.1777849555014823 -0.045146846852040796 0.11262688746621213 0.17649645204847186 -0.43669118661225864 -0.3862450863406958 0.5720648951040866 -0.08029112612356279 -0.04824261018197821 -0.2952222371363739 -0.10196096102875592 0.22838956516945677 0.0464592086918641 -0.10932398049917998 -0.07778193723716748 -0.08489152852930906 0.06501340467564179 -0.09699064866288125 -0.048195803098401144 -0.00479124045381224 -0.014769233100236737 -0.008885059972688217 -0.000298150684993128
0.18738832065922353 -0.4569965214352999 0.054910545069828454 0.1861583855931761 0.016849550864536576 -0.0006786690735411159 0.0021778753327982474 -0.23825014076375053 0.5783681969485045 -0.14061778152436696 -0.1425600617817588 -0.05472889501878761 -0.01847343158354966 0.2738889887967372 -0.12931965233290288 -0.0044447257691516825 -0.022592930240569287 0.00591854165285674 -0.008816525264247928 -0.2598363747048711 0.1463647526256948 0.06984972750779439 -0.27820990909800125 0.11989284580469077 7.772950531840392e-05 0.03355565946363969 0.030108565209412692 0.05803951304270461
0.060932932705683306 -0.10622764117155818 -0.09879195778964865 0.11403524151446194 -0.023150832118926937 0.02233197061048015 0.08849211032342806 -0.08015504176121306 0.3651200525936021 -0.0800760366090929 0.0929803770235183 -0.07384405477612459 -0.3904417972051921 -0.16830578290945286 0.19059666860794927 -0.46617143409346823 0.1896558081437116 0.26514994234887984 0.07510166727986688 -0.14417829912733787 -0.13398681982618146 0.4174188418034717 0.12051570533104866 -0.10951204858154824 -0.05570427939072729 0.024126141192258702 -0.05973138959893147 0.0069821127464865735
0.02255823648132529 -0.08289483695119473 -0.09717023325176494 -0.12669917758911542 -0.020142049059413393 0.14325413085469324 0.07366088597033672 -0.026394218758809124 0.1435176479757552 0.25879097993758754 -0.03461019534025843 -0.4668207457267168 -0.2507973379733267 -0.09239101252885763 0.2452020817686825 0.3330102363495187 0.444300290376061 0.21581680551096666 0.01989938017308476 -0.26025244551981835 -0.14482265584568332 -0.019098650044466724 0.0814389028233949 -0.19219503029066007 -0.0720670188840423 0.007446028270668626 0.09246534352867916 -0.01069947000681072
0.11441507220101685 0.1306887767634268 -0.3495984716649155 -0.40216846620564684 0.14183089022092815 0.15324826960462876 -0.023074482817974126 -0.035652150554063705 0.06956039656239835 0.3811646713745956 0.14268071700370966 -0.194364043257934 -0.05554343958368815 -0.06579813116484179 -0.0017640866375118638 0.37421803461758363 0.1489606979526149 -0.20445434781224775 -0.2370685084463322 -0.2157943434375501 0.1529444005219854 0.13938771169327335 -0.1899146550045222 -0.10880522139550038 0.15254386030625117 -0.035223595371324114 -0.04432014366470383 -0.028075925496773308
0.0182286815962768 -0.0114645082544582 0.05065071162530666 -0.2096052293234543 -0.03677741262599904 0.20496627787111873 0.08057913926996611 -0.04365508159134454 -0.13212417475514837 0.2640369965280211 0.3175990739252924 -0.16218952448856128 -0.16417434506511838 -0.08259544405468203 0.37919812306369827 -0.29820990913516826 -0.20945470798754404 -0.009640347994388723 0.154845387504356 -0.061587619229212305 -0.3106215105094919 -0.17864292319424566 0.05622222057462212 -0.23994366971609835 0.31540947961575627 -0.07294197588389782 0.2326657691318814 0.025041748857153625
0.29300807167938864 0.11034843405047366 -0.26238318981726433 -0.0630504611404029 0.07022633219140342 0.006753447999349422 -0.003917830804524408 0.05423197384612961 0.16255141655018177 0.022241139091245032 -0.15049918415223185 -0.02126603831087075 0.03688579549026207 -0.34182635662654 -0.023267852981061612 0.22584879114145184 0.025898530147494124 -0.051112640500089346 -0.2069527085176994 0.26195152289845336 0.0926623048350581 -0.07941291567317152 -0.28626310232148483 -0.1940415668207238 0.22193507727436104 0.1860671615935132 -0.4141738587979389 0.3111298792974943
0.12080378477991352 0.056368609192008146 -0.12384024515298782 0.22182633618603217 -0.12778080551150212 -0.05854119559895319 0.03900554762775759 -0.19618263997028307 -0.1476335972605395 -0.03827217196056455 0.2218675292922115 0.17490684459106043 -0.145551428729553 -0.11138012703398507 -0.3817087409484405 0.1691725650182893 -0.3496447962000838 0.22953634804886588 0.0806109219948455 0.10348039092244263 0.07890435114953191 -0.21419691549767836 0.051217167993097924 0.48924037800571585 -0.05075673662977209 0.10973064049296515 0.20617172456145194 0.059814577622039435
-0.012826413216707409 -0.05508890042816791 0.015046801249464593 0.01815989638238917 -0.2651741467436296 0.5081409629228705 -0.2124184423000265 -0.09713806093459669 -0.2743535693456761 0.05127569239775038 0.08759304037173443 0.10567325284732182 0.09301243231545805 -0.22368928863052812 -0.4233781369954941 0.3501099230114888 -0.04289399572357964 0.17833160278771598 -0.21125811902275968 -0.16381527202526258 0.023618755175718317 -0.03256829058626448 -0.20489586806045124 -0.07124132265577135 -0.03265297550808914 -0.032366658796869514 -0.0035111194256755834 -0.00023479677225728094
0.0616284125166751 -0.192813723276583 -0.09555759582273719 0.24954853549632028 0.175252171516898 0.012984816547480287 -0.006847496280555387 -0.009757093235634512 -0.22821982818042544 0.25732752703732414 0.31220135625990647 -0.06556700320659058 -0.06922943399981224 0.038548732964196315 0.21359884380023578 -0.05095569094664923 -0.2260248076269866 -0.08048040406180201 0.2682105247502849 -0.2331804414274193 -0.34629165018857877 0.10894840242874787 -0.04207737675441159 -0.3536853255815141 0.27085076644475903 -0.1573516086737211 0.19654472715373705 0.05243705342186296
0.00014702670711580612 -0.0032259069506107604 0.007086949052938602 0.08910613195535122 -0.3005676252508434 -0.006990117826281933 0.0018435525366805041 -0.02463922671179142 -0.06038486361932303 0.5674470143286602 0.1661872480426838 -0.03745198776720604 -0.012018386213697052 -0.18949971027722826 -0.3145985606643949 0.29912351102547863 -0.1196588301423112 0.0046351925485325065 -0.40017615776717674 0.23197256713841755 0.14818453287219224 0.03369459813885101 -0.22299971444052283 -0.06691531311160814 -0.04368092147626805 0.11903783864988167 0.005628014584304243 -0.011489892077050826
0.38368804690712016 -0.15790740926857028 -0.1776388614024033 -0.010751062715020045 0.02297266612785074 0.006144817723634189 0.0004287238551944693 -0.033095374315947515 0.33328881955113787 -0.2934445995796092 -0.06009029535181192 0.010269875528555466 0.0012355063192233257 -0.46487603245912656 0.5112672718276692 0.019690863461830854 -0.050987707106677195 -0.009916313949807142 -0.04159720277966822 0.1574435075478289 0.1390926810458524 0.02556013039535719 -0.08601998212526392 -0.12719103732955692 0.042736549304795826 -0.01149364533156018 -0.16905428098340708 0.11128378197651573
-0.0017632656289131798 -0.05366039291608341 0.031213565622351586 0.1933874861848897 -0.018030479956651878 -0.035000706780921834 0.006117063754139089 -0.031201133386629616 -0.11839200304269196 0.1028663464951009 0.540530953147407 -0.07034906212913525 -0.06466147537523739 -0.07263521705791888 0.1691706449336829 0.1777529837024496 -0.2938183941918729 -0.42379157003042955 0.10177758490296002 0.11132261610751508 0.006639299877963577 -0.4799796810533615 0.10612857377665465 0.018564956360201307 0.13480518981451406 -0.04343291584323843 0.1151732471366094 -0.027468509671591472
-0.030029361053882396 0.11458203517313582 -0.14935980739434465 0.10425040726188076 -0.044055173724437034 -0.005085062425737572 -4.6621445539503904e-05 0.1284586334628327 -0.1925636242637042 -0.2074113822104134 0.3181276217748885 0.018480489393296048 -0.0031616378524123964 0.04322304333023577 -0.49173282581948696 0.43138174017465364 0.07802849670683971 0.03680461977916818 -0.33015409430439935 -0.08879472528550668 0.2241923277004576 -0.048598060611218116 -0.2309740182143477 -0.02124057078989629 -0.26999823325283756 -0.024119529012701976 -0.13659130989356233 -0.004054467518590065
0.03177332244103924 -0.14699994029168853 0.3075398336610017 -0.39593736518223765 0.013175610381040282 0.38168590642740396 0.10855535166045212 -0.06752061990308285 0.3126191143205684 -0.5062969238981126 0.23451726448043547 0.14301905014016456 0.020344885703723253 -0.05921493007475489 0.1530111064780323 -0.06546356598986655 -0.012431685956427622 -0.051617600114533646 0.07642360704823871 -0.23392354253765163 0.06818265597103496 0.07995165668220978 0.07161638310720611 -0.14294423329254158 -0.0056078603830015126 0.035935649668305196 -0.035593901056391465 0.011066053441593457
-0.20613071435911662 0.15709412384920288 0.0553789173506181 0.20768705403031823 0.14723210404781362 -0.4758198908728328 0.10683600888776434 -0.006020255217006368 -0.032210566256217286 0.44924453486474875 -0.13156040620609355 -0.25749356857416605 -0.129694321475135 0.27504166452894113 -0.10883403221832075 -0.14919396672151994 0.07811715817045528 -0.37401530201606015 -0.06270608596071593 0.0716791320327863 -0.18591061137347256 -0.019563353672205533 -0.0817471036019539 -0.010801123083498678 0.125181558931942 0.03918036546587539 -0.00018913934322980307 -0.006880294421207625
0.06193829620572815 0.0023801942065946155 -0.03490403409235201 -0.0013152352503208035 -0.10613129204385495 0.00023102616728604424 0.07794425595491605 -0.13455925975826655 0.3037841211676149 0.15667131419577301 -0.5602599949399081 -0.00677555179096825 0.2341205003403819 -0.04917996333915549 -0.24414832846162898 0.04642168160895847 0.3117905823813825 -0.06078962335034579 0.1375908294553544 -0.35434723485363073 -0.06574528264012029 0.3778439729579198 0.04735480126645563 -0.05562642696278903 0.10084211935736676 0.006249296062952012 -0.04106034565095403 0.002977466516014671
0.005047617922971388 -0.13477364267708203 0.19192516775175164 0.022287012960367406 -0.09627653947444963 0.0015961734483902323 0.010498782061980093 -0.01611496601886997 0.2933828788499432 -0.09454787234907075 -0.2144129815858068 0.016058127331321757 0.012051936913377364 0.21586204791704633 -0.31115064485040195 -0.0803776911464411 0.017249570758509754 -0.040289769499383676 -0.5384403128918863 0.39496008013205075 -0.1863222296964742 0.007385029219904179 0.05840080098843885 -0.037002773924871384 0.02363034253319271 0.3672339318873629 -0.10648185279649593 0.09714029747681913
0.03740063984218626 0.0036349226080815726 -0.08808228499670981 0.07239620977377471 -0.015520056678662837 -0.1231720873439402 0.1151246105331488 -0.14154642215208307 0.00807352119469814 0.139870578090206 0.10404416903721746 0.3134922721574947 -0.42939199438309833 0.11268522228898106 -0.13088294677534965 -0.1469429889144453 -0.39376245360970424 0.5197681740796913 0.04037536614648118 0.16159307286917446 0.08727990177249684 -0.27102671042700827 -0.0074578613461164815 0.18539115694079544 0.04109361816713964 0.011197906974376778 0.045609683967850506 0.003740956772456217
0.01965361393759803 -0.09547711800835618 0.15207782117166954 -0.039219654454268 -0.10052327107052428 0.05130571000510651 0.014621519711222495 -0.13438284869352782 0.42921615595246415 -0.3827298662287161 -0.06157390895139583 0.220249042577881 -0.06668172880569091 0.1981352933748781 -0.47692197481177706 0.26891462044139935 0.11550457889139855 -0.10810320630521633 -0.04594846640754983 0.15559162566638932 -0.2811381076969912 0.15322041987741616 0.04605068619029199 -0.15530308926898795 0.07191513414039992 0.10431753404915842 -0.10749866961445488 0.02503114466821206
0.006793103789454504 -0.07287521491903633 0.19610229097219714 0.004055214514821945 -0.06686981916784168 -0.014323015083025921 -0.0004740034360433081 -0.0664419407723111 0.25172599894191594 0.31386730259088597 0.09443308430962638 -0.0290735910132066 -0.014988516777872808 -0.18732573841631525 0.2825612786757314 0.49499194346410086 0.507782954959209 0.14261149441982549 -0.09492919801005927 -0.27635913298349857 -0.1294559343671524 0.008799324363726284 0.060039021010289184 -0.15658178669043785 -0.06983165697488415 0.042919497023124385 0.0019552403348127695 0.003915370592598489
-0.04512783287671307 0.16257830599572204 0.00889222954366565 -0.22300984927303508 0.12563240822918656 -0.010039111563667357 -0.0021510382777411153 -0.14174481837011746 0.329263402842607 -0.0999339726381419 -0.4527085271395416 0.35795038571335025 -0.04512743528163693 0.024425646126003068 0.08225994218478756 -0.24178835827152664 -0.1797266835550227 0.25264407957260143 0.1650407338497247 -0.34219737030020175 0.07564122380022607 0.18728567668234578 0.006097113573774306 -0.14212291372963282 0.24095169745510495 -0.044471147721441805 0.06975307056191327 0.00011346727612103973
-0.3039928215946874 -0.09759638039566183 0.6499639980889739 0.08354852121468041 -0.3840963489363579 0.0011729066572899085 0.042067212428812936 0.22119884898441403 0.19335621834787384 -0.2499304004823853 -0.07566748583894775 0.09539480137292809 -0.10901115053607931 0.048297971329989475 0.12133977730288538 -0.07620000896341568 -0.09654741795193808 -0.07205095259771176 -0.1971593595506382 -0.1850970490740691 0.0446687065977898 0.11522286338634329 0.10517712168268359 -0.04784087510803566 0.008970604398449869 0.04363381967767194 0.042491355795542175 -0.030304594769201845
-0.38953536760367347 0.11725579796100324 0.25271822849604214 0.1573586549419977 0.13232428662375414 -0.11438346301953929 -0.08888200488937677 -0.5672366072306266 -0.30462052990714705 -0.07960076330525542 -0.22246161077905038 0.2639336591748606 0.2297580210505281 0.10571378431058921 -0.08616629878607579 0.07686975895159044 -0.10004028484154671 -0.16027260472729563 0.1746021998098477 0.07536150267974516 -0.10987511507467317 -0.015813579372966926 -0.04472494020828582 0.04462060465084802 0.042299297029396665 0.007328607492447029 -0.006119331277588455 -0.0012456177469620702
-0.007410522931488965 0.0707005805135788 -0.1890923060243169 0.09273015294341112 0.08836718779643044 -0.34229652376947406 -0.18978818650005555 -0.005597407716947021 0.055306181553573135 -0.23232768863509048 0.28773275568317125 0.39831259434293975 0.06475359151073393 0.00817801225633576 -0.06550981828799514 -0.009372841379350391 0.5653488647908981 0.2962835124892589 0.03739563184156399 -0.10557171324062999 0.032998220726502624 0.036870384533368376 0.054753746470893684 -0.20075079988387445 0.0528692663847688 -0.05146686603963986 -0.07060280578739282 -0.07952919651286577
-0.059807311410471034 0.17322574354518433 -0.06904402398449114 -0.057715381329056854 0.023562124633651774 0.002869624161305448 -0.001162666154976727 -0.3280238060970766 0.3854834019612859 0.14929878304642996 -0.04829976848440641 -0.01297690368433832 0.0014517611548684728 -0.206079478804584 -0.38022603018951023 -0.1469873561349197 0.03225409546959343 0.0017862773902738297 0.6456633033157991 0.148235099908709 0.009191845623877603 -0.006144248641859597 -0.07627079350430485 -0.09969526273797663 0.009910016158499789 -0.10750496734064868 0.024688955676803286 0.008638745288912794
0.05323386434831261 0.07805654236583622 -0.17000128392880967 -0.22123032603693868 0.01853734079352185 0.09352286104459616 0.11013002005990795 0.03782127019351168 -0.08962330941170682 -0.5632208437880436 -0.17940275222374624 0.23988075234512776 0.22481442298393212 -0.09393641134738893 -0.27725108721934055 -0.35537903925037756 0.11717831035813275 -0.056186557214371186 0.19156901430857293 0.042715224024360954 0.015748072728144158 -0.23956111712446962 0.29059086079025764 0.019683279767146605 0.017184306201006198 -0.10265782124197165 0.06550777546432993 -0.008393952075550907
-0.07665662740272293 -0.028640654470838436 0.03090046957530649 0.0006514881347393577 0.04636080060355533 0.015863360757893644 -0.017922651875611855 -0.031172539976714087 -0.17074875139657059 -0.11597573561775022 0.38472101597836866 0.1454615311815538 -0.11986633391454515 0.13159518788356894 -0.24116003457364404 0.38671842521983085 0.3110522236521043 -0.173716757563838 0.0401548769975121 0.10083737163523313 0.1376041136464118 -0.2389399871645335 -0.06000350664797918 0.22267202221542373 -0.5188810343449596 -0.01379149401935652 0.010772584737410591 0.004370878439184512
-0.001936470551382946 0.06737519584619955 -0.3029208664269302 0.36713542069430904 -0.10214702171295183 0.010067634433156863 -0.00033109071966943107 0.026449354342246517 -0.23145736485281868 0.32262740355686637 0.07092765365749211 -0.02192383228768999 0.000990902959909294 -0.13275104237845012 0.4657151787003578 -0.20275389393000703 0.06494976674685352 -0.0036718551568705503 0.1384054398933186 -0.006198576942399646 -0.25472116993603355 0.03250484185237741 0.12381694497972942 -0.42558382865604283 -0.02138812622921392 -0.11505294740306209 -0.12310989625359016 -0.06486596160493874
-0.07026672777838167 -0.13134769745397323 0.3900659023817965 -0.25008395562257024 0.16637462899007818 -0.03307115807572232 -0.0014533859042777744 0.12118584992892813 -0.3940141868994024 0.23241307590537205 -0.3013260611471167 0.016598809177569656 -0.0081578911982109 0.19807562472254134 0.22918952801735876 -0.24007283229831958 0.19583435122197698 -0.00017322834271213316 -0.21828793066100233 0.3442194887841013 -0.11977604674939485 0.037567717016587884 -0.11087991365028965 -0.1578217870139666 0.02178205671509345 0.10800541709795879 -0.01540635540420291 -0.005559017150603501
-0.02435992406390467 -0.06338780870675113 -0.033454009332158044 0.10255956238935934 0.10606929864044509 -0.017328905745057094 -0.027731903495582258 0.10730717442900535 0.05585145673618118 -0.18630171925777966 -0.36164791567840276 -0.007781923146626105 0.1921804031838938 -0.009728977768348869 0.3335057203025507 0.05173237147857613 -0.3591301757946339 -0.2111557568470184 -0.2730604647329193 0.2022763522504795 0.43415701203917806 -0.05562740324502968 -0.052229096222866034 -0.20677720969567884 0.2766807678051246 0.09629316234719404 -0.16792381548714427 0.013224964544831868
0.06960150170595605 0.2754707962366883 0.2552845861925905 -0.09265848784535523 -0.10901813850897671 0.01969056593385827 0.005890225353332569 -0.039446478941336384 -0.3725809441387045 -0.6193405347961402 -0.1322130351507159 0.0830847426844285 0.04318065997522299 -0.12985465232407264 -0.036062551066124715 0.20312395803821048 0.18095174385040894 0.0881133687250964 -0.046504155129921204 -0.023253508516572374 0.3876015804671397 0.043954223144858647 0.025255590438588507 -0.15884290520116573 0.037125922143580424 0.017975629215088915 -0.025092771421112298 0.0022707442819724743
-0.026106596598364715 0.11194573958350333 -0.10542952108791839 -0.15103269391798096 0.2471340414717801 0.026685901553547938 -0.1089692099823677 -0.03749204495855854 0.0665885403204958 -0.1980780726666925 0.3737763069267615 -0.03510327589880779 -0.2019442028122354 0.044188935437419016 -0.05851969664077677 0.07998855835209347 -0.23688294974846683 0.17132681481609652 0.09094291698926538 -0.41356926745666384 0.43553480523760524 -0.02917438152028536 0.09208465859879603 -0.013538162519717144 -0.24560565574746915 -0.083926180977713 0.31600241089319225 -0.09706620125156752
-0.018718616948713483 -0.1010588949887266 -0.15299158158694112 -0.03946805283504118 0.06221465265913888 0.02767011113180347 -0.003536739836571151 -0.11239358934891852 0.06237794975935181 0.20221263493838837 -0.09896295246178359 -0.12017088666101763 0.012827626984251092 0.17086444342607426 0.25689102180231765 -0.027489403525471755 -0.10405198056478884 -0.02679879847514088 0.12591186478236957 -0.26925366601001566 0.2368927578806545 0.14830221576663455 -0.26504898466687565 0.5714616882378133 -0.08910497381179983 0.27123650256011417 -0.33076344869311697 -0.12777725943497664
0.06778887667665129 0.04057040747248687 0.13611205439642832 0.051234359871965236 0.05000775927463161 0.007874569038635412 0.004744763158391493 -0.08926377180107888 -0.07487567331033308 -0.15574266631414896 -0.2218456909399482 -0.05418198305431764 -0.04084754447314984 -0.22428099148925165 -0.1503634378437207 -0.4341203169806154 -0.011749945267320039 -0.0013031059256416852 0.24459407573829567 0.208177549030394 0.3154411446667503 0.3781039678801642 0.24972031905915215 0.15713814492603895 0.35856872508253823 -0.1659728933565545 -0.13800159294653863 -0.09494869588477643
-0.0004968532362982066 0.0017651778305563897 0.02672213514106139 -0.0321798166401711 -0.09903250963377945 0.058797698211765434 0.10818738968728953 0.009123861140567726 -0.14926614417117182 0.05851503601086171 0.48604815793657485 -0.10340197907075456 -0.39532487006364553 0.11436374040423497 0.08964924120962456 -0.1769843290143284 -0.22341987090626547 -0.23502755501164652 -0.36597725271401577 0.15738418954918115 0.1648847434024444 0.06219148940102965 0.38555402379279236 -0.1409841719813603 0.007924356238389555 -0.16443375823387477 0.028057147609147032 0.022339349161576028
0.003474229476017134 -0.030654902411016732 0.09250734882286049 -0.09406351463293837 -0.04326988271149083 0.13460411323598465 -0.0764231727984796 0.020128012386544887 -0.0636396863355183 -0.061402150593648265 0.2973740271414792 -0.16288105398235256 -0.2522532733225849 -0.024678985123791106 0.2262825116418887 -0.4614236471550298 -0.2870309429972639 0.14398219228233164 -0.1259353025967659 0.02924762659249016 0.467182637495798 0.0324454394994758 0.1009609935884218 -0.3296285016704931 -0.029469081109417875 0.11437907942466101 0.15607260213797805 -0.08924991138094904
-0.08528438147417233 0.34380240843234394 -0.350031678846706 -0.04015725702178915 0.08765280456634139 0.014164147974385151 -0.0010020143294785773 0.33955202984393984 -0.6610778146574223 -0.03358607410333445 0.2082734976139617 0.05018186301696194 0.0016156422452466887 -0.2820206986459016 0.19229045892658742 0.14530097294362082 9.376872061829541e-05 -0.005395073697054574 0.06838068465884788 0.02342140146756078 -0.014183221638897837 -0.004631444147056703 0.0015636508852305089 -0.00704186255287588 -0.002458445756580493 -0.0016964393868345237 -0.0002443642159404709 4.0798143825977425e-05
0.0012743940232584545 -0.009446657242299192 -0.03161342090226812 0.03514328976888114 -0.15240291386963298 0.16238202791028955 -0.04569411971387431 0.007798339941858528 -0.02406345761032418 -0.213787378387073 0.16134563347612066 -0.1682122134429865 0.08347057504512839 0.002047723580027854 -0.09132901288992097 -0.3268005818180084 -0.16872577390062493 0.1671338429566108 -0.019348314087482252 -0.4039121324483882 -0.2189537241324344 0.002446059059674833 -0.04541507987754069 -0.47586247851354235 -0.20295180559406623 -0.14455149273950985 -0.357453072962043 -0.19228951029758476
-0.07421809757692975 0.1547787810508744 -0.33880497548092525 0.34311958565027245 -0.38229002595026057 0.23225855845227172 -0.16496378245467394 0.07539106835825847 0.014485938351164832 0.010602953881881311 0.09552469387750569 -0.054624803780785575 0.132157431462369 0.18232956178708332 -0.15651211663273942 0.4200808129508648 -0.09372879889912063 0.29895326237941 -0.12598851838891997 -0.1961850740983911 -0.16495623423466674 -0.20415681356475063 -0.10346784495640482 -0.014469675827632264 -0.0894891750487708 0.014036346570175887 0.019808125236929923 -0.001016473778017194
0.0019210869716340107 -0.24278374592573584 -0.24633021754096954 0.47816061128818493 0.3399820712604915 -0.1562589220850991 -0.09976529979183961 -0.04854173230139494 -0.0385119205727036 -0.2627789396975877 -0.10221298033227251 0.45589898961540204 0.2526172183623701 0.041004328045408114 0.07774669648210045 0.02163041036308253 -0.10249663037707399 -0.10056199710069902 0.038567892587100756 -0.06553150650332722 -0.27567145754258704 -0.1462911358447698 -0.05029843666806492 0.05468089810182583 0.08493684922909249 0.03790326500463561 0.021505323959803375 -0.012500424872470786
0.0013765899595574468 0.030013818972188813 -0.11990593562846735 0.11026767046201093 0.003380359534267714 -0.11395109901217507 0.12942481706678258 -0.04290989598428894 0.21588282243092666 -0.4266383163268484 0.24839273711524146 0.12675387968499496 -0.17393890447591936 -0.06517047483156217 0.25191623798466056 -0.21162771607295647 0.1160759796827707 -0.12334605835980972 0.19955465661857544 -0.31911590396727946 0.26033196788136165 -0.030910382792803753 0.12513004486991894 -0.3121037433091652 0.06972460578271786 -0.2816597343473245 0.21662919138084313 0.09257486226661246
0.09780594106231129 0.08583489276943913 -0.2769088251816254 -0.31442062359559314 -0.15643039193137934 0.16701481835966214 0.37697901717691473 0.06403359231591323 -0.04326572208271568 -0.07878959782898166 0.1849670850661381 0.09803684978399013 0.0936682083201228 -0.01781910606342579 0.009910690892653388 0.5195659043616704 0.12195096035753716 -0.32105399776477966 -0.09268226827409547 -0.07363248961993535 -0.03821093781439738 -0.26042470867096 -0.17648711061493813 -0.06547684229859387 -0.14062274024695676 0.0343285866351854 0.10055246235201966 0.10083745453503419
0.0009003317516527488 -0.004466075899948965 0.011396710403918053 -0.006616164345541697 -0.001961762833934644 0.00141394620213448 0.0015948901349701016 -0.0018703902897083927 -0.025954915229943115 0.07102917750469152 -0.15188636566619848 0.1854776312159749 -0.09000878297454953 -0.013886683481948468 0.02933163564246816 0.13500336863855847 -0.49889277939276716 0.2508302682046373 0.015471196159426727 0.2791569423061146 0.10381471036402991 0.20348188241715476 0.05258562224120034 0.01903656383386223 -0.6050699203135772 -0.009987197533322821 -0.3103542407230335 -0.037495291482042364
-0.3466215269731987 0.010211897231170318 0.16605686141966977 0.030841281584475428 0.05215251600665563 0.01251931752957736 -0.004791760213650703 0.1728365187149051 0.11409369273506971 0.049210332672798035 0.1267353388304743 0.02845600011473799 -0.00843900470512412 0.01822907648630546 -0.10931971770101667 -0.3115630861848213 -0.055715068617858604 -0.015891511530210164 -0.23194651977327074 -0.3870466952000031 -0.10775684818037733 -0.05935828861884557 0.5523323237744321 0.07628504680215725 0.12769517143105336 0.08539041493735457 0.2163606671925871 -0.2707743110445344
0.014891345575285035 -0.044844949888961975 -0.14112876273394773 0.04133878226628715 0.17939487691491954 0.10639587018698296 0.021802934519280694 0.08247765597873384 -0.039579967396755844 0.02524154165881414 0.19809967545355606 -0.17375238225332326 -0.1412288336140011 0.057355100176785426 -0.04898667524915751 0.3323994996112294 -0.22348889264354246 -0.38848838526707685 -0.2475933178633796 -0.08976636648819983 0.21079262608554294 -0.3001472878234871 -0.2892286436766642 0.27879564105157073 0.0764025580250126 0.11706547315749706 0.3210003196252898 0.16995011213038203
-0.022266484882881854 -0.028704247809597686 0.09209613410678 -0.046460570059104055 -0.10803876201498763 0.16100065478254647 -0.05846404131956872 -0.08370585385121354 -0.11576777483967308 0.1673168902679686 -0.009456507681262197 -0.023128472500670773 0.0013564331694718096 -0.03697960889096307 0.17909213772640198 -0.14118612710115766 -0.13854635154850198 0.15115338050013266 0.005476552985490428 0.35094214927968514 -0.11219963451054006 -0.11624380091994223 0.03071764649114124 -0.5717587780735227 0.09864150304817729 0.3948309165094829 0.2798427993051714 -0.28548888633349156
-0.0006192029235201113 0.008094469974325287 -0.0192457073924374 -0.040564128853538876 -0.013160655389506113 0.00450347951126157 0.0016187198676648844 -0.019019303559056504 0.023026793731871265 0.024879452937130238 0.011478176903531617 0.010866375270880807 -2.4718195632926562e-05 0.08833424753102136 0.24048963879820603 0.2755313466483056 0.0673856356328308 -0.03162665126922818 0.2001984581387739 0.10038367038305163 -0.24712139171833736 -0.13043300316243148 -0.5402990718408 -0.5056108197302616 -0.037413174483776145 0.35709345327322073 0.19716127495914026 -0.07261594759021031
-0.060044730156104495 0.09466795227480453 0.10048665847623064 -0.18812333539260082 0.028293924141148882 0.07746268832962826 -0.07895694647313077 0.2012276151880909 -0.368299212926991 -0.0989264864193927 0.28764505746955477 -0.19107564305720778 0.2087323157420226 -0.3212568443955973 0.5149348283748524 0.07022358961289372 -0.19258903249861628 0.06556973098471955 0.2579365877557926 -0.06375605987029818 -0.09047720323438004 -0.18047343637045588 0.02047810557621984 -0.19531136115205833 -0.0746602663855705 -0.09471861047192645 -0.026698837121030616 -0.017460422257157677
0.07249676050684949 -0.2335438048355591 0.4667191189622365 -0.23667838687768245 -0.166363869134586 0.10351781048139261 0.010570464925595593 -0.011796548803211977 0.23167199202665603 -0.44062801995978074 -0.007591611259794694 0.13942653579596603 0.028559630276167935 -0.3468946468171163 0.23048953534027658 0.021762918236542996 -0.06476660703593837 0.1417034148013143 0.24676528750943313 -0.1336216036579251 0.040813373867837864 0.040392441451076434 0.08894890887767437 0.05044652170994122 -0.22160262063881866 -0.09655955627712318 -0.048108353154612205 0.09010582375919562
0.02374352657177414 0.09532538969182935 -0.012753518450320463 -0.21837002861391294 0.10860837981925589 0.01383791815610547 -0.0020592215447157924 0.11602724596273419 0.33795185795721094 -0.08566248164191739 -0.3873187302510118 0.026784492246160682 0.09829140037828422 0.245607928233257 0.41415960649716704 -0.2626475444304208 -0.05958254930068216 -0.07892258500762132 0.2863589095022485 0.33625810857857985 -0.12734316599330778 -0.14158869271024846 0.1080167738712035 0.19840802111361197 0.18320553168841153 -0.06990743211508678 -0.06047150550403309 0.0036537491500651413
-0.06453215674953526 -0.06914779127260302 -0.03635031931795984 -0.03782065285484729 0.04711842664944416 0.0036849358465305985 0.026592808095260795 0.16894201607589435 0.3037539913964986 0.3670919356779236 0.38649070116687895 0.1671300698219687 0.11265425813682764 0.15966183885463084 0.24628281469864394 0.10849700363843734 0.1199407951236944 -0.02785503272599999 -0.2713419352579633 -0.3998006973540261 -0.27068657226733434 -0.25142557643441177 -0.07448088295623363 -0.13355667649895628 0.0062353488915506666 0.11406460737147478 0.1422816865412997 -0.009309088523647521
-0.0011685752062108117 -0.053108480537442784 -0.3166320529949933 -0.18873851448035134 -0.263014591983004 -0.168101534710883 -0.014633272953087454 -0.00505686981704578 -0.16132024169464404 -0.4763861405507512 -0.45438973929757903 -0.25234315661641 -0.026235693300048917 -0.014802033932378094 0.08144612450987282 0.09190470051145387 0.23849982309528897 -0.024702637227924647 -0.0326456872281524 0.2107462253063772 0.18976539290422934 -0.026664284021269573 0.07490075587492544 -0.20288577589598367 0.09892671186714808 0.10972691550013838 0.08325401798115098 -0.09642939282462741
-0.030429740876190343 -0.30924522585421405 -0.3956444130363721 -0.20385511225550537 -0.35762735222439623 -0.13445540228228145 -0.013673264837368153 -0.017227064226075544 -0.05883953374000913 -0.004506272281409756 0.37048895517198305 0.177838085711209 0.022446494605948938 0.04152085754008574 0.46219400506214514 0.2087017964791586 0.21889533517734958 0.05702220703547106 0.037104483285989184 0.10895014004092025 -0.20056821610252484 -0.020935594153895027 0.008132161361386697 -0.12679614061015723 -0.06855969495234973 -0.00667970987831208 -0.03346910116005272 -0.004917677434997195
0.11694861079887958 0.03683336328216454 -0.08912947304566435 0.19167755007231238 -0.1809551318122636 -0.2795097254809264 0.18635820685007434 -0.16039336071571458 0.07242261727737614 0.13484599468887618 -0.1590142410693274 0.1259204054285939 -0.11732173494699964 -0.15959779129466578 -0.15382568720464276 0.2635260963139699 0.2603028640292126 -0.0028184435300092794 0.11895923104635259 0.06574321758524763 -0.3535593997931225 0.4023237514016666 -0.029926975175213588 -0.048894043586420265 -0.31427557753968804 0.1254976956758756 -0.22747520628980414 0.17141849832189973
0.33839896789566315 0.6592815564361977 0.05173438687183734 -0.18707745833672182 0.04426200068458374 -0.04949621422058568 0.010828823789111083 0.2650114212722459 0.02771938281228106 -0.09067426118574577 0.09273697571890473 -0.18598326474923768 0.07621696134372855 0.04054815370228694 -0.40445586524028504 -0.2451859950315891 -0.09184224516134236 0.11878928385042448 0.040475454799752335 0.12279569765481708 -0.005498531000061812 -0.03543499670705226 -0.025515725335013274 0.10686134149361805 0.030807507783963003 -0.020931630031947215 -0.03200380074367264 0.006126706334928002
0.21650983133703933 -0.27907526853087955 -0.22373097565143285 -0.14727217725376543 -0.1520682475366008 0.08505430781595094 0.06132192743550749 -0.09712813260971613 0.166206415649006 0.26861408283864185 0.4207977413395514 -0.0059842002337532445 -0.07603653685007418 -0.03521761377210887 0.3351942148956506 0.18000211515046244 -0.05564778207487312 0.025006985555409353 0.031203944864426326 -0.4433636350129824 -0.15383571242388303 -0.1671706185776065 -0.1807522830271961 -0.04704037858696487 -0.02011893154065501 0.017749491183985902 0.19262864619351994 0.07544491379778578
0.003620268572151083 -0.04122035902457125 0.13973044125367556 -0.15554047984643327 -0.039434280941284275 0.13467526290614792 0.047859008224075676 0.026614050639755697 -0.15676541446924605 0.17686160847377524 0.21349297013648352 0.13917659166460608 0.05788768284050939 -0.05872151376210943 0.5269659148612501 -0.0712616728701641 -0.10209120731308943 -0.10641087066630925 -0.4554298245910499 -0.2292722325711937 0.007638011650987895 -0.10843684154530864 0.4454741338252861 -0.11662329448932565 0.05979464845139586 -0.09916510330705212 0.049980553181828286 -0.0018794720734583846
-0.004633413645256535 0.048273651558996336 -0.0005409551582594228 -0.1833962750804854 -0.0068236581910358736 0.17080207207278686 0.06921847508571069 0.04933525552377997 -0.15100635351638284 -0.2508175275571521 0.42576263532868913 0.28697091435284267 -0.021148119944681344 -0.11896909956058566 0.0015625507411467232 0.5465394059668529 -0.16632976868354946 -0.15352557116239357 0.06275290093999181 0.1394370529914385 -0.4071659015536239 -0.0005529158259402617 -0.013807794584438043 -0.11590025445755303 0.09921992077425391 0.02061374360214033 0.02412492168857848 -0.006763845230980562
-0.0059175402392257475 -0.03312695299390435 -0.052470286777571824 0.04124732596234854 0.13714720921140586 0.015983205990788528 -0.06093452787616977 -0.014323729028563261 0.07591556040852765 0.2631180971557358 0.08560912487758779 -0.16996303627729328 -0.03813336661952055 0.08668066216045044 0.02852871658655153 -0.417014676611422 -0.2580181992299785 0.1487613605968517 -0.13770937508127268 -0.37588809637484505 0.08031236751571709 0.13332265198415993 -0.034506584442751904 0.49164514950495913 0.08240131282077569 0.2931618891130449 -0.18425723459401286 -0.18374520613532977
-0.0013052930188871383 0.009626004221335669 0.05937720421299537 0.002482379101307833 -0.10685849878734544 0.0050636488773346975 0.034152945136272296 -0.010048152356373794 -0.06838747979398503 -0.02508681836007059 0.11961697707857144 -0.0696590167661061 0.032856292569331015 0.05828955053987671 0.040895215900221646 0.040125773563673105 0.08692510579037042 -0.06800469620594449 0.0623451983906521 -0.010962769159243525 0.2336376803829591 -0.3761260621849016 -0.28956131348103165 -0.41839129598876446 -0.08189206857989152 -0.11002846969671042 0.6072463097864421 0.30452055408374584
0.014042959518345027 -0.04444515248349456 0.03223684915744643 0.024109438968442958 -0.13810444314530299 0.10851986119268314 0.15154994759501736 0.034066211314409435 -0.03636348824542034 -0.11388090859815496 0.13434994408148068 0.004835280064501284 -0.1303261774420427 -0.03982361373385404 0.1110780484479823 0.12608703716573852 -0.4380539465433252 -0.21014818308574856 0.014382240036039733 -0.14998340109597405 0.3497866447476328 0.34863176869926943 0.056800772575358836 0.30763185244261326 -0.17534305017014476 -0.3590942025633372 -0.21612483050700312 0.23482001857440815
-0.026530645940035912 0.028840140749185866 0.01783837395187968 0.0018378206774272592 0.03196140352640666 -0.004171829572224659 -0.006332033374094559 0.06962041485483922 0.06250735000186756 -0.06393790433015024 -0.12866414816394836 0.07389375700634118 0.007182100683699734 0.2044378348833754 -0.3351362308334964 -0.2657342124011571 -0.12399137928689585 0.10118273965382547 -0.34181703992835605 -0.35533441293618306 -0.10506802594164096 0.0661999902280113 -0.5542126807836277 0.3616802084470894 -0.07653660459826753 0.09327710139496173 -0.02766946115200926 0.002468665709948281
0.19364536896746795 -0.48732219490855616 -0.11293684102266696 0.1413257072203326 0.17409226296510288 0.21891875193909774 0.045830186259342154 0.16727178258023867 -0.3258628182162446 -0.1686040335140841 -0.27237061617043046 0.07680317630123625 -0.01860314722975619 -0.016134356805602323 0.3321737316294752 -0.082229926258591 -0.19352822413051174 -0.09546720818880829 -0.09790897354015057 0.39354644126624333 0.05107668465203739 0.12165084323747563 -0.08613110974762297 -0.031481220905119824 0.05137830504385644 0.010186535143605454 -0.10654121075944954 0.025042095447165125
-0.025141468093454244 -0.00813284591223413 0.3668553845069545 -0.09987396635505393 -0.5046635712012739 0.07926676883334767 0.1890405882611692 -0.29586788982972295 0.11651973682582709 0.4813798802782302 -0.23848693828845854 -0.14880363611715958 0.13110351965427042 -0.09837640196968447 0.17309310154144503 -0.0010303840548976362 -0.23222567978557676 -0.039283885566714576 0.077046611754584 0.12207499013158042 -0.05097885307039157 -0.06278901615387443 0.0592599824180275 0.05106884447829738 -0.008013568719914084 0.016026334741476588 0.007465579524572576 0.0016521655588129208
0.12496339541195113 -0.19929958860049282 -0.07995313949023093 0.15380522402599806 0.03132532205057395 -0.018213525978211166 -6.580572474580455e-06 0.07896528637178606 0.017537208425817758 -0.05303653120921838 0.10087662524317194 -0.14878704397466422 -0.12121486804859316 -0.057885119012352514 -0.04118457232083326 -0.4898144439816654 0.39553709256191133 0.40009587345762637 -0.08730955022146747 -0.266855130100907 0.24722823153187662 0.01917609081294983 -0.046266425589322556 0.11545498663863217 0.33741040455524546 0.017965864405614356 0.15864415049382805 0.017808930400281822
0.009134327977967578 0.10593439822010829 0.23965765281006743 -0.317838477310376 0.32013543582228715 -0.1897820376191333 0.03784027362948995 -0.04916349188304892 -0.33767623153042436 -0.29758318576037535 -0.03700266513559341 0.22703990790836762 -0.05039042905363343 0.047106275850223985 0.16822540586346885 -0.21599924162744372 0.16309133891526265 -0.13764893928563637 -0.09808323320756092 0.05194978393965288 0.1068974609040229 -0.008006124746242333 0.05277936378061864 0.37939091531944996 0.21947538422576868 0.1893682115793821 0.2202037811187798 0.06383324970928993
-0.018401800835185854 0.0798136599243464 0.2586027769795531 0.3788491124758374 0.29249762300459353 0.10780736224766951 0.009204735360925137 0.018293352418326997 0.022569971305616096 0.014246470863070583 0.05043338510646659 0.002243831990771135 -0.021745906619101783 0.06179157878811277 -0.36757641159386395 -0.5325217068080967 -0.37522792169674074 -0.06294086322969138 -0.05549453379865971 -0.06666171480560672 -0.017472279790225354 0.07964240327010613 -0.038212807413343666 0.28457481545527347 0.09467607675562635 0.04868735829198109 -0.07872408644094629 -0.01203906874815701
-0.03485409720515856 0.18227766673555468 0.3425747356493126 -0.19508329591518087 -0.3432734161268571 0.05350525859391769 0.08388648853202176 -0.00670805095033381 -0.18608089841912853 -0.2395743240034845 -0.13852558783740007 0.0966734673300802 0.1386851150827513 -0.15552143063233395 -0.03576480458535236 0.47900522225103304 0.15809142738878781 -0.13764976783582314 0.2186830837439973 0.22726782430989625 -0.1337295316164475 -0.20257116248585938 -0.21848665378205526 -0.14879907375989498 0.0792503972804305 0.05802563805839052 0.07423421519082349 -0.0171224068248913
0.004607462669337369 -0.03520213261924097 0.028434180971230145 -0.05558600221583369 -0.04637180836843751 0.027406593935589054 0.007491881482385414 -0.006039395192058365 0.09449406615001595 0.15676541108941974 -0.22142117077420456 -0.018528126475455726 0.009510258459006899 -0.10585086373996898 0.5232788479844763 0.17946914159585853 -0.12573740915973336 0.014798312176387647 -0.3163467225782701 0.5095956492935754 -0.07437570271221629 0.07587776302264722 -0.26441882969761077 -0.1228963687582551 -0.12376542093120085 0.11307688693061659 -0.25602171373336347 0.16091620770350873
6.453064395689045e-05 -0.00781422649640161 0.0313830165315999 -0.02307859430702769 -0.0548563571465718 0.14804377254414755 -0.15478779552732913 -0.011314946353802348 0.051031601906583055 -0.03518325828309776 -0.16970358852480236 0.394052799348407 -0.18393887070971662 0.017232782871444603 0.06253707032794971 -0.301532896841811 0.22990610593550104 0.26399107568835906 0.0951256369138311 -0.22872986817833751 -0.19559760423097658 0.39101832947131765 -0.02746716044088425 -0.38836379394033393 0.06750987498417513 -0.23819730894006413 -0.1525927620057304 -0.145932937616135
0.0031995620082559493 0.061387308883215815 -0.0878577047478526 0.1525888302644364 -0.12599777663045164 0.05596261124454237 -0.018229894762675024 -0.026085869495519408 0.2984746929001063 -0.3655865913608151 0.44823014241234793 -0.21679017030181952 0.06619097872465499 -0.1412740199009124 0.39818516557517797 -0.388524566980871 0.24964037032882022 -0.030639342223193842 -0.1484322859687471 0.004417181351492838 -0.005799836154196409 -0.10165149359753568 0.05320521614864637 -0.16906800102101086 0.07794972287010868 0.07691921559786123 0.03103477877650028 -0.025682926919909147
-0.01808249966406096 -0.023885562564927836 0.03813475834439833 0.08603653851412427 -0.0038797183256521926 -0.06442462780059248 -0.02476375829580685 0.021631493037304113 0.18996043422579384 0.1627672946095596 -0.1679816049966628 -0.29660519989294465 -0.10722103765381984 0.03850236326762055 -0.215616079863835 -0.45162999070970955 -0.1706392429799075 0.009570682441217159 -0.1711482973449931 -0.0009420006902738015 0.47443764433606306 0.33810996921574316 0.17069251639753993 0.21976360346174023 -0.027538076266540163 -0.08996314543624882 -0.23753409490236746 0.0466081225386181
0.0036284063524583228 -0.02604833866685692 0.05693272593893234 -0.06419748178316001 0.0820640718226683 -0.034384874354756005 0.028792079628496853 -0.033846487108462324 -0.03228733035289459 0.1317288219238138 -0.2536146626717717 0.17252931266275945 -0.15625756134082222 -0.06225307857493905 0.281295529640822 -0.14195469285345988 -0.008964665501417272 0.08427411054272702 0.12959991116616015 0.1140918493276814 -0.4439485636770898 0.2933053460263759 0.08721247255858247 -0.5250570669300548 0.2584241278488106 -0.17208648529048345 0.19856310180007494 0.052663144928426324
0.010224866607141975 -0.0729205360775782 0.2638100404700824 -0.30983927942759326 -0.01857530363314156 0.10818715280028497 0.00199095715517858 0.03150480092067786 -0.11677278716042312 0.41957828125940627 -0.5054063900077483 0.2584824754353314 -0.011630073681791054 -0.030142534111104707 0.2203999050660683 -0.36181367460888725 0.16480813631636784 0.0036009000506755 -0.10600477406157764 0.12432776576239836 -0.23450070436552198 0.07414546020770446 0.034332829435361714 -0.07109887317639295 -0.014667674111697148 0.044335649933632676 -0.02541278975992486 0.0076540579455496634
0.02247473774264238 0.007084498875086551 -0.13643874011185936 0.19254684279481213 0.2503843346901708 -0.605076751680077 0.24746118660244193 -0.014219800058027702 0.09452539775368735 0.03146393247674971 -0.4216945898783838 0.08163173311712517 0.16593573964783132 0.003456905416498543 -0.10337400896139268 -0.0626523112240054 0.4060920091707466 -0.1370885705256768 0.012260325631694578 0.12913751866585702 -0.11632684155980205 -0.03927636672401268 -0.01650931228243699 -0.020066675971344154 0.023942174917329962 0.003225408624320615 -0.007795608061572045 0.0026877685943327767
-0.009994244399194923 -0.08793238510568778 -0.16137768483779358 0.15326550767619318 0.22071948714036788 -0.04411537819864971 -0.00930438365114986 -0.016956148803170052 -0.08662472482939611 0.06564718191758404 -0.26542241548977186 -0.23022368580112107 0.04318006914592937 0.024182305376689642 -0.007730162907968399 -0.1936995095912135 -0.03161125486326273 0.13665738218620818 0.1374820201267233 0.7350615601110101 0.25335919330750173 0.0014337702931586625 -0.08170199956831459 -0.10426531708905969 -0.18606589287712968 -0.0875697553837267 -0.11467773746140947 -0.015262801577169792
0.019825737931522147 -0.1705685533750073 0.28919891016975385 0.0016300842896593796 -0.0896873698457249 -0.012774757452357994 0.001218736568609958 0.10006751365524605 -0.44107487867893724 -0.16210938253509788 0.157490759582599 -0.06870879226590676 -0.02833618573844567 0.08582058602407505 0.09886065068965073 0.3977818484596898 0.4896160403017841 0.09921129756821102 -0.14974526402633873 0.045547742756495355 0.37224478031501473 0.06625804836941518 -0.10649060941545359 0.02946678441328549 0.0691433018656402 0.03238227113920105 0.08186396824799948 0.019209366903468396
0.07788539329294053 -0.15853497505455127 0.2829973202999596 -0.31470833293811457 0.2072772991291945 -0.07434260143320154 0.011172241634799948 -0.18320024460693793 0.20175947435627406 -0.536197324327983 0.2775057541135612 0.014030580169980425 -0.03988529729763821 -0.16069078926674338 0.01609710910869482 0.1346857844169512 0.30904740635807554 0.003867466343444945 0.30754589575533453 0.035127793516739024 0.14111420816762094 0.08184938913153697 -0.08254815140942413 -0.173856269306601 -0.03321468504679088 0.011075952669866884 -0.006059682949966089 0.0015192408400382957
0.20396965730100386 0.1432965242800664 -0.16032262523943264 -0.33019528318948416 -0.2311025451012667 0.004422890556275876 0.005602032644117306 0.41550279165042925 0.13952140244181804 0.15348671238689926 0.2816369479485959 -0.09221546462616623 -0.011320332205264443 0.1520973615630156 0.007903095441214746 0.33515255488643503 0.30602744726112474 0.09807731407058766 -0.18215298156807394 -0.2752712070790194 -0.026599809566911835 -0.1706163625354638 -0.1853689281616715 -0.11761981008448359 -0.07741008455066194 -0.007736079043485138 0.10992001006947369 0.04642602122119536
-0.0810866073298988 -0.2719298813650081 -0.43677142605809693 -0.4577872148353834 -0.3008251084789092 0.07643632666062224 0.13178529249137896 0.03416488588072705 0.15225758528597697 0.0842244133675708 -0.15086039481981037 -0.023776593285828783 -0.06641495296721843 0.19428141451366138 0.3236028081342332 0.35561633114061747 0.17964836521930594 -0.09035992909864883 -0.058767222384818275 0.005140848290139302 0.027574747452647572 0.10564450035317315 -0.09379800462249498 -0.10720821233645918 0.004943297270675421 0.004241458650379325 -0.03346478440205942 0.005997877819298158
0.059968359468238544 -0.0793244234686294 0.34956140375800404 -0.2405038644742654 -0.48317161258656455 0.0494234158380205 0.03587875780975221 -0.033279765811661484 -0.12538090115132164 0.18109159068963518 0.4092429308937576 0.04568073896581594 -0.03158374485687748 -0.19265434733837133 0.13663068694565356 0.07042666643609154 0.0588595312764956 0.30746333535001324 -0.01379840317383619 -0.07224065607794793 -0.21870191346985834 -0.2443529980830022 0.024789951054390903 0.005765505467099993 -0.24262863641524016 0.0597230149992891 0.11595025826613843 0.06699103164468945
