0.04618052158477092 0.0 -0.38782239987582273 0.0 0.6999522801358121 0.0 -0.3170052193620717 0.0 0.0 0.0 0.0 0.0 0.0 -0.2900418747336344 0.0 -0.13086308017669573 0.0 0.015267523878684013 0.0 0.0 0.0 0.0 0.3539545311208513 0.0 0.13087279739698887 0.0 0.0 -0.1146368643734792
0.1414588483994257 0.0 -0.6756576804006397 0.0 0.5050150684858811 0.0 -0.09789210324380283 0.0 0.0 0.0 0.0 0.0 0.0 -0.4044788915386336 0.0 -0.14712879016583355 0.0 -0.03769885242388592 0.0 0.0 0.0 0.0 0.25485439817509126 0.0 0.07327174335745647 0.0 0.0 -0.04315366885851408
0.035221877074517606 0.0 -0.6725026033969128 0.0 0.4311218412810249 0.0 -0.037883933801937046 0.0 0.0 0.0 0.0 0.0 0.0 -0.31371652110644416 0.0 -0.34093193470432637 0.0 -0.051848769959693036 0.0 0.0 0.0 0.0 0.3386931317361399 0.0 0.13640957474548626 0.0 0.0 -0.09239528721582248
0.06903786086068252 0.0 -0.6994862477317755 0.0 0.4477910370388882 0.0 -0.0703918255730454 0.0 0.0 0.0 0.0 0.0 0.0 -0.3707621009967499 0.0 -0.13490100627741997 0.0 0.03607356859005248 0.0 0.0 0.0 0.0 0.3722644016189971 0.0 0.010580155932595514 0.0 0.0 -0.06945572149736276
0.018084885923158073 0.0 -0.5363615869946459 0.0 0.5445959360549095 0.0 -0.10635248464715613 0.0 0.0 0.0 0.0 0.0 0.0 -0.4330475090977174 0.0 -0.1347337194751705 0.0 -0.028562539632633024 0.0 0.0 0.0 0.0 0.4241092087323226 0.0 0.08188588682976067 0.0 0.0 -0.10497876917031493
0.04794514759475146 0.0 -0.6934853449866959 0.0 0.5002078443494256 0.0 -0.059658128344960065 0.0 0.0 0.0 0.0 0.0 0.0 -0.2962573309483184 0.0 -0.13130927513389581 0.0 -0.09547177970164689 0.0 0.0 0.0 0.0 0.343682574822177 0.0 0.14114674813354497 0.0 0.0 -0.10414821142579357
0.15242160465738414 0.0 -0.7234780793919936 0.0 0.45326796983526213 0.0 -0.07281440655526672 0.0 0.0 0.0 0.0 0.0 0.0 -0.38042431470734633 0.0 -0.1398274580257454 0.0 -0.029070231286470027 0.0 0.0 0.0 0.0 0.26014063848055635 0.0 0.08468392080593738 0.0 0.0 -0.05127727542179062
0.06417314154777931 0.0 -0.5887435566374414 0.0 0.5469722539386702 0.0 -0.12141191191460811 0.0 0.0 0.0 0.0 0.0 0.0 -0.37400978029985904 0.0 0.07645165310796011 0.0 -0.08560806027883204 0.0 0.0 0.0 0.0 0.39913178924584425 0.0 0.09715235355996611 0.0 0.0 -0.11636862761007377
0.08848437620550437 0.0 -0.45639510246869874 0.0 0.5901219929565159 0.0 -0.18258289886431764 0.0 0.0 0.0 0.0 0.0 0.0 -0.4242413254226737 0.0 -0.0707752911604135 0.0 -0.050426520859455475 0.0 0.0 0.0 0.0 0.43863828018933354 0.0 0.0768624467225406 0.0 0.0 -0.12825556314090913
0.0700040834403185 0.0 -0.45761044690195846 0.0 0.6446759979332076 0.0 -0.236997232423238 0.0 0.0 0.0 0.0 0.0 0.0 -0.34327164412887645 0.0 -0.17650469881049854 0.0 0.05458263373748668 0.0 0.0 0.0 0.0 0.3651822595094171 0.0 0.12705934420992787 0.0 0.0 -0.11156398530938011
0.1713451856186718 0.0 -0.7145719771677501 0.0 0.41176367177691797 0.0 -0.05505758145993416 0.0 0.0 0.0 0.0 0.0 0.0 -0.40102169013811434 0.0 -0.03533345033972812 0.0 -0.10469127615507491 0.0 0.0 0.0 0.0 0.30179873336979174 0.0 0.1345224939527565 0.0 0.0 -0.07239592060641506
0.17804288719160002 0.0 -0.6299800196318639 0.0 0.3531151798930761 0.0 -0.04677768015710763 0.0 0.0 0.0 0.0 0.0 0.0 -0.4903968522261748 0.0 -4.146756967351052e-05 0.0 -0.12673306859623243 0.0 0.0 0.0 0.0 0.4020309103657877 0.0 0.12900043122718977 0.0 0.0 -0.0986261341544569
0.2000387482065866 0.0 -0.6315537356205979 0.0 0.4679592608914137 0.0 -0.0816371220153241 0.0 0.0 0.0 0.0 0.0 0.0 -0.4890631435696953 0.0 0.018850471314756253 0.0 -0.026042415026391794 0.0 0.0 0.0 0.0 0.30432415552708014 0.0 0.011132977935466306 0.0 0.0 -0.050204061709953396
0.03144236633150549 0.0 -0.47059084291601616 0.0 0.4868373292472971 0.0 -0.1139893391434115 0.0 0.0 0.0 0.0 0.0 0.0 -0.304866865500635 0.0 0.04613952773236114 0.0 -0.12419321883317617 0.0 0.0 0.0 0.0 0.55091371294498 0.0 0.20892402097013224 0.0 0.0 -0.2643855113716165
0.02305545181498486 0.0 -0.4490291580662438 0.0 0.5773391902212766 0.0 -0.14586000043907876 0.0 0.0 0.0 0.0 0.0 0.0 -0.3325875886203654 0.0 -0.16228060381485682 0.0 -0.12538049273733715 0.0 0.0 0.0 0.0 0.4625202117624247 0.0 0.2192825199616744 0.0 0.0 -0.16901492468743126
0.03544374342063453 0.0 -0.32189785698906764 0.0 0.4521895762774607 0.0 -0.10801378626480128 0.0 0.0 0.0 0.0 0.0 0.0 -0.5346273779882126 0.0 -0.09781488389819519 0.0 -0.0589970296766763 0.0 0.0 0.0 0.0 0.5880195535765245 0.0 0.08657794186404617 0.0 0.0 -0.16384611706702704
0.06646386274937273 0.0 -0.3217194865593482 0.0 0.46702608614762137 0.0 -0.1983116492435117 0.0 0.0 0.0 0.0 0.0 0.0 -0.4418799828732804 0.0 -0.07268118511168266 0.0 0.13087494848488393 0.0 0.0 0.0 0.0 0.5827751870239035 0.0 0.1759013188224346 0.0 0.0 -0.2154096861793992
0.011501863071470912 0.0 -0.19150748218254207 0.0 0.6484977398228913 0.0 -0.33055434526601424 0.0 0.0 0.0 0.0 0.0 0.0 -0.25981278827237114 0.0 -0.16932251229142062 0.0 -0.1184198850258937 0.0 0.0 0.0 0.0 0.5020730770420105 0.0 0.12865055524707045 0.0 0.0 -0.23356517364634294
0.016979216257703964 0.0 -0.41722133271836426 0.0 0.5944294879901709 0.0 -0.18803128608491518 0.0 0.0 0.0 0.0 0.0 0.0 -0.3219361031048755 0.0 -0.07093029249700027 0.0 -0.05449972204680287 0.0 0.0 0.0 0.0 0.4995330308296274 0.0 0.19070351151743611 0.0 0.0 -0.19847071881470557
0.009309021174122138 0.0 -0.33875231650606796 0.0 0.5508583434436293 0.0 -0.09095633082824725 0.0 0.0 0.0 0.0 0.0 0.0 -0.3079805887697303 0.0 -0.12385362420225636 0.0 -0.31413418956246014 0.0 0.0 0.0 0.0 0.4987008308595955 0.0 0.27146705300768664 0.0 0.0 -0.2053614121970802
0.07814230142414619 0.0 -0.42889684946556467 0.0 0.5096975279411663 0.0 -0.14212870621007662 0.0 0.0 0.0 0.0 0.0 0.0 -0.4144170947945179 0.0 0.0065569221346166535 0.0 -0.23805776089764977 0.0 0.0 0.0 0.0 0.4928098163376011 0.0 0.17451259337893665 0.0 0.0 -0.16785992551056292
0.04021248263762187 0.0 -0.4420543584145875 0.0 0.5090315084674117 0.0 -0.1540555542399227 0.0 0.0 0.0 0.0 0.0 0.0 -0.303031977995319 0.0 -0.08848535849373043 0.0 0.05277384942399059 0.0 0.0 0.0 0.0 0.5716327516805536 0.0 0.10448966720229565 0.0 0.0 -0.2828418271004739
0.003000530665948287 0.0 -0.39274712953701446 0.0 0.5065777008049388 0.0 -0.1329153667204068 0.0 0.0 0.0 0.0 0.0 0.0 -0.37105782146146365 0.0 -0.05515970120614436 0.0 -0.1752214520908698 0.0 0.0 0.0 0.0 0.5535839788920458 0.0 0.22498807657421696 0.0 0.0 -0.20724216349163518
0.08004841427453285 0.0 -0.41786172591546555 0.0 0.6119166578941534 0.0 -0.27021122538958786 0.0 0.0 0.0 0.0 0.0 0.0 -0.42854267858324857 0.0 -0.0374554523596984 0.0 0.053476190706320086 0.0 0.0 0.0 0.0 0.4144164218846026 0.0 0.03137093606815055 0.0 0.0 -0.10436081277723655
0.005854244290004916 0.0 -0.3918958503290696 0.0 0.5162255434444325 0.0 -0.09821867211681151 0.0 0.0 0.0 0.0 0.0 0.0 -0.2918639256728195 0.0 -0.12663095274232083 0.0 -0.2746572555417731 0.0 0.0 0.0 0.0 0.5216846904049832 0.0 0.2657877730176687 0.0 0.0 -0.22537310675812341
0.03510750695929408 0.0 -0.4279467153526401 0.0 0.5287813484749336 0.0 -0.14951923844495765 0.0 0.0 0.0 0.0 0.0 0.0 -0.2362133775241376 0.0 -0.23038546262824655 0.0 -0.1969847740666815 0.0 0.0 0.0 0.0 0.43583451575762644 0.0 0.3556341126175349 0.0 0.0 -0.2226180251125696
0.04233810101816776 0.0 -0.32171486489720863 0.0 0.5682356440586543 0.0 -0.18122251265129652 0.0 0.0 0.0 0.0 0.0 0.0 -0.3832505323793326 0.0 -0.09175680233980739 0.0 -0.2031492510907645 0.0 0.0 0.0 0.0 0.5274892052172612 0.0 0.1649883687514273 0.0 0.0 -0.19219199158274405
0.0247480527956121 0.0 -0.3722250469413229 0.0 0.500082784755319 0.0 -0.13036210466652995 0.0 0.0 0.0 0.0 0.0 0.0 -0.19303256930790233 0.0 -0.10331536657282359 0.0 -0.23349469053453242 0.0 0.0 0.0 0.0 0.4530805712603429 0.0 0.4475529737767833 0.0 0.0 -0.2927761972720605
0.003649687520875102 0.0 -0.25787896479710887 0.0 0.48121703040029096 0.0 -0.19710790300135547 0.0 0.0 0.0 0.0 0.0 0.0 -0.1867399389624312 0.0 -0.2676684644834299 0.0 -0.24578448857921228 0.0 0.0 0.0 0.0 0.4624827933999111 0.0 0.4487114829932495 0.0 0.0 -0.28443489211692097
0.02966215242438601 0.0 -0.342833412482925 0.0 0.6290072124224296 0.0 -0.15091722074461686 0.0 0.0 0.0 0.0 0.0 0.0 -0.2435587898172327 0.0 -0.059066625977284154 0.0 -0.37881987127500255 0.0 0.0 0.0 0.0 0.3951488589080414 0.0 0.26348589861191957 0.0 0.0 -0.17685486270981504
0.05227894130010519 0.0 -0.37958957426291723 0.0 0.479327395135187 0.0 -0.1118941179136103 0.0 0.0 0.0 0.0 0.0 0.0 -0.35866415390783146 0.0 -0.19644045332585694 0.0 -0.22737839991460734 0.0 0.0 0.0 0.0 0.5206543832493158 0.0 0.2817679919918063 0.0 0.0 -0.2037146784104005
0.05032323179313286 0.0 -0.3990711818083777 0.0 0.7313336811166403 0.0 -0.14744911848252296 0.0 0.0 0.0 0.0 0.0 0.0 -0.23068460304434768 0.0 -0.015109664951483347 0.0 -0.37884036815457 0.0 0.0 0.0 0.0 0.24537137032439385 0.0 0.13705856356579946 0.0 0.0 -0.0752575357908764
0.04178659672079623 0.0 -0.2553306116440978 0.0 0.43897388690219685 0.0 -0.19483951761787174 0.0 0.0 0.0 0.0 0.0 0.0 -0.27202463413434386 0.0 -0.1495647354292583 0.0 -0.4277196117812419 0.0 0.0 0.0 0.0 0.4623897706577504 0.0 0.3930301117360205 0.0 0.0 -0.23411877622684818
0.00454528103768944 0.0 -0.27793992701169096 0.0 0.6002136999785916 0.0 -0.27340364133974265 0.0 0.0 0.0 0.0 0.0 0.0 -0.23626858174904433 0.0 -0.03095459687407803 0.0 -0.3163357887044277 0.0 0.0 0.0 0.0 0.4813756037006882 0.0 0.19986879932640697 0.0 0.0 -0.2433173460035832
0.011337238581975537 0.0 -0.3071930991106608 0.0 0.5275406188255565 0.0 -0.20547892132679085 0.0 0.0 0.0 0.0 0.0 0.0 -0.23238870801774977 0.0 -0.09598746153338619 0.0 -0.4509637887374332 0.0 0.0 0.0 0.0 0.4271166390227739 0.0 0.3080849701370199 0.0 0.0 -0.202612339128221
0.03784802978951794 0.0 -0.38271664358278845 0.0 0.6259400139048791 0.0 -0.14546370252252344 0.0 0.0 0.0 0.0 0.0 0.0 -0.23032521548153875 0.0 -0.1888196900632587 0.0 -0.2613372200132199 0.0 0.0 0.0 0.0 0.3740172451433467 0.0 0.33495433743981234 0.0 0.0 -0.17335477197404445
0.01651384601709786 0.0 -0.3325202918785155 0.0 0.4263189441721465 0.0 -0.10879286301977273 0.0 0.0 0.0 0.0 0.0 0.0 -0.2992761098009021 0.0 -0.11426510441244794 0.0 -0.20246510234375809 0.0 0.0 0.0 0.0 0.6139195751623551 0.0 0.2756995592754335 0.0 0.0 -0.31472449185191337
0.004402236942574312 0.0 -0.3093251583560965 0.0 0.48877503418112117 0.0 -0.10329289750840857 0.0 0.0 0.0 0.0 0.0 0.0 -0.2852639090173512 0.0 -0.16064409992467846 0.0 -0.2976009333794263 0.0 0.0 0.0 0.0 0.5513452264217912 0.0 0.29470025711203174 0.0 0.0 -0.2610554913934374
0.007739617058517656 0.0 -0.44199807788035944 0.0 0.4471901613181202 0.0 -0.06552280955043623 0.0 0.0 0.0 0.0 0.0 0.0 -0.2672827661361922 0.0 -0.0901949167844558 0.0 -0.30977034019800587 0.0 0.0 0.0 0.0 0.5175278336493142 0.0 0.3134597436975406 0.0 0.0 -0.24224075885884336
0.20900919269007037 0.0 0.17722630436090367 0.0 -0.615919863774599 0.0 0.25342970047151286 0.0 0.0 0.0 0.0 0.0 0.0 -0.3898835459067326 0.0 0.3519086959579892 0.0 0.1675135883189726 0.0 0.0 0.0 0.0 -0.03104035838133051 0.0 -0.36554488659358386 0.0 0.0 0.20694400896403045
0.13096076466079604 0.0 -0.5082500074809234 0.0 0.6268434144030174 0.0 -0.15269881883074005 0.0 0.0 0.0 0.0 0.0 0.0 -0.2868533575433254 0.0 0.25209257296129584 0.0 -0.10063953990287808 0.0 0.0 0.0 0.0 0.1991971821304128 0.0 0.3326759468357062 0.0 0.0 -0.044328078264755204
-0.011270208610569253 0.0 -0.6386992960284491 0.0 0.6432072059732131 0.0 -0.14469114288067786 0.0 0.0 0.0 0.0 0.0 0.0 -0.16637730245885368 0.0 -0.10080053114651684 0.0 -0.04026980194048172 0.0 0.0 0.0 0.0 0.30220100379023807 0.0 0.12597044635108856 0.0 0.0 -0.10308901085810808
0.32898358914880316 0.0 -0.6119705156090584 0.0 0.36979712660097164 0.0 0.005999448057086514 0.0 0.0 0.0 0.0 0.0 0.0 -0.4540680153976995 0.0 0.2766725343555659 0.0 -0.13236344128368435 0.0 0.0 0.0 0.0 0.1373488256500884 0.0 0.2476737981569456 0.0 0.0 0.0048407864327565464
-0.3008095000768952 0.0 -0.2735106107341359 0.0 0.3968200754809288 0.0 -0.08603641706914837 0.0 0.0 0.0 0.0 0.0 0.0 -0.1991913058354686 0.0 -0.5507847817936201 0.0 0.07339038461504468 0.0 0.0 0.0 0.0 0.5386103008223799 0.0 0.10441276729544001 0.0 0.0 -0.1428526172544496
-0.01613216876718109 0.0 -0.3998312325847742 0.0 0.5515547238083999 0.0 -0.14480934863886177 0.0 0.0 0.0 0.0 0.0 0.0 -0.3369673853871112 0.0 -0.23036562223658805 0.0 -0.05076972586325762 0.0 0.0 0.0 0.0 0.5199255744096795 0.0 0.19515647606483172 0.0 0.0 -0.19258977363673913
-0.1203143939855936 0.0 -0.44804867054995234 0.0 0.48528912431470755 0.0 -0.10497934597510175 0.0 0.0 0.0 0.0 0.0 0.0 -0.36963256636640757 0.0 -0.012534661709250317 0.0 -0.10087399659822328 0.0 0.0 0.0 0.0 0.5897915013621376 0.0 0.08468044343935659 0.0 0.0 -0.19043353309286948
-0.009839885528547448 0.0 -0.4076313206010649 0.0 0.45467823779104394 0.0 -0.12257249780233963 0.0 0.0 0.0 0.0 0.0 0.0 -0.4004761400565054 0.0 -0.12914159712261353 0.0 0.028227480514343293 0.0 0.0 0.0 0.0 0.6044316098377603 0.0 0.13728991061673337 0.0 0.0 -0.22347705460114115
-0.006732717287686892 0.0 -0.3393824125064049 0.0 0.6217289874016709 0.0 -0.2612586134340506 0.0 0.0 0.0 0.0 0.0 0.0 -0.20495788959592431 0.0 -0.1272097839242422 0.0 -0.07986566668278236 0.0 0.0 0.0 0.0 0.5119360975297644 0.0 0.1708605443471629 0.0 0.0 -0.2722696601042807
-0.12250359728121119 0.0 -0.42996085082395447 0.0 0.5017053724460345 0.0 -0.1260173590937713 0.0 0.0 0.0 0.0 0.0 0.0 -0.2898500104930625 0.0 -0.3931135258509201 0.0 -0.00805150075590925 0.0 0.0 0.0 0.0 0.5048976263291663 0.0 0.14054472996738285 0.0 0.0 -0.13873480539899674
-0.019180576814807726 0.0 -0.3806899419415403 0.0 0.6854958047035485 0.0 -0.23885587897096677 0.0 0.0 0.0 0.0 0.0 0.0 -0.27678593505041726 0.0 -0.19162007499284361 0.0 -0.07764785498282312 0.0 0.0 0.0 0.0 0.4076615950554943 0.0 0.15003161734803744 0.0 0.0 -0.140339893614579
-0.006265025278034599 0.0 -0.2936648627604756 0.0 0.5639603446561937 0.0 -0.17546565157803543 0.0 0.0 0.0 0.0 0.0 0.0 -0.44015641322534815 0.0 -0.2209230087560694 0.0 -0.007183177132413179 0.0 0.0 0.0 0.0 0.5334803146128901 0.0 0.11149014235189976 0.0 0.0 -0.15891725127760825
-0.0010794477126536066 0.0 -0.29125923008357274 0.0 0.589950489976398 0.0 -0.27461581525084877 0.0 0.0 0.0 0.0 0.0 0.0 -0.26857904514980124 0.0 -0.3134118208230528 0.0 -0.08001604579074884 0.0 0.0 0.0 0.0 0.4323863478603616 0.0 0.3141594178857131 0.0 0.0 -0.17115237334895647
-0.01772051578147729 0.0 -0.4842503003208394 0.0 0.4493110078101159 0.0 -0.08199761922614686 0.0 0.0 0.0 0.0 0.0 0.0 -0.262141289504265 0.0 -0.09412186180165721 0.0 -0.1953294809506738 0.0 0.0 0.0 0.0 0.5260299820279345 0.0 0.32660950341911366 0.0 0.0 -0.23973264751614284
-0.04722872372812279 0.0 -0.34009722436556183 0.0 0.6114130461735106 0.0 -0.1962560026148593 0.0 0.0 0.0 0.0 0.0 0.0 -0.23000757522272788 0.0 -0.02623419640957689 0.0 -0.22907520574142154 0.0 0.0 0.0 0.0 0.504516750922927 0.0 0.2340938536577152 0.0 0.0 -0.23314532410409203
-0.017566734848863196 0.0 -0.4245966213441887 0.0 0.4752953976821098 0.0 -0.04979016239048342 0.0 0.0 0.0 0.0 0.0 0.0 -0.27410223708366016 0.0 -0.21725276225181486 0.0 -0.22510466558800377 0.0 0.0 0.0 0.0 0.5190803936402361 0.0 0.3112024726570366 0.0 0.0 -0.22744230046723954
-0.0024506625409583638 0.0 -0.4581026773086602 0.0 0.7216142225323615 0.0 -0.15239183371165804 0.0 0.0 0.0 0.0 0.0 0.0 -0.11141946316827687 0.0 -0.022214466248143053 0.0 -0.33093085082388957 0.0 0.0 0.0 0.0 0.24904109695946586 0.0 0.21578892145034229 0.0 0.0 -0.12319188385143386
-0.026207689076211398 0.0 -0.3195121029610762 0.0 0.6554505108959752 0.0 -0.23734190571692462 0.0 0.0 0.0 0.0 0.0 0.0 -0.06703652723160539 0.0 0.019162334614763358 0.0 -0.45613000467254167 0.0 0.0 0.0 0.0 0.2847972264721147 0.0 0.2782469606797217 0.0 0.0 -0.19957985144821733
-0.019102627466301775 0.0 -0.4192818375675504 0.0 0.6135163407680025 0.0 -0.15088788210195092 0.0 0.0 0.0 0.0 0.0 0.0 -0.2956601923242292 0.0 -0.10361514861420983 0.0 -0.14172767707281092 0.0 0.0 0.0 0.0 0.49811883554942593 0.0 0.14695235960628197 0.0 0.0 -0.19160695143005602
-0.12713553006682446 0.0 -0.38949661049828654 0.0 0.42648879966402814 0.0 -0.09332559066407721 0.0 0.0 0.0 0.0 0.0 0.0 -0.14768883394092616 0.0 -0.28242663755081227 0.0 -0.09664541785431441 0.0 0.0 0.0 0.0 0.5475188594993924 0.0 0.392562793563263 0.0 0.0 -0.2769963949842656
-0.005845495848435003 0.0 -0.27522901530219457 0.0 0.543569312243448 0.0 -0.004304178079571342 0.0 0.0 0.0 0.0 0.0 0.0 -0.26843167774793186 0.0 -0.25042226326731964 0.0 -0.38317950035638537 0.0 0.0 0.0 0.0 0.45813643868301146 0.0 0.3178035485513806 0.0 0.0 -0.1903869721893989
-0.023816771384215285 0.0 -0.32998464643135367 0.0 0.5527198425456727 0.0 -0.19195399232480026 0.0 0.0 0.0 0.0 0.0 0.0 -0.2087985807823232 0.0 -0.004513228887268345 0.0 -0.21722221604057992 0.0 0.0 0.0 0.0 0.5472936732288565 0.0 0.24509215304108764 0.0 0.0 -0.3127204807097415
-0.006131316535613185 0.0 -0.3075557348315242 0.0 0.45934656206571495 0.0 -0.1559217022073688 0.0 0.0 0.0 0.0 0.0 0.0 -0.2885596240217428 0.0 -0.17313107143746295 0.0 -0.1794426607527367 0.0 0.0 0.0 0.0 0.5911119254890383 0.0 0.30042969499483646 0.0 0.0 -0.291460173142442
-0.10726158249644648 0.0 -0.44749548587006677 0.0 0.5378073202560686 0.0 -0.029771638618978264 0.0 0.0 0.0 0.0 0.0 0.0 -0.3445129943790673 0.0 -0.1865042523363271 0.0 -0.24456442643303022 0.0 0.0 0.0 0.0 0.4686733927349413 0.0 0.2163450179443783 0.0 0.0 -0.13555428764920682
-0.0870722446770168 0.0 0.3728249528137463 0.0 -0.42172820556953 0.0 0.19577196407352826 0.0 0.0 0.0 0.0 0.0 0.0 0.2932490689169779 0.0 -0.4606603108472135 0.0 -0.14814635801160952 0.0 0.0 0.0 0.0 0.5629691755435287 0.0 -0.010905935113461466 0.0 0.0 0.005926520120760435
0.2219072681110174 0.0 -0.5184798066553112 0.0 0.6526339892340223 0.0 0.002264189622083744 0.0 0.0 0.0 0.0 0.0 0.0 -0.4278788392874976 0.0 0.10242336522332433 0.0 -0.06375552832034283 0.0 0.0 0.0 0.0 0.23689896008340436 0.0 0.04734453415314066 0.0 0.0 -0.0011694204327677901
0.09726918491899846 0.0 -0.4921391886462783 0.0 0.6139342329371863 0.0 -0.2178585547520029 0.0 0.0 0.0 0.0 0.0 0.0 -0.4801572642504592 0.0 0.2526475545506074 0.0 -0.13771801354983218 0.0 0.0 0.0 0.0 0.0648847286558692 0.0 0.07928746478949095 0.0 0.0 -0.010750155277213534
0.16187051656941776 0.0 -0.6085351571571365 0.0 0.6428025114917006 0.0 -0.1771777931487608 0.0 0.0 0.0 0.0 0.0 0.0 -0.3260744803659104 0.0 0.1556448786699676 0.0 -0.11408242678755966 0.0 0.0 0.0 0.0 0.09528061434474862 0.0 0.07299127028476496 0.0 0.0 -0.030414521082268345
0.08085006872266329 0.0 -0.4778146220185713 0.0 0.6420443002422551 0.0 -0.24689969332488573 0.0 0.0 0.0 0.0 0.0 0.0 -0.37437409774575975 0.0 0.2969817819947543 0.0 -0.17421736480815916 0.0 0.0 0.0 0.0 0.08330686488766738 0.0 0.1582027358439394 0.0 0.0 -0.036085147484120825
0.15663705870567718 0.0 -0.5928961412483307 0.0 0.6072154817548256 0.0 -0.16639474903868182 0.0 0.0 0.0 0.0 0.0 0.0 -0.43915773325129426 0.0 0.11687510322098878 0.0 -0.06657041842574606 0.0 0.0 0.0 0.0 0.08257431408932706 0.0 0.09406261507288419 0.0 0.0 -0.03039614784968364
0.05022630877061987 0.0 -0.42551087023759276 0.0 0.6935587752240611 0.0 -0.28481303062467966 0.0 0.0 0.0 0.0 0.0 0.0 -0.44800575559012173 0.0 0.06530908076774737 0.0 -0.10920192425371668 0.0 0.0 0.0 0.0 0.17429470385825968 0.0 0.0760299756613656 0.0 0.0 -0.03488389008676507
0.1592568013522094 0.0 -0.4783523839942771 0.0 0.5653551829600006 0.0 -0.3296473208162399 0.0 0.0 0.0 0.0 0.0 0.0 -0.4208187216341843 0.0 0.20220555438979126 0.0 0.14383999861504648 0.0 0.0 0.0 0.0 0.248471317718407 0.0 -0.1269735235034937 0.0 0.0 -0.03157102506874524
0.19795128395798542 0.0 -0.6694247031516013 0.0 0.611580942437446 0.0 -0.1567148901798803 0.0 0.0 0.0 0.0 0.0 0.0 -0.26573434288829917 0.0 0.1125344844895968 0.0 -0.11751075295443737 0.0 0.0 0.0 0.0 0.12467175537801585 0.0 0.032383466509605656 0.0 0.0 -0.02039083841483404
0.08237333246185424 0.0 -0.5876120176708437 0.0 0.6000537741745466 0.0 -0.15466125051919058 0.0 0.0 0.0 0.0 0.0 0.0 -0.45709409836175485 0.0 0.06883536044948299 0.0 -0.05075214602604159 0.0 0.0 0.0 0.0 0.21260248673786497 0.0 0.036084578874131454 0.0 0.0 -0.03451232161705652
0.04203176722950461 0.0 -0.4605283707797524 0.0 0.6626833734738473 0.0 -0.24808581462818952 0.0 0.0 0.0 0.0 0.0 0.0 -0.41122183435218934 0.0 0.1572399328454904 0.0 0.004202343341054234 0.0 0.0 0.0 0.0 0.2620211403369675 0.0 0.14504342372683746 0.0 0.0 -0.04373784840870633
0.042038429811089184 0.0 -0.5423159770676655 0.0 0.6031664106907093 0.0 -0.17079223512630304 0.0 0.0 0.0 0.0 0.0 0.0 -0.4578014103608953 0.0 0.04893284520072689 0.0 -0.03518010772056804 0.0 0.0 0.0 0.0 0.27309495260897193 0.0 0.11999945321958407 0.0 0.0 -0.0946125166699409
0.18557012398530784 0.0 -0.6313292166489342 0.0 0.5967608696216286 0.0 -0.1639974749996825 0.0 0.0 0.0 0.0 0.0 0.0 -0.3736223947466537 0.0 0.11375611851224535 0.0 -0.019049160585438 0.0 0.0 0.0 0.0 0.11521326528657963 0.0 0.10575697399272067 0.0 0.0 -0.08131905712308901
0.09392932027493575 0.0 -0.510495082092013 0.0 0.6167391608640005 0.0 -0.17785911371831264 0.0 0.0 0.0 0.0 0.0 0.0 -0.4510683166498197 0.0 0.20497107442450987 0.0 -0.15013421945472835 0.0 0.0 0.0 0.0 0.17708329362594394 0.0 0.13045883773443925 0.0 0.0 -0.04665773638860753
0.11758629407817307 0.0 -0.5898633780244779 0.0 0.5880838442252371 0.0 -0.16076231599539245 0.0 0.0 0.0 0.0 0.0 0.0 -0.36176104701856304 0.0 0.020843097769217746 0.0 -0.0365545880389025 0.0 0.0 0.0 0.0 0.2762663814585243 0.0 0.18259852903662135 0.0 0.0 -0.15569349545107852
0.03565743570948096 0.0 -0.6015682477142529 0.0 0.5279597144819642 0.0 -0.11900407983719449 0.0 0.0 0.0 0.0 0.0 0.0 -0.45073647031092845 0.0 0.11377825436365027 0.0 0.008118357607189972 0.0 0.0 0.0 0.0 0.25559760531874426 0.0 0.2094049632209113 0.0 0.0 -0.1363283552896944
0.01391074213609909 0.0 -0.5795119111107313 0.0 0.6138620769461673 0.0 -0.23665263624941948 0.0 0.0 0.0 0.0 0.0 0.0 -0.25049619426898107 0.0 0.031243900549266762 0.0 -0.00992631579802719 0.0 0.0 0.0 0.0 0.3779278688301659 0.0 0.07546572955822516 0.0 0.0 -0.13709015132818334
0.09880266558639221 0.0 -0.6704248798234526 0.0 0.5414749006600835 0.0 -0.11500830794050082 0.0 0.0 0.0 0.0 0.0 0.0 -0.3728438660300541 0.0 0.11189668918931851 0.0 -0.012780981006577766 0.0 0.0 0.0 0.0 0.21195970935577363 0.0 0.0697320241525944 0.0 0.0 -0.18127407509262877
0.2433057773213015 0.0 -0.6771687422236873 0.0 0.5442557676283126 0.0 -0.10577732742083405 0.0 0.0 0.0 0.0 0.0 0.0 -0.3253171153352954 0.0 0.05785556166663937 0.0 -0.14131083619791643 0.0 0.0 0.0 0.0 0.16965015965729208 0.0 0.12217084800817372 0.0 0.0 -0.044581082722528774
0.13278152281306999 0.0 -0.5601105686913729 0.0 0.5594841496504455 0.0 -0.13673214614093612 0.0 0.0 0.0 0.0 0.0 0.0 -0.4541171264864274 0.0 0.030544520564634848 0.0 -0.05140009310013345 0.0 0.0 0.0 0.0 0.3226760853624203 0.0 0.12384022589143293 0.0 0.0 -0.08759831649128884
0.15714147338753823 0.0 -0.5641406846231944 0.0 0.5838037452729004 0.0 -0.17921969143323477 0.0 0.0 0.0 0.0 0.0 0.0 -0.45421867903350654 0.0 0.06868010228454714 0.0 -0.08010099811045986 0.0 0.0 0.0 0.0 0.2112120803510525 0.0 0.13874138619163306 0.0 0.0 -0.05289503419727515
0.0679963739684998 0.0 -0.6335221319990675 0.0 0.5341212196018336 0.0 -0.10999791095169431 0.0 0.0 0.0 0.0 0.0 0.0 -0.3529736703490883 0.0 -0.0052474490571926095 0.0 -0.046218256191903485 0.0 0.0 0.0 0.0 0.35357990462417416 0.0 0.12839862055087362 0.0 0.0 -0.16847003932943885
0.0722134047880613 0.0 -0.5236295631592262 0.0 0.6458825907713861 0.0 -0.21235973694120672 0.0 0.0 0.0 0.0 0.0 0.0 -0.355649551866706 0.0 -0.034398028473948204 0.0 0.0599089298501331 0.0 0.0 0.0 0.0 0.31180016030870844 0.0 0.14624227406885926 0.0 0.0 -0.09203953033484132
0.22236028250394674 0.0 -0.6560829641205578 0.0 0.5901973267766818 0.0 0.005845014594473922 0.0 0.0 0.0 0.0 0.0 0.0 -0.3351453384498719 0.0 0.02143187618989279 0.0 -0.15675649921903348 0.0 0.0 0.0 0.0 0.13909354867867316 0.0 0.12230074509715776 0.0 0.0 -0.009229812627876869
0.043029965674665105 0.0 -0.5224948304948223 0.0 0.5752410865074542 0.0 -0.05823453264643069 0.0 0.0 0.0 0.0 0.0 0.0 -0.5621691880283609 0.0 0.042169883490840464 0.0 -0.15278014182564942 0.0 0.0 0.0 0.0 0.19837781378324473 0.0 0.09306151739646026 0.0 0.0 -0.04105527933755625
0.06446021338680046 0.0 -0.5234007841934958 0.0 0.5258440248583708 0.0 -0.14143975321033614 0.0 0.0 0.0 0.0 0.0 0.0 -0.5449578783723732 0.0 0.04007737806438208 0.0 -0.15178079519280568 0.0 0.0 0.0 0.0 0.21510689797942248 0.0 0.22067157701932583 0.0 0.0 -0.0937536134972413
0.1518588385995789 0.0 -0.6290512771070688 0.0 0.4836272797791983 0.0 -0.23760462421471154 0.0 0.0 0.0 0.0 0.0 0.0 -0.3877709834955154 0.0 -0.002042433123060038 0.0 0.09910062092190472 0.0 0.0 0.0 0.0 0.3167852552572693 0.0 0.15320913369549788 0.0 0.0 -0.08285350853720662
0.09987850840145479 0.0 -0.5247158863655002 0.0 0.5504688490730227 0.0 -0.21035319252263227 0.0 0.0 0.0 0.0 0.0 0.0 -0.4243296949266904 0.0 -0.13736445965376504 0.0 0.1495118216365525 0.0 0.0 0.0 0.0 0.3699429709642524 0.0 0.038721128542575 0.0 0.0 -0.08830348581924066
0.16323816521787715 0.0 -0.5446423592396897 0.0 0.5574452476254032 0.0 0.003833770066053082 0.0 0.0 0.0 0.0 0.0 0.0 -0.2637203949993976 0.0 -0.09361105578814756 0.0 -0.12121131814082685 0.0 0.0 0.0 0.0 0.5038505129469575 0.0 0.13808571893757227 0.0 0.0 -0.004629764982620215
0.16952180466514738 0.0 -0.6090281632444482 0.0 0.5158055650096945 0.0 -0.12416337322883307 0.0 0.0 0.0 0.0 0.0 0.0 -0.418541462343041 0.0 0.02044198996838568 0.0 0.03135574384532967 0.0 0.0 0.0 0.0 0.3654053150274797 0.0 0.015649353869317935 0.0 0.0 -0.09236433358478188
0.14181514103327222 0.0 -0.5559942490256286 0.0 0.5758340494119929 0.0 -0.1783087701901468 0.0 0.0 0.0 0.0 0.0 0.0 -0.41454430305156903 0.0 0.13221272686234817 0.0 -0.0553552815711365 0.0 0.0 0.0 0.0 0.3038097673702582 0.0 0.12390311023798121 0.0 0.0 -0.08565187577794181
0.15214787775477037 0.0 -0.5358887974312223 0.0 0.5557281961028702 0.0 -0.16916706548855692 0.0 0.0 0.0 0.0 0.0 0.0 -0.437217070410359 0.0 0.06603770895198567 0.0 0.05201035154743009 0.0 0.0 0.0 0.0 0.34162331619565856 0.0 0.03364473898507874 0.0 0.0 -0.1901568172137241
0.10784667108146136 0.0 -0.47488348106886186 0.0 0.65787174283562 0.0 -0.2824652876505804 0.0 0.0 0.0 0.0 0.0 0.0 -0.27367572845570765 0.0 0.17650862293942848 0.0 -0.14929644726462435 0.0 0.0 0.0 0.0 0.11003025045596387 0.0 0.30264386979846547 0.0 0.0 -0.13501781649063468
0.07116845494985763 0.0 -0.44941986881978263 0.0 0.6502537284899215 0.0 -0.22912539909605256 0.0 0.0 0.0 0.0 0.0 0.0 -0.5222768057585117 0.0 0.03524514990399747 0.0 -0.0075159814679599665 0.0 0.0 0.0 0.0 0.14287044145110744 0.0 0.13770151575899747 0.0 0.0 -0.06467634589889674
0.2469324551685393 0.0 -0.6652608636500268 0.0 0.39404650876313274 0.0 -0.061592353444574685 0.0 0.0 0.0 0.0 0.0 0.0 -0.4030864236448579 0.0 0.01786819517664606 0.0 -0.056229839358080416 0.0 0.0 0.0 0.0 0.3185960657541509 0.0 0.22789419996273508 0.0 0.0 -0.13411608836458191
0.17162183299876252 0.0 -0.6031378244384632 0.0 0.5209880255848423 0.0 -0.10721715069972045 0.0 0.0 0.0 0.0 0.0 0.0 -0.4804580713004748 0.0 0.056946583017169386 0.0 -0.07142463137057854 0.0 0.0 0.0 0.0 0.26869759993646514 0.0 0.08076493676955826 0.0 0.0 -0.07707753355089751
0.1043743288713452 0.0 -0.6775448412508007 0.0 0.5479235318437462 0.0 -0.11353100464285121 0.0 0.0 0.0 0.0 0.0 0.0 -0.29494020028698753 0.0 -0.019595014629065485 0.0 -0.03429175545601779 0.0 0.0 0.0 0.0 0.2646137038271142 0.0 0.2119046205277677 0.0 0.0 -0.11599961428265984
