-0.08241080571302996 0.0 0.3675783541712721 0.0 -0.16230529507388464 0.0 0.018832730766918274 0.0 0.0 0.0 0.0 0.0 0.0 0.24742244499456914 0.0 -0.7352904171053597 0.0 0.1623434201249156 0.0 0.0 0.0 0.0 -0.24741061056719585 0.0 0.36765539837122063 0.0 0.0 0.08239648102106775
-0.06851178445988675 0.0 0.37310615182439744 0.0 -0.18818618071467147 0.0 0.025088273384956995 0.0 0.0 0.0 0.0 0.0 0.0 0.20552562663402363 0.0 -0.7460134960172087 0.0 0.18758006101663074 0.0 0.0 0.0 0.0 -0.20555904398459135 0.0 0.3730133003837544 0.0 0.0 0.06854074136110117
-0.06852267357125308 0.0 0.3730649912376783 0.0 -0.1878219941439131 0.0 0.024868536528814104 0.0 0.0 0.0 0.0 0.0 0.0 0.2056119697709059 0.0 -0.7460465487007667 0.0 0.18773706937768037 0.0 0.0 0.0 0.0 -0.20562481327379445 0.0 0.373014916671841 0.0 0.0 0.06857824635186253
-0.0687321533386244 0.0 0.37322229527992223 0.0 -0.18798326982517063 0.0 0.02490150750098693 0.0 0.0 0.0 0.0 0.0 0.0 0.20626971275710293 0.0 -0.7455404928926394 0.0 0.18756530222221296 0.0 0.0 0.0 0.0 -0.20482726519577787 0.0 0.37399598226269587 0.0 0.0 0.06809880862401264
-0.1089769656147854 0.0 0.32076757238195086 0.0 -0.26781936038918286 0.0 0.045069470049875354 0.0 0.0 0.0 0.0 0.0 0.0 0.32720364831805554 0.0 -0.6412240409216783 0.0 0.26791422090781286 0.0 0.0 0.0 0.0 -0.3267038889155203 0.0 0.32092050686493323 0.0 0.0 0.10835030176032473
-0.12597531849041504 0.0 0.3281723744200335 0.0 -0.13410814284548636 0.0 0.014934449938370889 0.0 0.0 0.0 0.0 0.0 0.0 0.377889114504747 0.0 -0.656558845177071 0.0 0.13429713515314054 0.0 0.0 0.0 0.0 -0.37776718860527375 0.0 0.3282786270813967 0.0 0.0 0.12587594563449334
-0.06275067298546665 0.0 0.29710174591433647 0.0 -0.4218659855919944 0.0 0.18811174322987365 0.0 0.0 0.0 0.0 0.0 0.0 0.18843227641979357 0.0 -0.5942742165036707 0.0 0.4219590587893247 0.0 0.0 0.0 0.0 -0.18847904925327624 0.0 0.2970523303521277 0.0 0.0 0.06287697835311801
-0.02422221528875152 0.0 0.23035230166499568 0.0 -0.572622793829118 0.0 0.11882966667213395 0.0 0.0 0.0 0.0 0.0 0.0 0.0724915955096133 0.0 -0.4608351874088064 0.0 0.572585851274864 0.0 0.0 0.0 0.0 -0.07236231392037296 0.0 0.23031629978323967 0.0 0.0 0.023941320651032494
-0.11157843192102952 0.0 0.2713180638851708 0.0 -0.17240704312547728 0.0 0.03314281228678748 0.0 0.0 0.0 0.0 0.0 0.0 0.43468215896403145 0.0 -0.5945421285085445 0.0 0.16420745036744247 0.0 0.0 0.0 0.0 -0.44837394526666574 0.0 0.30715521558973613 0.0 0.0 0.1354163849275589
0.0043096928702203675 0.0 0.22432473817219747 0.0 -0.5370990481707605 0.0 0.31415495660704384 0.0 0.0 0.0 0.0 0.0 0.0 0.04813616284216087 0.0 -0.4769291521100402 0.0 0.5334940929308423 0.0 0.0 0.0 0.0 -0.0814837214911041 0.0 0.20101390063083396 0.0 0.0 0.032411039355370194
-0.03406318694943212 0.0 0.27771366949909915 0.0 -0.47335669359641086 0.0 0.21861471734407836 0.0 0.0 0.0 0.0 0.0 0.0 0.1160016259088769 0.0 -0.5628703076827283 0.0 0.47711719397082636 0.0 0.0 0.0 0.0 -0.1159977181485617 0.0 0.2781134419820041 0.0 0.0 0.033661975024309565
-0.18435014829287155 0.0 0.19755788811924155 0.0 -0.06052746336753076 0.0 0.003578815779103321 0.0 0.0 0.0 0.0 0.0 0.0 0.5725662860044048 0.0 -0.39943636901020746 0.0 0.06333365362901124 0.0 0.0 0.0 0.0 -0.5924258990303135 0.0 0.2101835381855813 0.0 0.0 0.19175828513300755
-0.0803826399555457 0.0 0.34390618767222725 0.0 -0.28137715113370143 0.0 0.05381302732835357 0.0 0.0 0.0 0.0 0.0 0.0 0.2517705831981862 0.0 -0.6817703019720963 0.0 0.27849558583048944 0.0 0.0 0.0 0.0 -0.2545588359508917 0.0 0.34040727501300844 0.0 0.0 0.08223105131014334
-0.11199513923387625 0.0 0.31477082471318896 0.0 -0.22504913528596657 0.0 0.037991084202159284 0.0 0.0 0.0 0.0 0.0 0.0 0.3666499520233762 0.0 -0.6274016444331075 0.0 0.2298980072144822 0.0 0.0 0.0 0.0 -0.377583211792246 0.0 0.31213345989005065 0.0 0.0 0.12398184479174026
-0.13979525595085981 0.0 0.27750832121762486 0.0 -0.15893983304243947 0.0 0.002514623804063188 0.0 0.0 0.0 0.0 0.0 0.0 0.44894631072869534 0.0 -0.5412273803273844 0.0 0.15758711511018564 0.0 0.0 0.0 0.0 -0.4925146551470648 0.0 0.3092054170124801 0.0 0.0 0.1438262242498923
-0.016396940756481185 0.0 0.22190351370582623 0.0 -0.555395849847934 0.0 0.2955328286629853 0.0 0.0 0.0 0.0 0.0 0.0 0.08693908431015311 0.0 -0.44070679750058767 0.0 0.5542379293144689 0.0 0.0 0.0 0.0 -0.05907799136460294 0.0 0.20550792446373656 0.0 0.0 0.0012181860330831827
-0.0014949303970273862 0.0 0.21589183590381814 0.0 -0.5340895442274086 0.0 0.2955646853587358 0.0 0.0 0.0 0.0 0.0 0.0 0.09230257968801141 0.0 -0.45819807309203114 0.0 0.5608520614830227 0.0 0.0 0.0 0.0 -0.08020523585074617 0.0 0.2032428541559117 0.0 0.0 0.004188435692978959
-0.008343593902957523 0.0 0.21848037640969936 0.0 -0.5471762994895097 0.0 0.29750526832833435 0.0 0.0 0.0 0.0 0.0 0.0 0.09145703714919931 0.0 -0.44852106943807135 0.0 0.5589913824625272 0.0 0.0 0.0 0.0 -0.053218873410107184 0.0 0.1986045223052274 0.0 0.0 0.0015850394422892752
-0.0030137373087118884 0.0 0.21534112850150208 0.0 -0.557059401103477 0.0 0.28819422844986753 0.0 0.0 0.0 0.0 0.0 0.0 0.09864649782264119 0.0 -0.4403455782236111 0.0 0.551439669417942 0.0 0.0 0.0 0.0 -0.07387287490199433 0.0 0.21695062270966414 0.0 0.0 0.0014774815159971331
-0.011718104136831381 0.0 0.21224118694437374 0.0 -0.545454707973159 0.0 0.28602321637040123 0.0 0.0 0.0 0.0 0.0 0.0 0.10407549447114456 0.0 -0.46163181279589965 0.0 0.5580408690546913 0.0 0.0 0.0 0.0 -0.05986732071772642 0.0 0.19105488070747656 0.0 0.0 0.007411588554689316
-0.003980603567024067 0.0 0.2076490403915948 0.0 -0.5630709510526292 0.0 0.2876484108028991 0.0 0.0 0.0 0.0 0.0 0.0 0.09285879806261549 0.0 -0.4572398709952903 0.0 0.5461920296205272 0.0 0.0 0.0 0.0 -0.06248382301150888 0.0 0.19248474466419127 0.0 0.0 0.010204526934627981
-0.011813325693011275 0.0 0.2301147537031262 0.0 -0.5500991741038271 0.0 0.2707060202657429 0.0 0.0 0.0 0.0 0.0 0.0 0.10276604976241213 0.0 -0.4523109810092593 0.0 0.5571037440038841 0.0 0.0 0.0 0.0 -0.06467484619139624 0.0 0.20326154094319066 0.0 0.0 0.0028352850712853317
-0.01122761322846617 0.0 0.20985310017162243 0.0 -0.5544858096795499 0.0 0.30668766322772345 0.0 0.0 0.0 0.0 0.0 0.0 0.08867928809252022 0.0 -0.45122222138259077 0.0 0.5494260685571438 0.0 0.0 0.0 0.0 -0.07479530387628455 0.0 0.18766435555099195 0.0 0.0 0.01330485982538754
-0.010880376759300798 0.0 0.20359534710921806 0.0 -0.5575072524742752 0.0 0.29466840525112764 0.0 0.0 0.0 0.0 0.0 0.0 0.0837451166088834 0.0 -0.44661047741661136 0.0 0.5519661027149886 0.0 0.0 0.0 0.0 -0.06469893905699933 0.0 0.21321225074046016 0.0 0.0 0.0007669426172856117
-0.009035551973070132 0.0 0.2210263486616325 0.0 -0.5496077068256535 0.0 0.2891826487872192 0.0 0.0 0.0 0.0 0.0 0.0 0.09846936445131244 0.0 -0.45593975451972607 0.0 0.5459005770414656 0.0 0.0 0.0 0.0 -0.06861705083251654 0.0 0.21230054545926866 0.0 0.0 0.0024371023140088042
-0.011098910186705063 0.0 0.21073634580988607 0.0 -0.553113886488674 0.0 0.29305813553207893 0.0 0.0 0.0 0.0 0.0 0.0 0.10097392009502892 0.0 -0.44808072268364646 0.0 0.5535579628419486 0.0 0.0 0.0 0.0 -0.06380167090360546 0.0 0.20529750886048545 0.0 0.0 0.005723579214258706
-0.008320261555528756 0.0 0.2168797822206619 0.0 -0.5570610560541487 0.0 0.28879950181866604 0.0 0.0 0.0 0.0 0.0 0.0 0.08931930194400879 0.0 -0.4364583195533539 0.0 0.556935175861646 0.0 0.0 0.0 0.0 -0.07544711514923458 0.0 0.2114607973542912 0.0 0.0 0.01064106984720806
-0.01533106657931665 0.0 0.20425370694940434 0.0 -0.5551402895734485 0.0 0.29379008443599214 0.0 0.0 0.0 0.0 0.0 0.0 0.09767744653526635 0.0 -0.4548057716262969 0.0 0.5552640078872036 0.0 0.0 0.0 0.0 -0.061707174775605264 0.0 0.18704481668140607 0.0 0.0 0.0071551371054703345
-0.00907649072579986 0.0 0.23418026947549697 0.0 -0.5377958285462331 0.0 0.30272385102616456 0.0 0.0 0.0 0.0 0.0 0.0 0.09059097043717165 0.0 -0.4384001131510681 0.0 0.5596754154443621 0.0 0.0 0.0 0.0 -0.08937641786546215 0.0 0.2063611474231029 0.0 0.0 0.0003383754854066542
-0.007716958026257731 0.0 0.21825224861102865 0.0 -0.5546911250664734 0.0 0.3007941891187018 0.0 0.0 0.0 0.0 0.0 0.0 0.08476803177821918 0.0 -0.45393236550942107 0.0 0.5494703949076137 0.0 0.0 0.0 0.0 -0.08113944108082825 0.0 0.17981914288367423 0.0 0.0 0.008399791972057941
-0.00580424435730707 0.0 0.22382487532300688 0.0 -0.5557438775306055 0.0 0.2928706086083539 0.0 0.0 0.0 0.0 0.0 0.0 0.08679145805770885 0.0 -0.45831129338004584 0.0 0.5371189758821397 0.0 0.0 0.0 0.0 -0.07405504035979596 0.0 0.20895490620289975 0.0 0.0 0.004380664515221302
-0.00015422725472202703 0.0 0.21203308081331004 0.0 -0.549966118427102 0.0 0.29962228934387086 0.0 0.0 0.0 0.0 0.0 0.0 0.08613811293115012 0.0 -0.44660475812037714 0.0 0.5569627233595689 0.0 0.0 0.0 0.0 -0.06190705081845082 0.0 0.20466765647204332 0.0 0.0 0.0011440853685583561
-0.0047162845781759406 0.0 0.22139774446018706 0.0 -0.5492029273110666 0.0 0.2878683376633139 0.0 0.0 0.0 0.0 0.0 0.0 0.09386019631700603 0.0 -0.4552095782356882 0.0 0.555919497503055 0.0 0.0 0.0 0.0 -0.043193794002792295 0.0 0.19882394433169073 0.0 0.0 0.00033355275260506733
-0.011580107153331085 0.0 0.20824544410676618 0.0 -0.5654071656382211 0.0 0.2859783682089004 0.0 0.0 0.0 0.0 0.0 0.0 0.09276127138721066 0.0 -0.4648974615592091 0.0 0.5365235951773965 0.0 0.0 0.0 0.0 -0.07202680293078931 0.0 0.19256868413939096 0.0 0.0 0.012977527552148297
-0.014840456721087433 0.0 0.19954003458356706 0.0 -0.5494958765703766 0.0 0.3005172605298621 0.0 0.0 0.0 0.0 0.0 0.0 0.10015254514930232 0.0 -0.4537096399314845 0.0 0.550246647190333 0.0 0.0 0.0 0.0 -0.062393915359288225 0.0 0.21250735026403267 0.0 0.0 0.0006900706726710592
-0.012247148000009499 0.0 0.19874201552919235 0.0 -0.5593666332821449 0.0 0.2933316190487241 0.0 0.0 0.0 0.0 0.0 0.0 0.08073860772840408 0.0 -0.45398411102354536 0.0 0.5512274029668192 0.0 0.0 0.0 0.0 -0.052676409113101036 0.0 0.2051603994848548 0.0 0.0 0.008922457675599722
-0.010097572251801256 0.0 0.21464531650991397 0.0 -0.5455307472266891 0.0 0.2825869037535119 0.0 0.0 0.0 0.0 0.0 0.0 0.09515461946302656 0.0 -0.4586842933923906 0.0 0.5582808434728802 0.0 0.0 0.0 0.0 -0.07287010937070958 0.0 0.19982434765946994 0.0 0.0 0.0018075497834453029
-0.002762226099021326 0.0 0.2128782806172309 0.0 -0.5537556489570222 0.0 0.2978516714432143 0.0 0.0 0.0 0.0 0.0 0.0 0.07415343917343174 0.0 -0.4510729434170751 0.0 0.5489918437335813 0.0 0.0 0.0 0.0 -0.06478353663641585 0.0 0.21154287838673866 0.0 0.0 0.00306553252194287
-0.0011593118847817272 0.0 0.2212720935085284 0.0 -0.5399996832361716 0.0 0.30445380409666584 0.0 0.0 0.0 0.0 0.0 0.0 0.1003420872474096 0.0 -0.4478726717980926 0.0 0.5651659583511539 0.0 0.0 0.0 0.0 -0.06450954663548125 0.0 0.18014292796968082 0.0 0.0 0.007845935629250138
-0.020094200572404335 0.0 0.22543631256007426 0.0 -0.5537109260457013 0.0 0.2982145316246499 0.0 0.0 0.0 0.0 0.0 0.0 0.0829905120143016 0.0 -0.4535464916964941 0.0 0.5453391444961327 0.0 0.0 0.0 0.0 -0.055402396973662386 0.0 0.20028868919180498 0.0 0.0 0.008682352515793454
-0.027482836165952786 0.0 0.22690118887865618 0.0 -0.5534236842430442 0.0 0.2942624660421923 0.0 0.0 0.0 0.0 0.0 0.0 0.08352455741353085 0.0 -0.4447513902817892 0.0 0.5522004781281854 0.0 0.0 0.0 0.0 -0.0675130665709725 0.0 0.1994901685902819 0.0 0.0 -0.028853259497809328
-0.016052709494386423 0.0 0.22111721421935157 0.0 -0.5478405107484543 0.0 0.30671244501657796 0.0 0.0 0.0 0.0 0.0 0.0 0.09735790185804971 0.0 -0.44528447328929627 0.0 0.5518676990373558 0.0 0.0 0.0 0.0 -0.06235381211828142 0.0 0.2011092132321422 0.0 0.0 0.00021205787186195295
-0.0005583686085190438 0.0 0.22013017444337366 0.0 -0.530374001708987 0.0 0.2866755155349781 0.0 0.0 0.0 0.0 0.0 0.0 0.08094476815333333 0.0 -0.46957048829518544 0.0 0.5623298945410298 0.0 0.0 0.0 0.0 -0.060829651235045655 0.0 0.202697214696966 0.0 0.0 0.003625610154209332
-0.009492398971389884 0.0 0.21423606891358882 0.0 -0.5402713732975316 0.0 0.29873329673675 0.0 0.0 0.0 0.0 0.0 0.0 0.0851446669195333 0.0 -0.4390774899379671 0.0 0.5647138543393665 0.0 0.0 0.0 0.0 -0.0714047977023351 0.0 0.22093954998468252 0.0 0.0 0.00497374245209001
-0.00299290148553996 0.0 0.2319961950438951 0.0 -0.5530009335459006 0.0 0.30201938819287494 0.0 0.0 0.0 0.0 0.0 0.0 0.09273447031949146 0.0 -0.43977765427423493 0.0 0.5492230490617453 0.0 0.0 0.0 0.0 -0.07719795818120312 0.0 0.1984091432806816 0.0 0.0 0.012935493381794033
-0.007265465311580289 0.0 0.22393501620252262 0.0 -0.5525910931724393 0.0 0.2933385614922724 0.0 0.0 0.0 0.0 0.0 0.0 0.09234569839568255 0.0 -0.4624485530342561 0.0 0.5386572692122205 0.0 0.0 0.0 0.0 -0.0820421612378392 0.0 0.19779779921532545 0.0 0.0 0.0017210852632189985
-0.008621547182091427 0.0 0.20874779964745022 0.0 -0.5579775842896334 0.0 0.30029745198647106 0.0 0.0 0.0 0.0 0.0 0.0 0.08259145813447806 0.0 -0.4495071379321331 0.0 0.5502157277373235 0.0 0.0 0.0 0.0 -0.06128181290952729 0.0 0.198635992980789 0.0 0.0 0.0023236755585437775
-0.02213113967475122 0.0 0.21408324910776833 0.0 -0.5479682949967613 0.0 0.2916747886612759 0.0 0.0 0.0 0.0 0.0 0.0 0.08777426693026152 0.0 -0.4629969517894326 0.0 0.5477366705898187 0.0 0.0 0.0 0.0 -0.05937311551292445 0.0 0.2066978807246052 0.0 0.0 9.688938183750857e-06
-0.015447736097217397 0.0 0.20536357159620094 0.0 -0.5464306945211107 0.0 0.3068180563868013 0.0 0.0 0.0 0.0 0.0 0.0 0.08683101825226551 0.0 -0.44872614549935547 0.0 0.5557465839433835 0.0 0.0 0.0 0.0 -0.05962173442277186 0.0 0.2085825796817894 0.0 0.0 0.00727038915473294
-0.006373081635665705 0.0 0.22453699967232438 0.0 -0.5466769864064006 0.0 0.3002482448399616 0.0 0.0 0.0 0.0 0.0 0.0 0.09354148582655934 0.0 -0.45607098648329963 0.0 0.5475902231670391 0.0 0.0 0.0 0.0 -0.08875696085580537 0.0 0.1898570681464433 0.0 0.0 0.0029107381562321595
-0.01277904118758703 0.0 0.23085312872880606 0.0 -0.5481032080104639 0.0 0.29581465894884534 0.0 0.0 0.0 0.0 0.0 0.0 0.09290994343854692 0.0 -0.44601209339624315 0.0 0.5539755904406666 0.0 0.0 0.0 0.0 -0.056786710600081676 0.0 0.20235100541896814 0.0 0.0 0.001195925449502855
-0.0004575693352519415 0.0 0.2271593627241275 0.0 -0.5462892850475044 0.0 0.29203214498517105 0.0 0.0 0.0 0.0 0.0 0.0 0.07335046994619421 0.0 -0.44878687210189383 0.0 0.5524565088375611 0.0 0.0 0.0 0.0 -0.06958074715514585 0.0 0.2186020707756574 0.0 0.0 0.007561084798416046
-0.008289883838005229 0.0 0.2086420034447877 0.0 -0.5427984689737684 0.0 0.3017437513994459 0.0 0.0 0.0 0.0 0.0 0.0 0.09031424206188918 0.0 -0.45007363063157385 0.0 0.5551335678671403 0.0 0.0 0.0 0.0 -0.060627595619000975 0.0 0.21942728953485627 0.0 0.0 0.0002618596270601086
-0.009324179105089609 0.0 0.22354943871786379 0.0 -0.5595018630562345 0.0 0.2902067281308525 0.0 0.0 0.0 0.0 0.0 0.0 0.08946785758869204 0.0 -0.46618131806021057 0.0 0.5327522341715795 0.0 0.0 0.0 0.0 -0.06659799664081968 0.0 0.19766290146643578 0.0 0.0 0.004006329961029712
-0.01291491852926755 0.0 0.21252234298550712 0.0 -0.5458098130622788 0.0 0.3102414344366457 0.0 0.0 0.0 0.0 0.0 0.0 0.09734848077357135 0.0 -0.43945551119637044 0.0 0.5525615363911872 0.0 0.0 0.0 0.0 -0.07000779536860123 0.0 0.218333746809283 0.0 0.0 0.0040642340014802655
-0.00027681932129599305 0.0 0.23071475784671763 0.0 -0.550426591449567 0.0 0.289219337923721 0.0 0.0 0.0 0.0 0.0 0.0 0.09652984462522143 0.0 -0.44850696358025416 0.0 0.5515397536510303 0.0 0.0 0.0 0.0 -0.07720187832633585 0.0 0.19864995642708896 0.0 0.0 0.007669650095237123
-0.0015713120705722972 0.0 0.19397748172591667 0.0 -0.5617126735534026 0.0 0.310277941607367 0.0 0.0 0.0 0.0 0.0 0.0 0.06979486120242853 0.0 -0.44140691465343374 0.0 0.548879200201401 0.0 0.0 0.0 0.0 -0.0649313576266329 0.0 0.2129442191875595 0.0 0.0 0.005971082526264785
-0.004684560956409976 0.0 0.21054923712345258 0.0 -0.5412779227397714 0.0 0.30642311263244965 0.0 0.0 0.0 0.0 0.0 0.0 0.09622891487768123 0.0 -0.45785719079351306 0.0 0.5544776153825929 0.0 0.0 0.0 0.0 -0.06626188765618242 0.0 0.19498239755631944 0.0 0.0 0.0047696689335627795
-0.02167399415640524 0.0 0.21436493353594238 0.0 -0.5466106827930308 0.0 0.29211806255706 0.0 0.0 0.0 0.0 0.0 0.0 0.1149880125018547 0.0 -0.46403076777057184 0.0 0.5405784433883928 0.0 0.0 0.0 0.0 -0.05430064525809602 0.0 0.213852135713023 0.0 0.0 0.002926823248526296
-0.0204148777749975 0.0 0.22565566398578776 0.0 -0.5432630327709427 0.0 0.29686977403463416 0.0 0.0 0.0 0.0 0.0 0.0 0.09243662443917797 0.0 -0.45348266692909905 0.0 0.5502699279805895 0.0 0.0 0.0 0.0 -0.0686008813282783 0.0 0.20902996261112938 0.0 0.0 0.002951270045316428
-0.0013370939593336775 0.0 0.2118627739855198 0.0 -0.5433760555476838 0.0 0.2989016667406163 0.0 0.0 0.0 0.0 0.0 0.0 0.08240161592141095 0.0 -0.45497870951823804 0.0 0.5637528053403337 0.0 0.0 0.0 0.0 -0.06700195342525504 0.0 0.18518752055281204 0.0 0.0 0.010773837491404939
-0.0034910117839839923 0.0 0.22100316455519164 0.0 -0.5403089442888975 0.0 0.2839091769969899 0.0 0.0 0.0 0.0 0.0 0.0 0.08484360806177442 0.0 -0.4640530462788804 0.0 0.5595963851732177 0.0 0.0 0.0 0.0 -0.07742559248456826 0.0 0.1920998566446275 0.0 0.0 0.004287055932688268
-0.01482947506876604 0.0 0.23040642895646887 0.0 -0.5496919322122076 0.0 0.277224879415406 0.0 0.0 0.0 0.0 0.0 0.0 0.08831080918915367 0.0 -0.465129434008953 0.0 0.5500241751970725 0.0 0.0 0.0 0.0 -0.06574156713105538 0.0 0.1915265112859152 0.0 0.0 0.0017231314758839617
-0.02394029963695299 0.0 0.22723331724032683 0.0 -0.5503594018670374 0.0 0.28549050833379686 0.0 0.0 0.0 0.0 0.0 0.0 0.09706447701906215 0.0 -0.47113074520512166 0.0 0.5326457851854396 0.0 0.0 0.0 0.0 -0.07067235962519272 0.0 0.2077639834384716 0.0 0.0 0.011571539896331567
-0.01285969448509257 0.0 0.21414802193681887 0.0 -0.5510888781700044 0.0 0.2904967353991666 0.0 0.0 0.0 0.0 0.0 0.0 0.08137547913330456 0.0 -0.4517362535866831 0.0 0.5604845063235314 0.0 0.0 0.0 0.0 -0.0579545806695753 0.0 0.19416155453293293 0.0 0.0 0.00011009713627921052
-0.0013613692679274605 0.0 0.21989361378582872 0.0 -0.5376745197127228 0.0 0.2791952852426711 0.0 0.0 0.0 0.0 0.0 0.0 0.09051456284849066 0.0 -0.47224900041765233 0.0 0.5520842496067212 0.0 0.0 0.0 0.0 -0.0649178872288681 0.0 0.21065990131908807 0.0 0.0 0.00031557394040578453
-0.004412919812347792 0.0 0.21346387529623753 0.0 -0.5388010766992494 0.0 0.3017786535886837 0.0 0.0 0.0 0.0 0.0 0.0 0.08768133337352696 0.0 -0.46180930514362817 0.0 0.5552671862772524 0.0 0.0 0.0 0.0 -0.045907311621839246 0.0 0.20408743183212893 0.0 0.0 0.0002903107600099304
-0.008596113403482398 0.0 0.2070508258102182 0.0 -0.5431020988582674 0.0 0.2963254653687016 0.0 0.0 0.0 0.0 0.0 0.0 0.0826556417781052 0.0 -0.4574255923459513 0.0 0.5606501065613524 0.0 0.0 0.0 0.0 -0.05635992862336503 0.0 0.2016505901932509 0.0 0.0 0.007022779909728047
-0.0018271711414554448 0.0 0.22237236968108412 0.0 -0.548875852102265 0.0 0.29831048956094625 0.0 0.0 0.0 0.0 0.0 0.0 0.07789329295098557 0.0 -0.46549900478230183 0.0 0.539702910742861 0.0 0.0 0.0 0.0 -0.06510348170981448 0.0 0.20494747979598416 0.0 0.0 0.003935509511721849
-0.00950225823034967 0.0 0.20644882744171103 0.0 -0.5560780648335595 0.0 0.2908706536316478 0.0 0.0 0.0 0.0 0.0 0.0 0.09559587734763525 0.0 -0.4506738122554731 0.0 0.5466487231464149 0.0 0.0 0.0 0.0 -0.0804489486881084 0.0 0.2142708567353003 0.0 0.0 0.002391793443238051
-0.0018948227206295094 0.0 0.23223079178456432 0.0 -0.5655049362412256 0.0 0.2977998549188814 0.0 0.0 0.0 0.0 0.0 0.0 0.08566406337416838 0.0 -0.4337447286383767 0.0 0.5440904736506506 0.0 0.0 0.0 0.0 -0.060395686261259796 0.0 0.20582310064419665 0.0 0.0 0.008162715269505669
-0.002069028777263583 0.0 0.21232892781304202 0.0 -0.547322247620507 0.0 0.30198078225763675 0.0 0.0 0.0 0.0 0.0 0.0 0.09649937640041828 0.0 -0.4540960745920081 0.0 0.5533287479687797 0.0 0.0 0.0 0.0 -0.05179598797465653 0.0 0.19944705617231578 0.0 0.0 0.002842432070215459
-0.01224197889937395 0.0 0.21031994640829804 0.0 -0.5502609514518545 0.0 0.28704325030201494 0.0 0.0 0.0 0.0 0.0 0.0 0.08645422234674788 0.0 -0.4541530180462065 0.0 0.550333834729921 0.0 0.0 0.0 0.0 -0.06595475940622203 0.0 0.22243243867924029 0.0 0.0 0.0034446745952082768
-0.00896706445581648 0.0 0.21840259467096176 0.0 -0.5516995848965592 0.0 0.28612996074315844 0.0 0.0 0.0 0.0 0.0 0.0 0.08171572202149853 0.0 -0.4358417969029523 0.0 0.5626232010847939 0.0 0.0 0.0 0.0 -0.06429771173078239 0.0 0.2204901024755825 0.0 0.0 0.006828865983623533
-0.02895204357398147 0.0 0.2299400587619186 0.0 -0.5496434649943351 0.0 0.2806351047672044 0.0 0.0 0.0 0.0 0.0 0.0 0.08909892424955261 0.0 -0.45224239658669624 0.0 0.5571462169396049 0.0 0.0 0.0 0.0 -0.07339583979828566 0.0 0.19272995979748603 0.0 0.0 0.004455399479468192
-0.008220073896060148 0.0 0.2303457684320867 0.0 -0.5522885244416413 0.0 0.27706958836025286 0.0 0.0 0.0 0.0 0.0 0.0 0.07915404252342893 0.0 -0.45292514211051366 0.0 0.5556635306427398 0.0 0.0 0.0 0.0 -0.09184315243812068 0.0 0.19083848877801554 0.0 0.0 0.007751566789737215
-0.002522623461376702 0.0 0.21642086249385958 0.0 -0.5439440520566566 0.0 0.29169580356542996 0.0 0.0 0.0 0.0 0.0 0.0 0.09302360729233326 0.0 -0.44950377404937486 0.0 0.5625034093581738 0.0 0.0 0.0 0.0 -0.0651189787128655 0.0 0.20206747328616334 0.0 0.0 0.0022820990446389008
-0.007427743423635221 0.0 0.2103153633103741 0.0 -0.5620568662731558 0.0 0.2828926098106594 0.0 0.0 0.0 0.0 0.0 0.0 0.08530837634606951 0.0 -0.4623562226695515 0.0 0.5377600327885445 0.0 0.0 0.0 0.0 -0.0750482452223739 0.0 0.20945755285945977 0.0 0.0 0.005896849272783336
-0.010393999507988005 0.0 0.21195778097370327 0.0 -0.5518134807960839 0.0 0.28200024266197715 0.0 0.0 0.0 0.0 0.0 0.0 0.09422756640023106 0.0 -0.45649358355266695 0.0 0.5529002900372143 0.0 0.0 0.0 0.0 -0.08734377659828961 0.0 0.20024506203867756 0.0 0.0 0.015894414434021474
-0.010226314321623397 0.0 0.20759578489020497 0.0 -0.5373914805289401 0.0 0.2834837006412559 0.0 0.0 0.0 0.0 0.0 0.0 0.085849849227622 0.0 -0.47855196732901784 0.0 0.5523142704110529 0.0 0.0 0.0 0.0 -0.07012691488076984 0.0 0.20295556232513362 0.0 0.0 0.010238207894431875
-0.008189311469581241 0.0 0.2026072165354899 0.0 -0.5505674121332427 0.0 0.3008522669118366 0.0 0.0 0.0 0.0 0.0 0.0 0.09232049350522781 0.0 -0.4524209275654799 0.0 0.5503950661470303 0.0 0.0 0.0 0.0 -0.0726452368667059 0.0 0.20931170904315463 0.0 0.0 0.003933082133713717
-0.016177922237858904 0.0 0.21915721316661282 0.0 -0.5540781409646632 0.0 0.31027596765967086 0.0 0.0 0.0 0.0 0.0 0.0 0.08563511994453202 0.0 -0.43682553991285894 0.0 0.5516042271457545 0.0 0.0 0.0 0.0 -0.05149038088148551 0.0 0.20824286086364427 0.0 0.0 0.0010632168036080662
-0.009375779839223306 0.0 0.2086828175202049 0.0 -0.5476597881773324 0.0 0.28059089246761754 0.0 0.0 0.0 0.0 0.0 0.0 0.08853103361908034 0.0 -0.45196641650386316 0.0 0.5627370738140333 0.0 0.0 0.0 0.0 -0.06978926450683945 0.0 0.20983949988408032 0.0 0.0 0.0036778994313468546
-0.013012043160321517 0.0 0.22544865665546665 0.0 -0.5377681627791984 0.0 0.2914307122566235 0.0 0.0 0.0 0.0 0.0 0.0 0.09128542142897188 0.0 -0.4635419829853945 0.0 0.5576851542567942 0.0 0.0 0.0 0.0 -0.06255900580262423 0.0 0.19166968952056826 0.0 0.0 0.003050324224973336
-0.00599678837228961 0.0 0.22240423340358645 0.0 -0.5382065515617059 0.0 0.308445305663979 0.0 0.0 0.0 0.0 0.0 0.0 0.09732316667111522 0.0 -0.4415439277279325 0.0 0.561814215079526 0.0 0.0 0.0 0.0 -0.05987462518182658 0.0 0.2049792276255378 0.0 0.0 0.005107946254490715
-0.0001696260807640708 0.0 0.2144628378007406 0.0 -0.5459455312360769 0.0 0.3060279326549601 0.0 0.0 0.0 0.0 0.0 0.0 0.10059805095968452 0.0 -0.460169643215122 0.0 0.5442138014880068 0.0 0.0 0.0 0.0 -0.0744545306055727 0.0 0.1967345648643014 0.0 0.0 0.001829624017390505
-0.017164474526604565 0.0 0.2192995815689728 0.0 -0.5634834971467141 0.0 0.27775370032073743 0.0 0.0 0.0 0.0 0.0 0.0 0.08321378740047594 0.0 -0.44599800876239953 0.0 0.5466764935454154 0.0 0.0 0.0 0.0 -0.06051620779509598 0.0 0.22038887088695228 0.0 0.0 0.004989197726467195
-0.009304247735369179 0.0 0.22063355171093832 0.0 -0.546817036715108 0.0 0.2932166184537392 0.0 0.0 0.0 0.0 0.0 0.0 0.09667605247600486 0.0 -0.4523804972846557 0.0 0.5512837134091378 0.0 0.0 0.0 0.0 -0.050257458858883663 0.0 0.21404546629845575 0.0 0.0 0.00017298629539224506
-0.005022874177216106 0.0 0.20325242307628927 0.0 -0.5553080817871299 0.0 0.28947812347458857 0.0 0.0 0.0 0.0 0.0 0.0 0.09425574502854718 0.0 -0.46916512164047 0.0 0.5459929130529166 0.0 0.0 0.0 0.0 -0.06444637778060466 0.0 0.1875194100101408 0.0 0.0 0.008566848997211683
-0.01519112500334324 0.0 0.2278122302969027 0.0 -0.5482268428663422 0.0 0.2807571856688212 0.0 0.0 0.0 0.0 0.0 0.0 0.1087502845807591 0.0 -0.4543651818425873 0.0 0.5474511923028671 0.0 0.0 0.0 0.0 -0.08176255718365305 0.0 0.20934963126304623 0.0 0.0 0.002003550885799179
-0.013672028395782104 0.0 0.1999652533595856 0.0 -0.5557989481549036 0.0 0.2955900021046298 0.0 0.0 0.0 0.0 0.0 0.0 0.09325774872271565 0.0 -0.45733463304638416 0.0 0.5499516827595001 0.0 0.0 0.0 0.0 -0.06953941091534337 0.0 0.19596495995719035 0.0 0.0 0.002056726060377377
-0.012768410763357038 0.0 0.2196816920033315 0.0 -0.5374026001726367 0.0 0.31290987009395455 0.0 0.0 0.0 0.0 0.0 0.0 0.09092637431903956 0.0 -0.4498224892164525 0.0 0.5541601405952057 0.0 0.0 0.0 0.0 -0.05201117976885498 0.0 0.21084598813970457 0.0 0.0 0.0004980952310634002
-0.004537988855174149 0.0 0.21386151285257798 0.0 -0.5475439479994331 0.0 0.30321067159240084 0.0 0.0 0.0 0.0 0.0 0.0 0.10058288789835003 0.0 -0.45170213020942684 0.0 0.5498862614555639 0.0 0.0 0.0 0.0 -0.05757902199880572 0.0 0.2064951804777642 0.0 0.0 0.00439749622742629
-0.017155237584534404 0.0 0.22166944729526614 0.0 -0.5543319532227683 0.0 0.2885342212422358 0.0 0.0 0.0 0.0 0.0 0.0 0.09457393635172476 0.0 -0.45227080854607193 0.0 0.5443361777638658 0.0 0.0 0.0 0.0 -0.06765199366902692 0.0 0.21363821341319147 0.0 0.0 0.004401836806321774
-4.8495820326247776e-05 0.0 0.2142551834225379 0.0 -0.5575433715520028 0.0 0.3104956649466674 0.0 0.0 0.0 0.0 0.0 0.0 0.09792578429012255 0.0 -0.4527174465180272 0.0 0.5367434748736293 0.0 0.0 0.0 0.0 -0.05832078221630037 0.0 0.20197641881215006 0.0 0.0 0.0008087570236900741
-0.019131754883787527 0.0 0.212943873573909 0.0 -0.5421270910947654 0.0 0.30067377661985045 0.0 0.0 0.0 0.0 0.0 0.0 0.11256129075385839 0.0 -0.45486551142254955 0.0 0.5532707431116722 0.0 0.0 0.0 0.0 -0.04841931093002283 0.0 0.20483347452456066 0.0 0.0 7.084301879754184e-05
-0.004209427256108723 0.0 0.2098673855907776 0.0 -0.5383243319188314 0.0 0.2957901398540464 0.0 0.0 0.0 0.0 0.0 0.0 0.08832395595636627 0.0 -0.4574963021745833 0.0 0.5686640853716785 0.0 0.0 0.0 0.0 -0.04699717809094573 0.0 0.18953047683390675 0.0 0.0 0.006300946637393357
-0.01202300506070749 0.0 0.21605745685612385 0.0 -0.5499378791031618 0.0 0.30284097289501094 0.0 0.0 0.0 0.0 0.0 0.0 0.09047742126423328 0.0 -0.46204568965741677 0.0 0.5418396715486612 0.0 0.0 0.0 0.0 -0.06426689559810714 0.0 0.19903927711235384 0.0 0.0 0.004562509494030936
-0.0002081539195671275 0.0 0.21077098457888596 0.0 -0.5289302946805229 0.0 0.29951227385788426 0.0 0.0 0.0 0.0 0.0 0.0 0.09602859575001979 0.0 -0.4663906739767449 0.0 0.565084508536974 0.0 0.0 0.0 0.0 -0.050901003163321114 0.0 0.1934659007535146 0.0 0.0 0.004297588762343235
-0.006446466487245942 0.0 0.22773332817455444 0.0 -0.5452750427123098 0.0 0.2892126549728535 0.0 0.0 0.0 0.0 0.0 0.0 0.09110985457124102 0.0 -0.44939898086537083 0.0 0.5601729795775329 0.0 0.0 0.0 0.0 -0.06997749636908798 0.0 0.19538698692722642 0.0 0.0 3.1572582160758526e-05
