0.004521150052346403 -0.041640541205173826 0.05206450156041853 0.1556551237690998 -0.31928612068109286 0.1633951846954219 -0.02520432110459539 0.018306992147404177 0.06786621101473513 0.17321162752670768 -0.4896368271372957 0.08426071411039238 0.027610981587010277 -0.25593002585905233 -0.22070082431787616 0.4362024443249467 -0.2800551635816858 -0.007160351766930009 -0.24737018828688095 0.27392520157843464 -0.13561970093266915 0.022480457934247768 -0.056023818639207135 0.11590665386499834 0.014222906899443399 0.06449747747377355 -0.02008328670174102 -0.00723778677747918
0.1210252378668338 0.05630022790243772 -0.12376337257388195 0.22167266354546145 -0.1276014494876609 -0.05853107228278422 0.03895454279150437 -0.1962668070971905 -0.14743364394040948 -0.03810870873622128 0.22175149771020897 0.17491756742674225 -0.1455201539523644 -0.11154375442701346 -0.38172418712373646 0.16915706060397695 -0.34967327002054027 0.22955780828537867 0.08055741787398128 0.10343312988632904 0.07886229825783696 -0.21436990939240191 0.05119775933314925 0.48925312671553634 -0.05071568570245085 0.10991327360543153 0.20617603732567683 0.05996051492220624
0.12087680702779816 0.05648738913787681 -0.12378481354041525 0.22192336294957474 -0.12772927902864845 -0.0584885629913438 0.03899272037145629 -0.1961090871498388 -0.14768682491222748 -0.03812547001296633 0.22199653293291693 0.17489401675648913 -0.14552359423504108 -0.11137917072058667 -0.3817896013706013 0.16910711790258134 -0.3497102153128899 0.22939682819984722 0.08033618657017373 0.10343199719105939 0.07873212731371859 -0.21412805417378408 0.051221545471376445 0.48921236691363645 -0.05084295224309649 0.10983606248473825 0.20621200644291438 0.059879955825450554
0.12097294187749219 0.056329932043648 -0.12379152561325986 0.22159164055062328 -0.1276455662295868 -0.058428752468397634 0.03892889005866892 -0.19615490054158852 -0.14772427065254223 -0.03824712590787747 0.22162877104326742 0.17499976018799818 -0.14546053400192765 -0.11141840158469263 -0.38194146051233957 0.16928106039999316 -0.3498407112470648 0.2294977378866568 0.08061804847818377 0.10337299458335245 0.07898624778319659 -0.21408440957703895 0.051211266230954886 0.4893308526070135 -0.050806858764205855 0.10947880804799999 0.20590324753172723 0.05986441256875713
0.12081268396714095 0.05642238752255414 -0.12374919675501163 0.2217437601162156 -0.12768003464966987 -0.05851185026640577 0.03899841939806816 -0.19609100397112073 -0.1477499361986769 -0.038284824541460184 0.2220978083556967 0.1747807195479353 -0.14561885251158316 -0.1110379696866411 -0.3817628204896273 0.16900334636444717 -0.34972036498693765 0.22956019101176162 0.08066676831473947 0.10326350885255936 0.07880015052075008 -0.2143334895347884 0.05133065186830624 0.4892334413142543 -0.050807446360073255 0.10959804445683997 0.20628137175683017 0.05980937999991065
0.12099940968745455 0.056361543943776606 -0.12388474193383509 0.22181580939810688 -0.12777647301550263 -0.05850330073028211 0.03897435608321387 -0.19623452540571873 -0.1475006837610095 -0.038265035755513016 0.22175492361276605 0.17493746395665077 -0.1456138392339886 -0.11137091646607429 -0.38175041227043816 0.1694878806937283 -0.3494807081361477 0.22945068255923265 0.08064840119513617 0.10348666594945675 0.07889631556835935 -0.2139887325103613 0.051348345919067784 0.48929066715079367 -0.050757851192464655 0.10951463926823751 0.20630215308460337 0.06003932948058292
0.12094953249642168 0.0564250853758198 -0.12374739617332844 0.22161529584177303 -0.1275683817514402 -0.05849018784257831 0.03900523675335252 -0.1961222368170683 -0.1477288429601817 -0.038138578053243194 0.22177977024903503 0.1749207134296412 -0.1455526379352987 -0.11147483562137121 -0.3819831653830508 0.16914675511573615 -0.3496729049255494 0.22936214438571928 0.08057516559582478 0.1035507794088604 0.0788050526039964 -0.2142057013254003 0.05130149291484098 0.4892748475296318 -0.05072916592511823 0.10960683254686032 0.20609217345500205 0.060118947031777545
0.12080346809776743 0.05644945197955739 -0.12381288902872206 0.2217705439438151 -0.12781410361337323 -0.058293752688434966 0.038899060764066025 -0.19612943669268118 -0.1477268366795814 -0.037964675635583485 0.22190317561514344 0.17495753908035502 -0.14558023985630822 -0.11144412708745353 -0.381716906630151 0.16919445108320072 -0.3497317390777118 0.22965235255907487 0.08061567938977292 0.10326981003228115 0.0788722927364391 -0.2140829865596202 0.051317234927888436 0.4891604502027564 -0.050741561693276545 0.10956850248915566 0.20634014877525061 0.05994998617959732
0.12096406347006741 0.056309091159785093 -0.1237038569214038 0.22161589298441273 -0.12779746273577444 -0.05856936516226573 0.039080626947650875 -0.19605985912901835 -0.14763655603098114 -0.03859689451620792 0.22223271243372317 0.17506726968457992 -0.14580087156225882 -0.11152214185025028 -0.3816323237087414 0.16918569292343952 -0.34963981926429993 0.22967854430071902 0.08047674720896592 0.10329371208001496 0.07876210047682124 -0.21422686050177517 0.05138953428360944 0.4890623557302295 -0.05084343260011502 0.10983806324917111 0.20607452581464947 0.05987577003122938
0.12096085205834818 0.056431688647858545 -0.1238251439049713 0.2217848226553275 -0.1277212012970573 -0.05845798546409743 0.038957422854349985 -0.19621604651284225 -0.1476491414303121 -0.03822355795900107 0.22198482578244588 0.17487571975773902 -0.14557629890865825 -0.11136928072712411 -0.38169226353977587 0.16927768871249443 -0.34954263223559406 0.22965203443581475 0.0805142995795957 0.10356801920509116 0.07878623202151416 -0.21429943122956008 0.05128223720825668 0.48917888272649535 -0.050787801396018774 0.109731800960505 0.2060723151132628 0.0598505763699568
0.12086615047241993 0.05636693528944531 -0.12383315785909371 0.22181238273698095 -0.12761279381824728 -0.05837879080287177 0.03887083423777705 -0.196201426687384 -0.1478152874993427 -0.03822642580668571 0.2218959492772099 0.17481806512732484 -0.14549359063905715 -0.11140894487156121 -0.38172925608010555 0.16914281923015523 -0.34968906465240795 0.22967303143425633 0.08060381619313213 0.10355114402732354 0.07886731603957833 -0.2141804094688644 0.051414305249452966 0.489197128174325 -0.050760572080527755 0.10968947423884085 0.20607789296241755 0.059866771540641725
0.1208474954120311 0.05628012791644098 -0.12366577401405382 0.22188460116752456 -0.12762900803452404 -0.05851059404926006 0.03898989727384648 -0.1962191144738394 -0.14743904827190987 -0.03809427365160099 0.22190275530761178 0.1750271193003494 -0.14558087723228622 -0.11133721813814579 -0.38169853738034065 0.16920451739013345 -0.34974945378698397 0.22941517189246383 0.08061022574393106 0.10341335626166796 0.0788135166234918 -0.2140924634064845 0.051183382409380765 0.48930817100173224 -0.05081226978997614 0.1097385690361582 0.20625392741653376 0.05988579596039734
0.12097601325019453 0.05639773080114314 -0.12393441998465303 0.22172562365055332 -0.12768957863466332 -0.05837944718132993 0.03891606931324661 -0.19613211417521706 -0.1477598988121356 -0.03823846601243681 0.2218534828418575 0.1749160447166602 -0.14545803796023987 -0.11145758005719499 -0.3816538350642088 0.16924720669854976 -0.34969754355216814 0.22958010850701374 0.08063004740730165 0.10338060842581123 0.07874746199139837 -0.2143272483550163 0.05135136677502616 0.4892168778906442 -0.050817681001350624 0.10955975312823492 0.20620317414977965 0.05979186767391296
0.12090366226058293 0.05624760354398007 -0.12368424915610796 0.22184341452647732 -0.12762876762336975 -0.05858937287843532 0.03895065922589855 -0.19624953028204975 -0.1476740354451734 -0.03815410874587876 0.22177530799870962 0.17505614795522234 -0.14547253472988864 -0.11144003495091377 -0.38195108608666034 0.16935851945441188 -0.3497881001669736 0.22946679100319925 0.08048306226544029 0.10342414756871256 0.07887208070369613 -0.21426779956908626 0.051128437607144556 0.48909571884059144 -0.05066794701511984 0.1096424232759744 0.20590602378501385 0.05986620050549327
0.121104393857752 0.05658675684059089 -0.12383250103342668 0.22181902954953753 -0.12785688414903493 -0.05848914946788832 0.03902170381908646 -0.19620285248894545 -0.14758045076649642 -0.03819958364617702 0.2219132911991709 0.17478193996100488 -0.14552510371633404 -0.11135737740364507 -0.38159930093086636 0.16935459904787598 -0.3497005915580986 0.22936229020532695 0.08063549155840426 0.1034588069704821 0.07876587360251178 -0.2141593742142572 0.051419538807690644 0.4893207607681531 -0.050867231798296685 0.10967883666514334 0.20601332296556887 0.05989622925653004
0.12091408537836623 0.05627534039909621 -0.12365644053738856 0.22210141421598434 -0.12771588476519777 -0.058618485976605975 0.03894719957373622 -0.19613007654951656 -0.14742525914383123 -0.03821756427694548 0.22202620237703713 0.174886524256038 -0.14565105808465945 -0.11150284169712946 -0.38180772438748733 0.16911944879471394 -0.3493754291805718 0.2296692941520725 0.08053804472865848 0.10364034338157752 0.07909532010764758 -0.21414807254212975 0.051449004866197995 0.48912450573040583 -0.05074879456766221 0.10968390958347934 0.2062161346231803 0.059874655513605206
0.1208066999378681 0.056173558195772556 -0.12362658028115868 0.22175127020478982 -0.12782809782057472 -0.05843926309746625 0.038979962165665315 -0.19622284985380758 -0.1477339712791141 -0.03824902393639872 0.2221367563191512 0.17495565457063406 -0.14568418086174534 -0.11140950566293793 -0.38171476942412275 0.169366947426124 -0.34978812380119445 0.22958931763218676 0.08044496657107976 0.10323231280286968 0.07890195831691757 -0.21411366677257637 0.0511137690558647 0.4890584485285986 -0.05070092860058128 0.10974033115277766 0.2060659481042368 0.06013590663134628
0.12084297569629089 0.05637709056150166 -0.12359901080154735 0.22170830506618852 -0.12781739206873097 -0.058375738060734525 0.038928548020423795 -0.1963308484727936 -0.14761958065309327 -0.03829577141364813 0.22218329214252405 0.17490654627463897 -0.14559078209025686 -0.11130292706563187 -0.38154266816398746 0.1692568646174993 -0.3496277158051474 0.22956125507026484 0.0807850946317696 0.1033660856692264 0.07879996485791459 -0.21427416457401055 0.05126559880787843 0.4892278414799062 -0.05048574474512938 0.10965985771523358 0.20629108765852502 0.0598651849252357
0.12079614528375775 0.056570654371549484 -0.1237534793562925 0.22180180815411285 -0.12781095312094437 -0.05854422971956752 0.038993594224538006 -0.1960992718592799 -0.14762009331318932 -0.03816999042477666 0.2218874918766599 0.1748358412485042 -0.14571991527054734 -0.11144074790412964 -0.3818238816952179 0.16917334855741914 -0.3494489377748631 0.2296143153831456 0.08058432318627082 0.10351779540607196 0.07892301828953664 -0.214026886424359 0.051306276368788914 0.48926659817719637 -0.050701329510827106 0.10997085836776904 0.20612480329237726 0.05997243581947694
0.12099357433532533 0.05628459182129762 -0.12396465156163501 0.22190014033366942 -0.12787902900284198 -0.05833377711759621 0.03894218427307724 -0.19632346584883262 -0.1475692663734951 -0.03833071860174131 0.22188479842008807 0.17483174026966428 -0.14563582717638726 -0.11135984845593495 -0.38170900122995954 0.16924345126134543 -0.3495465012920136 0.22949840811104694 0.08035804709517641 0.10344365075703413 0.07896951041224766 -0.21396634420670688 0.05136830431227794 0.48924006042847346 -0.05063240451354303 0.1097507066030198 0.20625621465622312 0.05997070136761438
0.12091747675975394 0.056383101229241554 -0.1236021507301484 0.22173137047876995 -0.12776859432703738 -0.058501818195646746 0.03897399700702511 -0.19622107766063068 -0.14750791286106354 -0.038446809690462554 0.22198954968130885 0.1749929100009336 -0.14557135937234034 -0.11135301059718983 -0.38166978813685626 0.16898759007582886 -0.34960468309501996 0.22958019772137087 0.08057344513633478 0.10363415837014578 0.07872105072841676 -0.21423688178473005 0.05139504890162848 0.4892815134952638 -0.050865655418620176 0.10963495249453045 0.2062319884930927 0.05997669075548153
0.12105685400418063 0.056096217220214246 -0.12376630031354711 0.22182543764962842 -0.12764024999050597 -0.05845303386810957 0.03907030234522079 -0.19619069163327602 -0.1473815735890422 -0.03844077274315531 0.221987611220062 0.1750149455318129 -0.1456710073731117 -0.11131343329230906 -0.38172601033549264 0.16898062308173015 -0.34979153382873257 0.2294650334963977 0.08068923575969243 0.10340172372374505 0.07890897873250545 -0.21411646427082281 0.051276052496089956 0.48923715721902367 -0.05097487920161369 0.10946047382836148 0.20623371433235885 0.059849879149958846
0.12094124556814775 0.056434597699695645 -0.12371309727888305 0.22175124414119743 -0.12773794550404088 -0.0585370913063017 0.038960728473449203 -0.19626919572335066 -0.14747205128646293 -0.038491219646841046 0.2217534028458921 0.1748004378818863 -0.1456743297184301 -0.1111820009250601 -0.38177638653570706 0.1691035264511554 -0.3494529016627131 0.22961275117060426 0.08056415184348657 0.10364935259114885 0.07895227950725067 -0.2139743573384334 0.05133789721085757 0.4894172668267013 -0.05081036978942076 0.10978165067418559 0.20629799122484194 0.05988891077976567
0.12079752046373202 0.05639961774846039 -0.12375135304709155 0.2217897889505906 -0.12775065847647196 -0.058515864557263486 0.03901417441723525 -0.1960502927193376 -0.14758118971277726 -0.03824430755045978 0.22196301217667805 0.17484161811321294 -0.1456176935901675 -0.11128885225111253 -0.38184450183104124 0.1691215717290625 -0.34956877205625764 0.229518077379768 0.0806876143649024 0.10357630097810289 0.07888650688232952 -0.21432598749271004 0.05118303508377692 0.4891606620668069 -0.05069444215806626 0.10976883152228095 0.20631333728507936 0.05988673142817754
0.12085647398927545 0.056390298384066936 -0.12389027688443348 0.2218286160078788 -0.12755382922434086 -0.058430009790438414 0.03888681901738849 -0.196173168550605 -0.14773059282239662 -0.038297024140271495 0.2218612206527657 0.17480013025562888 -0.1454990690027944 -0.11118159171407382 -0.3818360053002517 0.16902199112766222 -0.3496776126412329 0.2296982896897125 0.08081826266144487 0.10350943219413863 0.07891945748777379 -0.2143164624818684 0.051150286239311005 0.4890951178575069 -0.05081338186973169 0.10971403730800251 0.20624300583698088 0.059857389780779924
0.12095858840151501 0.056523456214152994 -0.12371361381494968 0.22183257173624185 -0.1276827162062568 -0.05853462641333272 0.03892642480163139 -0.1962723752688773 -0.1475019157876454 -0.03826555388683177 0.22185627467303062 0.1751161603758938 -0.1455863303066224 -0.11136513322860313 -0.3816800173326534 0.16908771027875333 -0.3496327691597088 0.2295714451148469 0.08047984602203748 0.10331753940213115 0.07892669948635025 -0.21419991351361237 0.051325985228708015 0.489216418917834 -0.05057496245777049 0.10976515597468738 0.20626366383169437 0.059921863592009496
0.12099433259660615 0.05624743469228299 -0.12388580681163511 0.22188184415376583 -0.127680412937378 -0.05850420950896276 0.03896080135291417 -0.19622115959426442 -0.14752875283499195 -0.03822165533428555 0.22200017133854474 0.174798411612005 -0.1455515370867245 -0.11135903294864703 -0.38169447220681385 0.16924918523995383 -0.34960186556812606 0.22954527611557507 0.08057232045254724 0.1035193532378071 0.07886397797925486 -0.21440906715563274 0.05129121973242837 0.4892147738275298 -0.05064559936402468 0.10939883249843223 0.20608142550144673 0.060078749824429276
0.12058260334992701 0.05631418497941348 -0.12389051474984362 0.22174084522287854 -0.12757880029098143 -0.05846245224902899 0.03900974907153837 -0.19616200896620237 -0.1477815073955986 -0.03815958258755759 0.22202905488169689 0.17474530338362937 -0.14559819828799186 -0.11125028116399843 -0.3817001585613971 0.16924716708399062 -0.3498115303750768 0.22946877823562312 0.08081682383327134 0.10330737372920953 0.07892467206091147 -0.21427038103209395 0.05135788924433329 0.4891807849240438 -0.05083823914715583 0.10966802974338576 0.20624976997496555 0.0598081504843157
0.12089106980282384 0.056497302531818776 -0.12389319589904431 0.22179656679484147 -0.12790384668140778 -0.058427867913547864 0.03897292404347219 -0.19617283446173642 -0.14747599973606074 -0.03817127004190768 0.22194033635341395 0.17480935593653216 -0.14561860088328393 -0.11120141790536382 -0.38176723172246724 0.16915571027456267 -0.3496081672381917 0.22958505540725052 0.08058504946988075 0.10350868607747277 0.078737416278728 -0.21406276794939894 0.05135023002472206 0.4893327740699587 -0.05080902294517144 0.10961746153729221 0.2061580504363946 0.0597839882439274
0.12086645706561323 0.05654268907046223 -0.12387388010592643 0.22176965150283234 -0.12774004340132467 -0.058355414533990305 0.03879754951602708 -0.19607555570041546 -0.14773680023807928 -0.03826030568703971 0.22171259045495081 0.17476511425528662 -0.14532415522546005 -0.11146098809322053 -0.3818138805356888 0.1693835880885105 -0.34968864221179335 0.22973010100263544 0.08059943288644908 0.10343084228563407 0.07891511014088648 -0.21427120747485853 0.05109007640464557 0.4891564157649765 -0.050936602498065184 0.10965386368525677 0.20618663995896463 0.05984711620017464
0.12074066040054979 0.05627664118213762 -0.12380200198998373 0.2219352797739399 -0.1276029348713762 -0.058591010610755306 0.03899509527025338 -0.196145365450007 -0.14754683892226034 -0.03815679526367546 0.2218532851195359 0.1747663070814619 -0.14563543244018448 -0.11121492694851398 -0.3817817149919546 0.16917789138008943 -0.34955087971839977 0.2295097659810339 0.08071473883821859 0.10359250226563027 0.0790657420223096 -0.21421680506639645 0.05137180953048602 0.48939275134823007 -0.05060090525870774 0.10950340205917772 0.20616332663067577 0.05976799723333883
0.12091394730524167 0.05645285016038059 -0.12393794227657806 0.22192543917731863 -0.12765435346545306 -0.058458609837128465 0.03894282475319888 -0.1960728152227862 -0.14752754787180805 -0.03809392146878528 0.22183989329938672 0.1749807593272305 -0.1455266586457677 -0.11143848092395627 -0.381814623411198 0.16928549365303375 -0.3495572508382159 0.22944602217841967 0.08048703231988198 0.10321487072245566 0.07875407759146533 -0.21407502417701205 0.05131709042852144 0.4893114103109222 -0.05072867854443948 0.10982033157014276 0.20622948228696134 0.060023675733622064
0.12081019798817152 0.056787116354869445 -0.12355907742991935 0.22197244221030435 -0.12790140805054523 -0.05863142899000267 0.03905547521862191 -0.19595020429736806 -0.14758319414040397 -0.038113427521856466 0.22204359708839452 0.17489867869364742 -0.14577607970073087 -0.11150178755662617 -0.38209844960800515 0.168999548982096 -0.34943213293213066 0.22942021524093184 0.08048959398352648 0.1036786314693986 0.07905662702662757 -0.21395687904332086 0.05170073735445266 0.4890808632397494 -0.05061987434411738 0.10986545647815664 0.2060265625140344 0.06007481282133804
0.12086885737004684 0.05660015912509581 -0.12387752738570391 0.22189780786898117 -0.1274786234988213 -0.05876576341766026 0.0389944367133563 -0.1961903060491772 -0.14764871845732022 -0.038197188269741 0.22213747052989938 0.1748791114244527 -0.14558171207468837 -0.11117208674146774 -0.3819214169231291 0.16922648654368583 -0.34925378403025986 0.22931544084215125 0.08028469932678962 0.10362061831971088 0.0788900349316407 -0.2139803868194824 0.05158783710877524 0.48927739232990924 -0.05079409699381943 0.10998504300204089 0.2063048956878908 0.0599638153465404
0.12096355852179283 0.05660585020051475 -0.12386199514144272 0.22167055834414218 -0.1275603456626088 -0.0585073456275799 0.038941612373035124 -0.196226542413201 -0.14750207006031738 -0.03845446434216438 0.22169337917359194 0.17482086119340962 -0.14564885066233318 -0.11137074323327595 -0.3818976018854285 0.16920800840874506 -0.3497159501675552 0.22958323479367382 0.08055093767405738 0.10342106391477814 0.0788832525094941 -0.2140750516261678 0.05128831059355949 0.48918815670136023 -0.05052217930897976 0.11015037954866444 0.2059989435074727 0.060219414770853505
0.1204884140058435 0.05657791559924837 -0.12349536324855293 0.22194550787947512 -0.1277946977335233 -0.0585927837568787 0.038956346776889646 -0.19605341278112634 -0.1477738304348117 -0.038260468208257264 0.22192567024311027 0.17502586145385493 -0.1457295763733223 -0.11115817568388552 -0.38192137447593955 0.1688718123359813 -0.34947908944825434 0.22975162602814553 0.08066480168956561 0.10348841976489254 0.07871057518871111 -0.21419775733058682 0.05160918013640676 0.48912488236884016 -0.05054258223855754 0.11005500870708851 0.20610786504104348 0.060188245065324636
0.1212013647884603 0.0562660956255837 -0.12363819089336754 0.22170605963564824 -0.12764275694925717 -0.058474667639795044 0.03889489488808219 -0.19588144157586124 -0.14748875786162055 -0.03828601558392354 0.22194133954416984 0.17488700214389166 -0.1456178554613597 -0.11181971339497758 -0.381971275675412 0.16910554006330003 -0.34953488508313274 0.22970933870758373 0.08033129295469889 0.10354612468092292 0.07899844451866682 -0.2139827722359602 0.05136843834100557 0.48929250420975107 -0.0506494975696676 0.109829487503811 0.20601148635326824 0.05984260478772626
0.12101010048563977 0.056458321643841666 -0.12356042233122 0.22181145478250686 -0.12774911161596036 -0.05844044191430089 0.038915136033544406 -0.19588134777232905 -0.14759815745328106 -0.03778450960296368 0.22174613259136206 0.17492040179494697 -0.1455585704493178 -0.11156422907533538 -0.38161835936175925 0.16947573510909375 -0.34964479163991785 0.22946366771957474 0.08081425532640116 0.10366401082104712 0.078869904076833 -0.2141197885552548 0.051463633172060194 0.48931246205129325 -0.05050849884736887 0.10985917206990717 0.2062887401461299 0.06010240131878238
0.12112533484640545 0.05662910904924542 -0.12357760976212534 0.22184587169539072 -0.12778616942188867 -0.058559855937712325 0.03892107313647576 -0.19642657519389872 -0.14779934267140477 -0.03844821510966867 0.22208055851241415 0.17520750142074973 -0.14566945498365624 -0.11153087510902973 -0.38154162139698417 0.1691227394790665 -0.34957347223378077 0.22983365143224954 0.08069336022497774 0.1036231899839645 0.07841820966920955 -0.21400984852498114 0.051095060688561414 0.48889021720932146 -0.051134724052145315 0.10978976749431828 0.20612859242511478 0.05997120676722733
0.120904564551321 0.05668700096143431 -0.12397714208883005 0.22194875503965514 -0.12773840609424827 -0.05833906574804816 0.03880453610899433 -0.19627096536773175 -0.1476002253580184 -0.03805920305059655 0.2217066008154927 0.17496482021036908 -0.14541880266112045 -0.1113516846028609 -0.38228473223974446 0.16943715627104158 -0.34932809224101663 0.2294830882694785 0.08056787202685209 0.10325922152201227 0.07852399579762896 -0.21366393935670383 0.05123475422629761 0.4891726741336005 -0.05096115876583563 0.1098979256470526 0.20624363552321742 0.06000620933353523
0.12100837964042671 0.05657417623845199 -0.12381189149395928 0.2215318250347316 -0.12806721693007686 -0.05813509693840999 0.03883088291639965 -0.1959390007148743 -0.14764244471186452 -0.038325034357666134 0.22197740604832403 0.17473942482916016 -0.145546576757583 -0.11135442527185059 -0.38188336195809514 0.16945488772294812 -0.34969274218314883 0.22972772419286785 0.08011256039837347 0.10342999040471873 0.07899517597801853 -0.21387306077014814 0.05123916867073727 0.489193873476278 -0.05084878426551825 0.11006710081728979 0.20603201289933315 0.060151100058332616
0.019153419918346907 -0.01247038718182501 0.05045368816242116 -0.20904763750269603 -0.03766137805048342 0.2047032978054863 0.08248175226621149 -0.04485834475036723 -0.13073556631742916 0.26575563280240805 0.31714276696056337 -0.1614600105869636 -0.16317313290654945 -0.08435958346571082 0.37891447759047886 -0.29918838867249586 -0.21043737050696087 -0.010734945637696273 0.15597579262703049 -0.06290894034865363 -0.31085215471056016 -0.17803744223705067 0.05843274455570923 -0.23863248322268793 0.3162460072546189 -0.07321056114029528 0.2292429750115192 0.024499063015215542
0.12081261954109156 0.05643716559995975 -0.12404408600361055 0.22182118784540072 -0.12774786290808177 -0.05851739531006823 0.038909243863164196 -0.19613284751836865 -0.14756882016371656 -0.03819041921781448 0.22198938916023644 0.17494089931661 -0.14561633771057136 -0.11119567569679241 -0.3819739408767969 0.1691079045534695 -0.3493781842661518 0.2298201874617319 0.08040153850574844 0.10352256305199675 0.07889673239189823 -0.2142844970874503 0.05128096519772508 0.4890984591183488 -0.050842372673098817 0.10943579714840182 0.20612437968049724 0.060093021547544354
0.12072471413270046 0.05647836751740453 -0.12379995480428616 0.22187378622951134 -0.1278080509391327 -0.05851143781893754 0.03903857535847024 -0.19592139328213115 -0.14735351077021727 -0.03823101605356861 0.22183146062016346 0.17493212110908887 -0.1456588813113829 -0.11110715535369022 -0.38176006843936794 0.1693753433103847 -0.34965035182831267 0.22947852759727194 0.08052672922229964 0.10341407080283241 0.0787215282704008 -0.21416650521847244 0.05134410070920074 0.48941119514996684 -0.0508863399930842 0.10959429049714349 0.2061942966869747 0.060027956219890044
0.12113115480795335 0.05654177019840216 -0.12390371275567526 0.22173302225885494 -0.12803791892431707 -0.058277602098258226 0.03901777276408622 -0.19627732151530425 -0.14749019205068797 -0.03814792416802228 0.22211312408620984 0.17458134311862658 -0.14556263757685808 -0.11112952284941387 -0.3815378618503556 0.16923781256789117 -0.3497767344882332 0.22947929906440814 0.08046179035815161 0.10352366877049936 0.07885239552187144 -0.21436938659006838 0.05158117028999259 0.4891991674776959 -0.05073966741694149 0.10961928412512781 0.20613504151988354 0.05980314179692488
0.12090871236154863 0.056351043415548224 -0.12391025546311961 0.22178270760217528 -0.12764755166031216 -0.05819160823131985 0.03888267825109336 -0.19598056623465074 -0.14741142804420307 -0.03826013064904674 0.22186483642006474 0.17496028921211373 -0.1454784567274312 -0.1108145549708235 -0.3817713444505256 0.16937335869884032 -0.34962064125447284 0.22960208638733584 0.08054470120971222 0.10366507388135786 0.07880278556824087 -0.21399356179655865 0.05140595358602607 0.48944888025927624 -0.050928176326938315 0.10955074167371548 0.20636943967384846 0.05982809895076917
0.12091873043700112 0.0565851974330881 -0.12390043873803508 0.22182143397949353 -0.12793288685951076 -0.058322575221647306 0.03896085321437369 -0.1963177349647112 -0.14767198411070406 -0.03806693780420047 0.22184788515735634 0.17492465724815626 -0.1457098428283236 -0.11117526683666781 -0.3815738117003731 0.1693031251670864 -0.34967416860160117 0.22953205854746547 0.08057950147178301 0.10359604082375491 0.07869501849612491 -0.21394346111558674 0.05148956880293146 0.48932136114480385 -0.05058747154231497 0.10942259858220638 0.20605118490641866 0.06038344093073682
0.12098038905121607 0.05652836300182248 -0.12370022022426891 0.22203869212021707 -0.12783905771897056 -0.058258090097618814 0.038854274591798035 -0.19627576495791027 -0.14743166595719873 -0.03790812049936053 0.22228769332314 0.17491559816430086 -0.14536412912030236 -0.11107753284282175 -0.3817060897395012 0.16894002865961918 -0.3497531492903469 0.22964533063321138 0.0808689900050122 0.1033498069846113 0.07850045236485445 -0.21440439324084423 0.051160344486055914 0.4891139959558112 -0.05072628328512708 0.10951111604084177 0.20613930817206713 0.05982604562077408
0.12086852029159541 0.0566468972078557 -0.123724456521974 0.2218279895093297 -0.12774438467769691 -0.05856968353214727 0.03895220572961556 -0.19611766240987327 -0.14763080208835627 -0.038105828885244955 0.22195691858635755 0.17483576131853737 -0.14550601021484152 -0.1109821308306183 -0.38181089203954427 0.16935483628892542 -0.34964728772839326 0.22939460174309273 0.08059398607849402 0.10354632118142894 0.07876279241310347 -0.21416774558489274 0.05111503209230766 0.4894439817886742 -0.05058689231336545 0.10964009822277283 0.20595335402925274 0.05983678854071576
0.12088339797366747 0.056318111098690005 -0.123832318095705 0.22191606042086648 -0.12782056091839095 -0.058396813656751624 0.03898153004358787 -0.19620541666178165 -0.1475180995651908 -0.03787919047094807 0.2222348059780659 0.17480723793722963 -0.14568264144964302 -0.11119870270958246 -0.38171352746755444 0.16934230684595677 -0.3496985833112201 0.22958897807202586 0.08069770242205113 0.10326415781767785 0.07886946616874357 -0.2141094379402623 0.051442157099090696 0.4891330989714963 -0.05061469180936045 0.10950705270227659 0.20615455253136536 0.05972513968095665
0.1212177441719088 0.05652349802261573 -0.12392816903905246 0.22181584270319332 -0.12806737013995717 -0.058493150861546474 0.03901156248538356 -0.19615796734310645 -0.14736106018054873 -0.03843369475179601 0.22173364026588474 0.17497589311686076 -0.14570944387199397 -0.11102423975540605 -0.3814951181337429 0.16917181845474544 -0.3498390967847233 0.22969335582341574 0.08050458507000803 0.10372033840314132 0.07879243638172366 -0.21398339102335853 0.05163158511111654 0.4892650182645761 -0.05100342393708983 0.10958553787314304 0.20599374020231914 0.059715843574859886
0.1209034435747699 0.056463866443589354 -0.1237719565232611 0.22172363619135546 -0.127889689356934 -0.05835741413669711 0.038925183304839094 -0.1962560756015497 -0.1474620228996331 -0.03817216788523204 0.2219165323582602 0.17475405798203555 -0.14559055235734064 -0.1112925018378171 -0.3817355494080085 0.1689429434844149 -0.34952556353606673 0.2296307562298007 0.08074018378356 0.10361949888342513 0.07862501095654098 -0.2141806599033765 0.051557698908310225 0.4894312654140252 -0.050633508063515596 0.10961450509392315 0.20618135027825302 0.059876916200678844
0.12107237413268804 0.05640602421299886 -0.12390293450750763 0.22199746571327658 -0.12810952762844052 -0.05838767312710554 0.03902765759405082 -0.19635913753204706 -0.14726281384139497 -0.038023267202512215 0.22193436965086769 0.1748013249682487 -0.14559194535544348 -0.11106567931435135 -0.3816754534560276 0.1689715579358515 -0.3497605495903925 0.22944644862723876 0.08054540333663314 0.1035576263031998 0.07867079904790894 -0.21428125719489347 0.05164892536427571 0.4891468521071015 -0.05058652469094922 0.10986160507287189 0.20610475831235311 0.059881311407012826
0.12100356375610308 0.05635312807061266 -0.12363585626139742 0.2215228065036573 -0.1278362862884849 -0.0584683641046914 0.03913092531294012 -0.19609642484338935 -0.14757613819859916 -0.03827204148570143 0.22199690295494823 0.17499783403762495 -0.1458532182130558 -0.11143325534276485 -0.38194560248338427 0.16944376684685467 -0.3497152245924703 0.22939988604469627 0.08037456696684875 0.10381262233522595 0.07884835547664644 -0.21386808471658186 0.05135474600781335 0.48908487082100277 -0.050834695688899804 0.10970059512886877 0.20610567903060956 0.05988343927761369
0.1209760078102789 0.056055386479564255 -0.12416755258494133 0.2218379353960479 -0.12766637851910664 -0.05820156254795534 0.038953016976449 -0.19618931806902984 -0.14761864264864943 -0.038128313309075915 0.22244609215499886 0.17488681441380313 -0.1455293016381195 -0.11127359651547908 -0.3815236346325939 0.169294957648095 -0.3496669706499279 0.22960151087962194 0.08043714293207085 0.10345222113171373 0.07860168037066678 -0.2141934967812553 0.051276550072239524 0.48925535614146404 -0.050859649619219564 0.10949831173268003 0.2059907924381998 0.05985472369908546
0.12102075823269076 0.0563638402146106 -0.12378789493379784 0.22177629403323706 -0.1279219709812541 -0.058477797884140294 0.03898809800863717 -0.19609204827465154 -0.14740997635419614 -0.038441461849859006 0.22197875698294836 0.17498532495237507 -0.14581046914894924 -0.1113823694014724 -0.38168787529036485 0.16921311655659887 -0.34940081538157514 0.22967777055893931 0.08090591861326386 0.10347123788166233 0.07845956145518754 -0.21389555581999278 0.0515031227467355 0.4895102543575257 -0.05065679567283322 0.10941953589979703 0.20606845245588848 0.05964782998084265
0.12089202195323366 0.05655823998506602 -0.12367773079586476 0.22168816765202612 -0.12790020128348303 -0.058358032886326204 0.038975181051582417 -0.1962880933751283 -0.14750497102552607 -0.03824628234057406 0.22231129777229647 0.17461991982424285 -0.14577858332988788 -0.11107974313142031 -0.3820372455820318 0.1690197353063212 -0.3495252372715292 0.2296955821307088 0.08082002113416875 0.10343432137350847 0.07908021340088241 -0.2138449632596905 0.05129292318189397 0.48917523715790345 -0.05079093534205629 0.10950960297255725 0.20602930816085238 0.0600145101737936
0.12097075249123039 0.056438995229478386 -0.12373343228815026 0.22189696709117032 -0.12802955013718256 -0.05847476132239624 0.03900549512742939 -0.19633728349468757 -0.14748374459267435 -0.038236006760628584 0.22190912411411928 0.17470799886995544 -0.14560704863374954 -0.11125242013068413 -0.3817297634951795 0.16923296386257464 -0.3497554910453958 0.22948192188139702 0.08069098320278396 0.10359197552595138 0.0786710013326645 -0.21400655300343918 0.05155630930921909 0.48929871151446197 -0.05085396149063265 0.1094382163684761 0.2059540516909654 0.05969618758416278
0.1210435820838329 0.056366089314365805 -0.12401173123519833 0.2217308911237015 -0.1277039604750157 -0.05837031897187484 0.03892007408305494 -0.19625349450338428 -0.1476572149016309 -0.0380633232968443 0.22205034040139476 0.1746432320459026 -0.14552715491132462 -0.1111633899856942 -0.38179569991049556 0.16924519971312854 -0.34937991053210976 0.2294435407251882 0.08074418054573586 0.10355070956671651 0.07881267998203344 -0.2140720928035634 0.05146069119220387 0.4894532236026441 -0.0506995691173526 0.1095291950055956 0.20610041753021455 0.060235554385357916
0.1209810764055047 0.0567268718512276 -0.12414906097013309 0.22179173140093753 -0.12814310748614996 -0.058377696594741985 0.03896324818280649 -0.19597880684431518 -0.14729309554036757 -0.038293130226841485 0.22188335548114832 0.17489128419662414 -0.14577852140821193 -0.11093019543101644 -0.3816303607229361 0.16913642685332994 -0.34966177865302345 0.22969276046400494 0.08062967997000393 0.10352074063717194 0.07864454458246804 -0.21390438287219382 0.05137022723724379 0.4893912413916808 -0.05068092281210269 0.10964459102173424 0.20614097814933988 0.059941162322332674
0.1209522083929564 0.05662105012640766 -0.12383624346734765 0.22178456671630412 -0.12781013782272338 -0.05842427212109528 0.03893340082487792 -0.19610552080019963 -0.14770235410179014 -0.03808537481666156 0.22185067951252285 0.17457903324380067 -0.14549115359558376 -0.11143666083200755 -0.38205172001751886 0.16935316088496483 -0.34951089044394207 0.22932299347065316 0.08035329580707196 0.10354635307590838 0.07888016235099485 -0.2139042497666804 0.05138335665509996 0.48941990221166715 -0.050695574027873704 0.10975509836550433 0.20605616530522883 0.059807845069991906
0.12095391337230878 0.056702942765848724 -0.12409328332153992 0.22188548205449607 -0.12785428091062478 -0.058272945608981434 0.03885483510843323 -0.19617677532278027 -0.147298462392929 -0.03809362207609303 0.22216773243991655 0.17458625157875673 -0.14549041402328758 -0.11097618412577676 -0.3818200124544971 0.16919420028405416 -0.3495290355991896 0.229721867482973 0.08067091449357211 0.10358212055764117 0.07889627272517474 -0.2141812020345854 0.05140087474867284 0.4891837812896812 -0.050845008870887005 0.10953958685302208 0.2061792182138229 0.05989299657364658
0.12079481137665771 0.05639901867818997 -0.12384974051569911 0.2216794787637044 -0.1277981693911556 -0.05833487146217732 0.03892667219303124 -0.19622958227685977 -0.14742762797400105 -0.03840689677984651 0.22203112945422526 0.1750836229401323 -0.14561649204934998 -0.11111468798453848 -0.38184042137020224 0.16937044713302232 -0.34948955741257154 0.22958034861678864 0.08075553270887231 0.10348127763430855 0.07864374690510337 -0.21392045863846737 0.05108153605572724 0.4892469141717076 -0.05084468793881459 0.10971477894537418 0.206245641628877 0.060257778192517104
0.12092845780114816 0.056651068292427366 -0.12399184670424823 0.22195782277657697 -0.12771514994649025 -0.058480424759481855 0.03894415964184344 -0.19606458673710278 -0.1476750529929971 -0.03820232157591189 0.22195979677554617 0.17491637508183133 -0.14567246532381317 -0.11101859078636997 -0.38184163576989627 0.1690183796852653 -0.34955021236413536 0.22960621204233245 0.0802757102590891 0.10336980882250889 0.07871564268428065 -0.21400938871429903 0.051333044250840364 0.4893547056310718 -0.050531791884922246 0.10973607649089775 0.2061547630507825 0.05970884357505615
0.12112226512957724 0.05640397090677081 -0.12360962935726216 0.2219348808646414 -0.12812978326585836 -0.05845214637918477 0.038998139583857706 -0.19625247703851975 -0.14761246029261224 -0.03801070125241621 0.22211127435535188 0.17461104258602375 -0.1455979789700239 -0.1110696716840949 -0.38172338241562354 0.16912145707625043 -0.34974640576997157 0.2296186161052363 0.0804850610278912 0.10347678491265448 0.07875546603527105 -0.21446293418420748 0.051581518353926256 0.4889052207666538 -0.0508434721847904 0.10960193542110397 0.20625630380931054 0.059828426166851266
0.12107489880623168 0.05657710465215952 -0.1239448970816942 0.22178854737078765 -0.12799138419803427 -0.05849452777140418 0.03900013082444434 -0.19617236736662247 -0.1475467729905118 -0.038198296064260534 0.2220405912847047 0.17484475947007103 -0.1456445862496121 -0.11099041382695814 -0.38186832010346855 0.1693182225844626 -0.3493213776087047 0.2294878817976033 0.08068778794877969 0.10352797932502666 0.07842013987272374 -0.21418256515723733 0.05149446704151705 0.48922115876216693 -0.05075832093432087 0.10956449209953238 0.2062839019081466 0.059906637512643295
0.12078887436669067 0.056363420564312885 -0.12412259209227242 0.22167536885127823 -0.1277258677191044 -0.05839707469758476 0.038943632954684636 -0.1959800188878602 -0.14735496377268315 -0.038166344761728484 0.2219585201416384 0.17474764383828775 -0.14556065900283507 -0.11104511258642392 -0.381734474511112 0.16930939719765456 -0.3496452953354346 0.2295183473491839 0.08051731366104649 0.10342748600992267 0.0787568774331944 -0.21417923730750887 0.0513947651515162 0.4895382147607215 -0.05057785465217624 0.10982451818626855 0.20611092551728072 0.05985926370920713
0.12117590484330348 0.05664739303361326 -0.12396923213088593 0.2216538004055449 -0.12802035266469142 -0.058388424663872 0.039019835559973896 -0.19643970306055863 -0.1474347496745907 -0.03821108398174979 0.2220501152872715 0.17481084238570435 -0.14556868446894297 -0.1111498883029794 -0.38174844783111844 0.16884371218304975 -0.34968158927063436 0.2294728944922582 0.08059398099563955 0.10359902402030494 0.07851915568273339 -0.21434672062119775 0.05142230486237272 0.48912925875031016 -0.05065666058257667 0.1096568011695311 0.20620029171975116 0.05982037335765678
0.1211753539845479 0.05647604876587968 -0.12382952655123451 0.22194308669615004 -0.1279217391435599 -0.058540357735408693 0.038977319289846456 -0.19625708529792632 -0.14742771867006263 -0.03809578969937598 0.22202730040183324 0.17479833499018813 -0.14550165296723275 -0.11085215595050563 -0.3817122589631409 0.16916854869249406 -0.34955900549267777 0.2293999430483549 0.08070876164127798 0.10346440930380726 0.07869703499106505 -0.21420012889731851 0.051420793081329054 0.4893799337435968 -0.050884801357287845 0.10947935455022588 0.20609720167673903 0.0599341289998699
0.12070857073413517 0.05663310192478992 -0.12382006118614074 0.22180936783293 -0.12791340388500544 -0.0582781869474238 0.03894266721549321 -0.19597009181660707 -0.14767947125179168 -0.03812855707350928 0.22208840798470597 0.1748769242763444 -0.14567154125391854 -0.11107366588546347 -0.3819416862660424 0.16947388948694136 -0.3494540412040677 0.22959088746398426 0.08042733921745174 0.10337547030845036 0.07870349923619427 -0.21383601042312447 0.05108307688128345 0.48924749392979894 -0.050819288312518925 0.10981092578203196 0.20627862373392244 0.06013306858383434
0.12089558601086482 0.05672542009294373 -0.12398626292694591 0.22185439327325687 -0.1279294683176304 -0.058267083848020707 0.03898446128405109 -0.19598493354171023 -0.1473397799423609 -0.03801998427175854 0.2220177695235535 0.17482896016572472 -0.1456868235807176 -0.11109281879058641 -0.38174284791729074 0.16904740233129792 -0.3496965924211789 0.22963738854006324 0.0805516909588457 0.10341913257851813 0.07858104535662376 -0.21406202463180493 0.05123446064986117 0.4892339565274099 -0.050943956419219394 0.10978436819285085 0.20627909195469635 0.060205531270493017
0.12133304768436437 0.05656758979911867 -0.12393005190883263 0.22164858379455973 -0.1278158235002934 -0.05810863553278634 0.03879269877735202 -0.19622612061056038 -0.14744593853912086 -0.03803093473826165 0.2220813592409258 0.17477490512557928 -0.14547294586418197 -0.1111718638451873 -0.3816868067800991 0.16938867707538002 -0.3495051748553724 0.22977990680525465 0.08057989166828074 0.10343592118845607 0.0789247494271599 -0.21405228562338116 0.05135692902407723 0.48937315076716986 -0.05047778070385155 0.1096966983897113 0.20596139249655776 0.059993883165547414
0.12084455249351936 0.05652495138901909 -0.12380951322618627 0.22173201912759347 -0.1280237501782655 -0.05820363699609924 0.03896037084827784 -0.1961728921175963 -0.14764964195143934 -0.03833739705888828 0.22198348795279838 0.17509599980061255 -0.14572816177362086 -0.11125194044227332 -0.3816812197525942 0.16917669952782424 -0.3496579846377301 0.22963789377003413 0.0805234295089395 0.10351423340799777 0.07867737578913986 -0.21418696057051365 0.051417208163952226 0.4890260659827101 -0.05033231817673906 0.10965044997848217 0.20636351737985864 0.06012796498183355
0.12102935959302451 0.056549330162070324 -0.1240993919172414 0.2216956064011562 -0.1278555094680105 -0.05847195726825657 0.0390672665880619 -0.19604231580008202 -0.14757614420515425 -0.03832400718897081 0.22208363425907038 0.17475906412974643 -0.14568093684991476 -0.11125749111348983 -0.38163828092728885 0.1690342361183399 -0.34958111292145094 0.2294583431774271 0.0806320714388378 0.1035458667085013 0.07858773026144107 -0.21403200681547063 0.05147112162105865 0.48944182776392553 -0.050996468571368865 0.10959196361586956 0.20609465913257813 0.05994222092741534
0.12084622817018122 0.05638541746570427 -0.1239849626525658 0.2213259396382982 -0.12755857993009853 -0.058200732118753554 0.03893786386880832 -0.1960890322323619 -0.1476943199495448 -0.03844101286777214 0.2218570598051806 0.17530755308029536 -0.14571316979512333 -0.1109798132990885 -0.38189135949431186 0.1695664492531674 -0.3495600697861704 0.22977606780409435 0.08061353892632989 0.10359294008990881 0.07863814185304563 -0.21404860227248945 0.05097717000977959 0.48925500430467167 -0.05055821937644559 0.10962542677714099 0.20606604303786458 0.06016889715111293
0.12125245025974603 0.05637891419931603 -0.12394817272722942 0.221746398172683 -0.12748223564145583 -0.05831630668643451 0.038872879600680754 -0.19631993109674412 -0.14724745689743413 -0.03798191958912184 0.22194222990301596 0.17513376189604757 -0.14553061173684806 -0.11110136027458814 -0.38194294806023443 0.16945877975765938 -0.3492927065096403 0.22942536430079963 0.08074877690171797 0.1036953091128972 0.07877212562572164 -0.21383567409757562 0.050991032461818346 0.489316401583952 -0.050775512725492425 0.10949491823407496 0.2064778673443112 0.06024352445474526
0.12104676320118282 0.056197306691754975 -0.12378512351261281 0.22181945032185416 -0.1278606479587797 -0.058208748064429376 0.03878959762536168 -0.19650940725199695 -0.1473724958108646 -0.038621289395459855 0.22224467466965211 0.17498511679040382 -0.1454686478640595 -0.11093878948311953 -0.3819782170760931 0.16911661204270237 -0.3494765421376157 0.22983875825657676 0.08066453839473074 0.10342088229891969 0.07864067448090536 -0.21394659671298194 0.05084867113694258 0.48906028256250855 -0.051001777952036746 0.10972390200322257 0.20607812910623954 0.06010446690608823
0.12084212446750665 0.056307399045325286 -0.12384423775157014 0.22161042243693357 -0.12769459024586244 -0.05843566655137823 0.0389221284944558 -0.19617249537013648 -0.14758551384776836 -0.03845499701235005 0.22179709807692088 0.17516292368807784 -0.1455756641087328 -0.11130690495251877 -0.38171175223387116 0.16949804888274875 -0.34948859486998207 0.22968277088451108 0.08059464589580584 0.10328317081409254 0.07876261298905386 -0.21418171126190963 0.051277982337689154 0.48920867009726177 -0.05089027623140964 0.10974156349261807 0.20628756300001028 0.06023936300983869
0.12069758535838973 0.056547576650034244 -0.1238847973762582 0.22179049879147944 -0.12772207057053944 -0.05820893369920243 0.03887053977849211 -0.19612318322960642 -0.14767399867817127 -0.03821392157421254 0.22196416697015406 0.1749928489774078 -0.14535476685940946 -0.11083068980539408 -0.382055696172625 0.16922483517248524 -0.34961953381950744 0.2294811585265445 0.08037387708098591 0.10367772838725381 0.07863680312398019 -0.2141565026476911 0.050856569799452 0.4892707638015079 -0.05083057092656483 0.10964518039030947 0.20615699321938002 0.060133343042854406
0.12067126618117081 0.05617783618347144 -0.12382728537103616 0.2218686095477227 -0.12768816246975986 -0.058341278498979555 0.038909362952003125 -0.19642714077486978 -0.1475327527550791 -0.03854715270731719 0.22203823782733245 0.17509884935236664 -0.1455653317447202 -0.11094844102959554 -0.3817197862738177 0.16958126125354622 -0.349492159092033 0.22955106886115545 0.08085193468949231 0.1035863186343806 0.0784254446335284 -0.21380236799924834 0.05115617785221849 0.48934627424716887 -0.05091917287348008 0.1097404224919741 0.2059986456579836 0.06019603517009966
0.1207442356032615 0.056351295540157074 -0.1238202465814604 0.22206251393657925 -0.12772022229052835 -0.05825557261413871 0.03891080087101081 -0.19603663711860375 -0.14730650722571387 -0.03825576935306412 0.22206839857709348 0.1751304162903286 -0.14550687003193122 -0.1110342788168137 -0.38164172452631084 0.16954611908901832 -0.3496007309358726 0.22945956070069687 0.08096782301456405 0.10351663654921903 0.07862853740710873 -0.21386171217498504 0.051158360362193706 0.4892586895398345 -0.051037151052248195 0.10979003101281656 0.20627749089890282 0.06035939587422326
0.12095579323190984 0.05635474025070141 -0.12379638159630531 0.22167932029610007 -0.12775271707459293 -0.05842224194907129 0.038942269227944734 -0.19629878714468846 -0.14717543384247422 -0.03829413811534687 0.22190014334924543 0.17527799584340983 -0.1457219501350479 -0.111104176280356 -0.3817383739854667 0.16930201037231973 -0.3496660488284954 0.22974247497838285 0.0806221694534234 0.10333067188524189 0.07864683457425077 -0.21397915036354964 0.05126007982883208 0.4892236243080926 -0.05090991323084425 0.10942628053651272 0.2062580642768202 0.06011889140932591
0.12100196585418566 0.05617993888319758 -0.1238687589877682 0.22154303849082535 -0.12753261381172276 -0.05832980243537996 0.03899176794317404 -0.19604895081435678 -0.1475185756743902 -0.038395240700981735 0.22201807706440632 0.17509105847355647 -0.14561864498163898 -0.11123827636704878 -0.38189160473403366 0.1694091424416656 -0.34966161143400953 0.2294440235262871 0.08079948047700676 0.10340135524984675 0.07877708878733548 -0.2139330440188024 0.05117518504029017 0.4893081955733669 -0.050788586383740675 0.10970748253625148 0.20608012994548186 0.060198188187295484
0.12088926757231797 0.056539822777349286 -0.12379316747370976 0.22166856009299082 -0.1275337081937707 -0.058222669537499674 0.03886021836729073 -0.19614373611880348 -0.14729142506046272 -0.0382879251464279 0.22202951023981568 0.17495688479454014 -0.14547291272376234 -0.11102182285826001 -0.38173666446533805 0.1694999879605539 -0.3496971548983481 0.2295639564228977 0.08090108448299671 0.10335286802490817 0.07849912835754153 -0.21411833068301667 0.051317062784262804 0.48928516529666677 -0.050774116848998366 0.10986183629142535 0.2063302511967099 0.06003780595727316
0.1208917111972142 0.05639509368991381 -0.12380214021391679 0.22154001251640118 -0.12777779680043566 -0.058235769250714775 0.03893967264813434 -0.19630941891233736 -0.14760291537912779 -0.038556951905360404 0.22195003520646603 0.17500061045942467 -0.14567106784462705 -0.11102280403173247 -0.38200109876671956 0.16918773866844922 -0.3495532118138724 0.22952840851925388 0.08061522046469873 0.10342595274507316 0.07829192275402411 -0.2138512188893076 0.0512558813622146 0.4893342044692269 -0.05083981850721138 0.1096896298584849 0.2061990973272928 0.06026352484038505
0.1210025185963402 0.056586175560360066 -0.12394500523053634 0.2216543157070222 -0.12784229322781682 -0.05837776580754971 0.038962342086749084 -0.19621050473858315 -0.14715773751311423 -0.03829602039011508 0.2221352852280438 0.17485939546410595 -0.14577197262947983 -0.11114779596320315 -0.38184045995937843 0.16951539244419983 -0.34943236206453804 0.22978575440529891 0.08075770160537697 0.10338421155965442 0.07861174284836664 -0.21403736840290713 0.051015659207819836 0.4891804085389023 -0.05075165321138176 0.10964543908322005 0.2061900506594988 0.05994780441825935
0.12083618897585777 0.05660641434620367 -0.12377964588396421 0.2217388317358278 -0.12768644430263038 -0.05857551699128894 0.03895250532547217 -0.19638581288202064 -0.14743843280614746 -0.03839681648180845 0.22205026310390139 0.175040281197919 -0.14571405826611 -0.11120344537405584 -0.3817854153657937 0.1691718450909809 -0.3493907607479354 0.22976458635602948 0.08091265138399466 0.10334077238606436 0.07858598541019673 -0.2141034233649226 0.051296353615012065 0.4889626149996613 -0.05098843556540396 0.10995712485579492 0.20642352580828216 0.06020538013881892
0.12100573688113953 0.05625522401555896 -0.12381426644198308 0.2216069910923123 -0.12772392480665362 -0.05844088720050234 0.03903398915085951 -0.19600600982554345 -0.14718001546848533 -0.038613815353396926 0.22200825080032185 0.17494662109871592 -0.14565435564675625 -0.1110739663931828 -0.38164777894846247 0.16945375752533157 -0.349640136541995 0.2296800961453029 0.08107388985603534 0.10343354182415615 0.07879400832480091 -0.2142100945371507 0.05101500857588241 0.4893037134464899 -0.05113999335167445 0.10972969553711746 0.20598621409266338 0.060327526105485925
0.12095660813494474 0.05638717795746815 -0.12366649999748827 0.22150828025675687 -0.1278717473608987 -0.0581604936646289 0.03888454521082252 -0.19666560131944782 -0.14760264893764147 -0.038419864846768605 0.2217877923885328 0.17508154730610923 -0.14561607472384874 -0.11089247178555117 -0.3816969790636622 0.16934033425129735 -0.3495481096240499 0.22956739456929248 0.08072469255055703 0.10338501837486506 0.0786012972852525 -0.21383524536804485 0.0513569347455835 0.4893932739010184 -0.05064306453512261 0.1098499027153622 0.20618582247992923 0.06041726232646125
0.12080856903209078 0.05634469456989338 -0.1238967638502898 0.22160880112981718 -0.1275331572761937 -0.05827728465376548 0.03892746018541482 -0.19629739836732962 -0.1474538323777372 -0.03858537506553813 0.22183379597678593 0.17515061721379963 -0.14568636379743458 -0.11098907939815618 -0.3815394812446134 0.16921007134775862 -0.3501025185406156 0.2296000525169492 0.08075746608169779 0.10317751959111554 0.07904888084284027 -0.21376489977857818 0.051020753173021696 0.48932591245589807 -0.05087037154687036 0.10966915534917075 0.20624181184410892 0.06000439014572596
0.12090132476905553 0.056276912272368584 -0.12380790405871736 0.22173589134223162 -0.12771080329683407 -0.05849250834371692 0.03889124012961762 -0.19604092742484336 -0.14765987787503573 -0.038168015549095796 0.22191062546262805 0.17502164245679114 -0.14554593974960015 -0.11104177202913039 -0.3817983828627595 0.1694409264855457 -0.3493650322420387 0.22950597830441266 0.08049691667292323 0.10312043069247905 0.07859740959492849 -0.21394971870717952 0.051199224484790556 0.48954171434559257 -0.05084862505393616 0.10975832689670735 0.20635945536827693 0.06024643667031151
0.12078263196566934 0.05668886382006851 -0.12372165048683 0.22136613561177224 -0.12785810488393065 -0.05827161628923663 0.039003342598471 -0.1961511520983283 -0.1474832839167088 -0.03825235614348234 0.22230361048334765 0.1751992755859326 -0.14569676743493332 -0.11108517599768984 -0.3817797578394126 0.1695013406368967 -0.3494034605762467 0.22957217607774005 0.08084673464262665 0.10352075843435338 0.07858381499186985 -0.21403789030640816 0.05112097333437115 0.4892890185456493 -0.05070122416702413 0.1096576373349542 0.20618387657217901 0.060125451962065285
0.12084601414322135 0.05619491492637659 -0.12379677705693148 0.2217088606487113 -0.12775337164401185 -0.05801116973952413 0.038801974272195665 -0.1962887944353013 -0.1474627471434634 -0.03838982043192257 0.2221291523408437 0.1749910815189239 -0.1456069141314713 -0.11117274418404989 -0.3816904686126605 0.16944578755548698 -0.34947555288132165 0.22978559242274205 0.08101704474038687 0.10344563173601608 0.07850205888106336 -0.21363728070650043 0.050877684443537824 0.48934038402455304 -0.05113621416458865 0.10976650967705481 0.20628528318710168 0.06026373974655281
0.12080498274298314 0.05620429800308347 -0.12376064980200341 0.22181108552009732 -0.1276096543792139 -0.05806752341344182 0.03875473307440988 -0.19607326310898388 -0.1471514600039837 -0.038120678087348384 0.2220323547350878 0.1752599078616052 -0.1455085794322411 -0.11112235597240507 -0.38218896209478137 0.169570069954907 -0.3494621335312588 0.22980621364116754 0.08064127051178663 0.10354742571879079 0.0786636168474252 -0.21400438504157873 0.05092180690689207 0.48911908114675734 -0.050476346933560026 0.10955945487638252 0.20614189406074132 0.06034450777763445
0.12076673116246522 0.05624851099062903 -0.12367987160918908 0.22166962232320603 -0.12778376708612169 -0.058252000721564286 0.0388450962353729 -0.1962767285935567 -0.14732303350120596 -0.03834787268901528 0.2219968654113324 0.17523342312958226 -0.14549174352004787 -0.11111829452864527 -0.38189990034026466 0.16950275929366107 -0.3496243487569512 0.22954687418567016 0.08065085419499711 0.10331244551371202 0.07847620227582466 -0.21411579681647355 0.05122780840119788 0.4892055961373332 -0.05057276407153356 0.10974244667329972 0.2061321992872466 0.06045733399215203
0.12097645361849675 0.05648406133269716 -0.12391359000840009 0.2217645379159936 -0.12790893185380686 -0.058256265303349423 0.03887278001888936 -0.19614253466682827 -0.14772123336013815 -0.03865880994190591 0.22214292061848462 0.17505587340303183 -0.14549231726324907 -0.1111631585273186 -0.3815965694455459 0.16917329381095747 -0.3496390031047882 0.2294740054662042 0.08059964342318128 0.1035216500534682 0.07866866738971719 -0.21388165333846035 0.050895959977276535 0.4893534290863639 -0.05071375415596964 0.10974347194049366 0.20607916471523552 0.060328728351222154
0.12106987676417108 0.05614771405559721 -0.1236673551334959 0.22175996898395706 -0.12776677445230536 -0.058295210691894556 0.03888393611018313 -0.19632564678523015 -0.14737921691104475 -0.038263503940504366 0.22233476782182107 0.1750476954304174 -0.14569509188416543 -0.11109513225880539 -0.38152587419630674 0.16935429554923603 -0.34929023915644036 0.229811294544237 0.08082368010213802 0.10332557884621496 0.07864128897448783 -0.21384408551971235 0.051078850552335214 0.4893481539357436 -0.0509196346904799 0.10968812166876125 0.20641863697153198 0.06021533276942514
0.12093224094994437 0.056220985519987055 -0.12384090729587163 0.22174611667751729 -0.1277319180670853 -0.058405543102760096 0.03896305851387052 -0.19599180931853585 -0.14747712333989305 -0.038247948388588374 0.22219862269275348 0.17495865737433666 -0.14570406913056666 -0.11091198413356018 -0.3817770613535535 0.1691103592793456 -0.3494307452644062 0.22970044879451532 0.08099120771212515 0.103061982666639 0.07873805631807594 -0.21421471363271025 0.05122078146301513 0.48950444739854276 -0.05058235727074154 0.10951394067723892 0.2059230930545165 0.06035966020469773
0.12094864503866914 0.056440618603167306 -0.12380447570504481 0.22155073894621638 -0.1278965523985175 -0.05816864688085264 0.03892328833351144 -0.19613430037454374 -0.1476186817867808 -0.038738896933150094 0.22217065463808744 0.17527628923127442 -0.14559179543035117 -0.11091648013495442 -0.3816737369821816 0.16942614073865134 -0.34933520293909565 0.22964591994091277 0.0807600475744219 0.10376850932641431 0.07841878560915515 -0.21393730732389274 0.05106361022105655 0.4892031549030685 -0.05101336737642902 0.10989522809094472 0.20629633675957018 0.06041462510425488
0.12103308936200757 0.05641774635610595 -0.12355196515125334 0.221674249707417 -0.12797652037406881 -0.05822359019048374 0.03897808955971328 -0.19605217614588819 -0.14737549147093673 -0.03856224262854246 0.2222141214114154 0.17502918414158739 -0.1456228659647527 -0.11117176059080447 -0.38168952877332196 0.1694454931915669 -0.3496290329498527 0.22947345495644453 0.08076447206317097 0.10363513020421343 0.07851540622598681 -0.2139918410942195 0.051260417039305534 0.4891372206328697 -0.05091885303145789 0.10986753114759465 0.20629748109477003 0.06025803227803138
