0.13359541807947142 -0.4408762985368658 -0.0028643911272475597 0.20137926022007077 -0.3069745682851667 -0.36286198908491646 -0.06077019850432827 -0.08143677145264383 0.10802074323404719 -0.074057950539667 -0.1929630455334893 0.006573569708115707 -0.12009407721761442 -0.13472191286303362 0.21637603359466345 0.2184750023881134 -0.030498703053017117 -0.027472519858363093 0.542296019246779 -0.053836176902556335 0.175412789722128
-0.10786143734790848 -0.3887089921810248 0.01148160838556574 0.377597983543249 -0.3042565072113173 -0.4294101505368706 -0.21875771802193714 0.019531707700587028 -0.09051291943055959 -0.04397175972397604 -0.04018913562651757 -0.025670875275961638 -0.27059160094956797 -0.3045354723085608 0.2197195998326865 0.07817150102522756 -0.040037594025673 0.1216296179552489 0.3386250398691557 0.0005479565568635346 -0.07445957868941441
0.009791526365503735 -0.3729792577774688 0.08137198313647347 0.3241111431715727 -0.2145079530905024 -0.2800249062386019 -0.12125637360267112 -0.023606451636766456 0.17587746680264632 -0.26164954707066473 -0.25033602840434677 0.014514690110907408 -0.2025708032098602 -0.40095965964425717 0.018302152087777926 0.19771573751466487 -0.19132594460228658 0.0807160793783685 0.4018556944194213 0.03425112071146659 -0.012211062214085425
-0.05116902162861057 -0.38868270145442557 -0.010299409937972183 0.37273884728806594 -0.16981479279462997 -0.31156838207839466 -0.03048817567797232 0.0616693905509428 0.04886068100704308 -0.19468710663639952 -0.1483097782491884 -0.02218393146472581 -0.25021127129104803 -0.2581294958444089 0.13764177657358467 0.13093623599290025 0.019486304884863092 0.10053297813508724 0.5807701106775947 -0.006257116348338828 -0.026429237068383377
-0.055707311915788 -0.3141310845101994 0.01661972583720626 0.36544154860449224 -0.09727321265909147 -0.4346258715845684 -0.10559518526786886 0.00259887241699938 0.11272921059934701 0.0005713081561914803 -0.13402819810017752 -0.02202607762557325 -0.2486180330095923 -0.37819107584816725 0.2224453970743222 0.043310533671415505 -0.05091119327024937 -0.05238972649305346 0.5072587553784726 0.0019871657646093584 0.06978313333979128
0.02789352163142411 -0.3665479494223088 -0.07055367430885764 0.35993431933874154 -0.15402051150220938 -0.286954219564531 -0.12487721312007433 -0.012046161025916944 -0.03320808375230602 -0.011427617035248082 -0.06643762872336627 0.010758909503631968 -0.21070791341421713 -0.3598894626343108 0.3459367071094863 0.11344286993679907 0.04566170626718682 0.07811512812866471 0.5276420163449926 -0.09829068073300451 0.0072530363776049656
0.3140732295033609 -0.29393278939789086 0.047715233569979046 0.31878513194322133 -0.24647906642999912 -0.30014531104255004 -0.3116138106347927 -0.0518945296593187 0.34958880601322684 0.07292105208018888 -0.11431867566988128 -0.060670887827741424 -0.17101170816345326 -0.16683112487790924 0.18941843375994943 -0.005850624866118439 -0.17329061276730973 -0.11887965685653085 0.40768050889153623 -0.05213593446056295 0.10035525790101832
0.3122131939689439 -0.3983390627817561 0.05370516068488847 0.33242006542126107 -0.37715354521937183 -0.2998984759722953 -0.1768686322009034 -0.14673402970376762 0.2557959078982141 -0.01698312350355652 0.013593482455518446 -0.11116496125952932 -0.2579151790157931 -0.16235628322199178 0.23613837636215085 -0.027239280307926658 -0.10690766848118105 -0.1509727203746704 0.2726640375919916 -0.05018362991714381 0.08205293113974489
0.20564292683403174 -0.31553000830410133 -0.0026298472476116203 0.33705342674632777 -0.21409600264877654 -0.49775015038442 -0.17660368940581556 0.09251005208186457 0.003658249100528306 0.0022788972465162946 -0.047310689470244444 -0.03374208728730674 -0.24284167608882187 -0.29795935112157074 0.27325841728278033 -0.10546730582369579 -0.11801121673510857 -0.011922000134166359 0.38021302376582006 -0.014568740415726537 0.12416456735384203
0.10430374169599149 -0.3375241698685475 0.16657245514970875 0.45808539050468283 -0.02836656674346733 -0.2130065172599777 -0.3310375079104827 0.09410209067759419 0.12957985760676863 -0.0019905143829264524 -0.12277817697200555 -0.0661108931977049 -0.31110215680693265 -0.1845113949574764 0.2927044460690019 -0.08317336906545993 -0.1320578662033154 -0.045712755827700444 0.3218565867224753 -0.22433592526420065 0.1997051212420236
0.09255185632311659 -0.4381103732448303 -0.013040314954578712 0.29862451267369144 -0.08423780896696441 -0.41210128566547943 -0.08635392462216832 -0.029590842716046714 0.1336422654961211 0.06166861586478905 -0.16295062676468516 -0.012580222374237107 -0.1507046965199686 -0.34717061893648526 0.23437758352195218 0.06098403091642479 -0.11938346469492649 -0.010543518480636293 0.509250370502862 0.026245224927438627 0.015384729912366267
-0.10729297289666796 -0.4272299581141897 0.0045381225923495526 0.2635302497678761 -0.3248038924880029 -0.3953102720144957 -0.052042959136854125 0.03402339659211367 0.14409042417568838 -0.07259621093759808 -0.11987469313792165 -0.033207944773554016 -0.19856414471758893 -0.16639996860945155 0.14092358211890132 -0.10631767367693201 -0.08755690244463538 -0.09032287008823349 0.5492084439119992 0.03682530101674269 0.11074818525819133
0.002328416166312449 -0.3756582080051494 -0.06652724485450091 0.3229039963875243 -0.21366455594222883 -0.27389812675788655 -0.1584045946347622 -0.07628335799783424 0.20266930987363876 -0.04162972202010664 -0.23177929065715783 -0.0864501066412332 -0.21528803719613387 -0.10914225353253937 0.07153392965186361 -0.0767655121134199 -0.26414224928780267 -0.0195800820904663 0.5445264535916562 -0.10370251814937406 0.2188762028654422
-0.004769328158326522 -0.36120856017159764 -0.09361274275734324 0.3711241827470897 -0.03510656468291956 -0.39564480112606454 -0.016898861944361986 -0.015241149124556272 0.21659177348084907 -0.0608768257860786 -0.15204237531723266 -0.01618201503340041 -0.1205188113929029 -0.35391802453032917 0.190066085263724 0.010712993489456932 -0.16547002977177686 -0.012010207795899376 0.5256224002194149 -0.0437649893067474 0.09479325265250942
-0.015630566578102283 -0.3565172754312262 0.0024028067868299596 0.30445345006751734 -0.2694487924252706 -0.4062737709548495 -0.008954453262131167 0.09085962234930665 0.12022179919425127 -0.10996448201725936 -0.21656170382908307 -0.04018340008370967 -0.28807446217765226 -0.25043949427826295 0.14772211603923088 0.009588566456846885 -0.16758080460560706 -0.0009300366435656643 0.5129293256900475 -0.0016856096287748944 -0.009668911129070626
-0.17069592111237877 -0.27545886933405384 0.0038610380717871125 0.29951522269981434 -0.2563541237327333 -0.3824960673424787 -0.09809296175327276 0.01917757227905527 0.19134703345313703 -0.07016221975865913 -0.3193979201106585 -0.026679939931642877 -0.19102328474843536 -0.2887775530788586 0.09492179174751338 -0.018157245979289586 -0.2757043276111505 0.08821721746481624 0.47275218269683483 0.004697830980292264 0.049528010432042864
0.10720972298566482 -0.2575197924818291 0.021853456294144383 0.27461499695401576 -0.24491059303803545 -0.4038324153271116 -0.27682695389119943 -0.034505043295018224 0.12869453429615063 -0.10888300941115046 -0.27592527415736096 -0.055776415804544524 -0.2573317916167799 -0.2599194051499583 0.15081985190303032 0.06944325856880357 -0.06946310047616489 0.03206413653747154 0.5074130238582315 0.050187757551028896 0.10277530650054967
-0.0233745724824143 -0.3101804229319218 0.039818453003058515 0.3302585370075903 -0.3194869236529094 -0.3948217603825355 -0.09140766587648641 -0.013704675632216223 0.12532984008977316 -0.11996030293661554 -0.20065708203625482 -0.03125229497190702 -0.2035807337250583 -0.2787683050210172 0.17528456077151036 -0.06894707940352245 0.0071569359083447515 -0.010698794722370735 0.5419945916309127 -0.04150934362438189 0.0668289249233336
-0.15953097972190428 -0.4117319711831664 0.014538115078632678 0.321380219824663 -0.2473832521403929 -0.45313392270640424 0.05055865382486594 0.04996977779622846 0.012109945683255633 -0.14248971482756412 -0.17068704990406897 -0.025500835890004323 -0.22407976325826384 -0.231270940156711 0.16939601140016974 0.09481820755111697 -0.10935949324407017 0.08734077372169452 0.4658230688272063 0.036140974514837755 -0.02109585100696983
0.018050907659130137 -0.3143537992397133 0.09462912097841207 0.3111387918100748 -0.3209182693849594 -0.40132387204003445 -0.03094281428452332 0.007732588586081319 0.1517711483416755 -0.13659231359709356 -0.34325512661904883 -0.05733925929277471 -0.35544313415520684 -0.23675107279359286 0.15707384709679365 0.06985377956734032 -0.20259753246904386 0.14801905061930545 0.3017764939946166 0.02346213165684697 -0.026567367906745538
0.09109817653633846 -0.3121995835060237 0.025666800662543867 0.29982108041521816 -0.4259017707396786 -0.16273052822991 0.08067587040448211 0.019421668363758426 0.22810603931291243 -0.1593347216322681 -0.19453706573874782 -0.06799771779282902 -0.2864378538001441 -0.16147370620541301 0.18112083642343454 -0.23565204467428985 -0.16566685247636853 -0.03665399898942661 0.43939680365756306 -0.1036736413000845 0.1999240272220141
0.046060831973777805 -0.30739489831287714 0.02506677186806981 0.4349774566905879 -0.06968293262985574 -0.27582689251493686 -0.09422482669321748 -0.0448109837851441 0.14556023366795867 0.07834295644573104 -0.2920255567500642 -0.030490743260825345 -0.20659750925034046 -0.272034661955494 0.20848645378985417 0.009562805819019873 -0.1263625114396879 -0.13012660261695186 0.3989939179528632 -0.09804703212521333 0.3824176837571551
0.10512471749021948 0.028150513442125796 0.2943628389699446 0.5006140790723898 -0.15579392378849627 -0.08476403224889796 -0.23247669216496117 0.4045256505933571 0.11084925263620589 -0.19507771766011212 -0.07488790334352971 -0.12354456885315744 -0.10544332223173716 0.12956894281911552 -0.030063504754561293 -0.05143418636667795 -0.23290090216576875 0.07488672139558447 0.3411283892542041 0.24244643124705154 -0.25313943875441836
0.13052983168092755 0.14308309329413577 0.09760949606399091 0.6097841651742207 -0.17941181957655547 -0.1408261727492709 -0.2615451289389306 0.19089218367063338 0.025103470783983308 -0.09356076869035501 -0.08592972358456531 -0.08403269486533266 -0.25027825633640477 0.15068950311485685 -0.008813518759273936 0.030834687837570936 -0.267366116133865 0.14175173146358214 0.2802379891893901 0.2569131496583178 -0.27917461568882457
0.054693811208174764 -0.030300503116246658 0.10565374936142903 0.6623262807454297 -0.05141282523510684 -0.13975752765744837 -0.06348196307266979 0.24929854463483633 0.2062435866074757 -0.030975080614276205 -0.06715745384436665 -0.10613834047973647 -0.17672185306504995 0.13776866548419434 0.024325356054884367 -0.010303587266601133 -0.1786283798269996 0.17877676162995346 0.34373496949628723 0.235938510721082 -0.33170241609522083
0.3105866042702331 0.1395506461517338 0.23230959043212476 0.5650805703818715 -0.04283842203652615 -0.11319804591042047 -0.11744844727498349 0.24148050401864504 0.22731745223008423 0.013323857342926517 -0.03845786453259912 -0.0666200017045141 -0.09095382862517595 0.019306897239087305 0.029894082535265078 -0.16107370317293865 -0.19559619024070832 0.05646655257681617 0.4236222261659549 0.20306138497711904 -0.2619810942398413
0.08357247059841469 0.0003527603022904896 0.1799283451804741 0.5810172714441016 -0.1423659394988137 -0.22194645396859233 -0.082112900996626 0.14085932642581714 0.12948241085710174 -0.16578487953433116 -0.1607666483419441 -0.04501004794486938 -0.1596044842553857 0.01951836044923133 0.050056624785980254 -0.08557077628132667 -0.24547647983890045 0.22755195521173852 0.384546229330359 0.21295910505668417 -0.3374572148185187
0.155298435259879 0.07400011018345717 0.23686800609103897 0.5370490321475063 -0.10623311969592088 -0.15039000603837155 -0.1495720837678564 0.21122514187464614 -0.0009728991003412554 -0.06006555102423051 -0.10071593566420287 -0.14009669462972138 -0.2708372966617986 0.09165309658107648 0.040224753525414984 0.06033868274178487 -0.1283933007361072 0.21741920693778186 0.29857907036489717 0.3547396005084123 -0.3547543517261207
-0.006111397811062705 -0.3305089877693704 -0.13370811412018838 0.3724638193864998 0.01145248535663161 -0.530363722891742 0.07531527083573311 -0.006661148354585489 0.029723885403023967 0.042049589517631 -0.2704558246781731 -0.004349943444688605 -0.14592635257839007 -0.32086860683924584 0.20041652885318165 -0.04318828643338544 0.1162277296122884 0.12630613836081803 0.4145766659105613 0.05431993504378332 -0.024474121069120825
0.19296312981945504 -0.29569000659310346 0.040173390586725456 0.14632325280064162 0.05033001594195568 -0.44383657671758264 -0.1413179086934682 0.057466563048736645 0.06873193906912087 -0.07058087160447753 -0.16331970759440229 -0.14914659476426265 -0.1763407748656778 -0.32907206200926886 0.19795863705842154 -0.026775596526971042 -0.11789319894842108 0.060365530766207244 0.6058463617091555 0.049131464401567154 0.06776240845319267
-0.07108558070062462 -0.4166031336283555 -0.08983388698371882 0.3463270592270992 0.016609336042341084 -0.4401501324468076 -0.07915242074196144 -0.07774804148343831 0.09462676765962413 -0.031080051937372538 -0.1346854131510516 -0.0059790065589695515 -0.10617064598743393 -0.44130665598171426 0.3030390346261492 0.05595494886083225 0.05100899368040427 -0.04471507003457843 0.37900388124999773 -0.01741114846270209 0.09708915970419348
0.026547656908908653 -0.120058552890409 0.29341294182687844 0.39941954422851034 -0.23385613067318844 -0.08328477137648371 -0.25638495660938937 0.23689629211564978 0.17755523515033697 -0.2178252104810081 -0.13606491797545578 -0.16420438537422943 -0.24339800875155662 0.15172250221822153 0.005728154950033132 -0.046861999502398874 -0.2061789565080707 0.18901317840928714 0.3710223280941548 0.2511120797209113 -0.2605450356105813
0.12587062319710215 0.13982051250339 0.04982070261188261 0.5847821465510008 -0.34839451539207256 -0.11722731877102761 -0.07791329510874373 0.29741192409187484 -0.0011746746809914016 -0.21765187059552418 -0.10151419283594784 -0.13332793940891188 -0.2148003466987937 0.12127803988318128 -0.024986146113907162 -0.02846042785758878 -0.26363617556192204 0.12074702080106316 0.299840675925988 0.19948215247193185 -0.197460764320015
0.09632968635341238 0.015607290774339012 0.2854671053990058 0.5743449420530186 -0.24723062893399464 -0.006421138918252967 -0.21504206450306768 0.3217003191492574 0.11444283097941348 -0.17405513295716182 -0.04802814452940187 -0.09247472812102495 -0.14287169039393507 0.040731688430402986 -0.0665226245496633 -0.06034238336511137 -0.24332860467985076 0.10140381004239711 0.3027087773765199 0.2654741167170833 -0.22852984133684104
0.009350547068309982 0.05278608840487206 0.35919396039771634 0.431169128810105 -0.329717880680887 -0.18508184645671452 -0.3123659530354967 0.3000881714577453 0.10511379005916856 -0.21175634020183196 -0.07942362222732728 -0.07912395228356309 -0.061023621904748256 0.14853596926335752 -0.05284573121811444 -0.06063836148552642 -0.175704858840972 0.1299544270307508 0.2997771557968156 0.2642898059771247 -0.20835989359757112
0.1187751367037961 0.02914900210380132 0.4031164657153832 0.4095455890335282 -0.18731462798331905 -0.11361749649913747 -0.22678634576149884 0.27378206805238053 0.12736713522264584 -0.15712618354348207 -0.12354930445657465 -0.12457240449134581 -0.1520664854032605 0.07492192589691388 -0.03413759498868114 -0.03832177169397963 -0.1902133845193521 0.0962654488817193 0.3560895777941375 0.3531546643593391 -0.2835429400952179
0.48433570330266296 -0.3388808868696984 -0.006694241461033999 0.3119200380130481 -0.4297428916464335 -0.22140297117229532 -0.09713691085752378 -0.07168237970145751 0.190966570147556 -0.021569098398109846 -0.0004158570300108339 -0.120754226784295 -0.25052336357073 -0.022394847620448376 0.14219457517986636 -0.07760331658240385 -0.19542541423798354 -0.04109317232518047 0.3519093868145389 -0.0010857885175629774 0.015038938232289188
0.2893251308030724 -0.47879908774217916 0.007869693595621098 0.30960222980636415 -0.2787237165175414 -0.2647938252406304 -0.31076717322387615 -0.1379662943715531 0.15650008786731762 0.09421300520590103 -0.0006633939695277121 -0.09720544873650236 -0.31051401881748436 -0.09970928486665966 0.20256879901944874 -0.07294381196220406 -0.14959906272947943 -0.11754430837846759 0.27401314574288327 -0.05809531525212507 0.13238194287412666
0.3226210090115322 -0.352073567705871 0.06307888254387002 0.3099403753459106 -0.36922738684311296 -0.22081058249630459 -0.30539095151387796 -0.0832957103555035 0.3276853006785629 -0.0948488290639825 0.0013656990454699992 -0.11277900823238174 -0.1848698146847494 -0.1328392193743091 0.15251564178630841 -0.043857835045955446 -0.09078658613670719 -0.20480045764695867 0.31390499924521753 -0.020554164317549334 0.1771527672748563
0.15979571673498175 -0.3917611942225231 0.05629483461212188 0.430412244837717 -0.3542177919925282 -0.23006759388283513 -0.09768228318219224 -0.06929468161843645 0.30262535475840197 0.10420192921718135 0.013131787106573294 -0.07310388309356612 -0.26877256130291594 -0.045980951321563865 0.1783709227931238 -0.05790911372273962 -0.15199328704082468 -0.0897909893738074 0.4158642559123051 -0.0755799284802529 0.11189557332126049
0.17180703212086007 -0.3348046650463425 0.015716032382723146 0.45319606587110206 -0.36811879979653916 -0.15213151886779405 -0.174004116509867 -0.14412690048882418 0.3317470320460933 -0.06293183703919446 -0.08075798780477965 -0.1582652070213269 -0.2803238886658488 -0.10826871320634193 0.07587628785112027 -0.032439030040699576 -0.14250689116025436 -0.05199439901397367 0.4134292536898668 -0.019628611971089522 0.07764707548043051
0.30589890714706275 -0.33151656508462457 0.06966986292976377 0.38926629356895304 -0.35019148534872196 -0.12023943158338232 -0.18701480671981283 -0.1437755569385971 0.18775225108424945 0.07316895203440814 -0.06343065420788976 -0.12021492794196055 -0.350032195841182 -0.1335250764213385 0.12257839307702524 -0.06416654139527779 -0.06146856739781236 -0.06643952765491541 0.45402307683983 -0.005761418916771366 0.12027562894631778
0.33601374364423325 -0.44713445426727433 0.057444243951899024 0.382147303476413 -0.31490281263548187 -0.262635725772586 -0.041716707343532305 -0.034806334936292364 0.2500028134715289 -0.04078508992570546 -0.16848919211877073 -0.07141512359399926 -0.30364136789700347 -0.1470511693687332 0.12064943435591934 -0.05493161071201747 -0.12040979046241233 -0.006050386812797011 0.34670116127894035 -0.04086856896065667 0.03577091123010398
0.1854648115427012 -0.3484653775117757 0.031114041255028903 0.3336241344943256 -0.4843529113056283 -0.28889607916877647 -0.21374146227579802 -0.11304119262326187 0.2214598932039303 -0.0673327547189061 -0.19151868288325874 -0.08867111019567049 -0.3391940598468737 -0.044622997089990485 0.13176653526888235 -0.2670518588430376 -0.04687773956271034 -0.04843255816418018 0.19609248074041769 -0.023576951176099696 0.08935695075239962
0.28362015047447353 -0.42754555276857376 0.11813356621417892 0.23884392203133983 -0.47278152984074895 -0.26860090957530997 0.005169713537981122 -0.011612572690579012 0.3420420078123389 -0.005647178594904684 -0.007988162554563126 -0.049674793479459814 -0.11101591273286034 -0.04154753668048975 0.2274292038866947 0.052266213100014405 -0.17537456218585992 -0.06972366853043022 0.37703623685239046 -0.0494281397388885 0.04064980488136398
0.24199007242495704 -0.22253357905581866 0.06618520401803507 0.44262224417918394 -0.302765757995843 -0.24886402288218573 -0.1902366943821301 -0.006831136849496845 0.3850935439834197 0.006390506285052519 -0.04679216790085044 -0.07761187474094798 -0.25693146933505245 -0.2001625473643192 0.1753561563186317 -0.1267954791159223 -0.16066801634269148 -0.1496525593935523 0.36448989495602147 -0.009023756598840239 0.10576629888308284
0.19213959115070178 -0.38919510520924616 0.011707673176682958 0.4398635831946964 -0.31417175217478877 -0.36510228043732573 -0.06814733958524866 -0.03965133603966713 0.1909454466118727 -0.0285254798274671 0.002259065080445778 -0.05245581675938239 -0.2327341895892553 -0.29392245795695715 0.2088935165559363 -0.014052847075740595 -0.1279691822861823 -0.13516561677125213 0.3293359338486484 -0.06972054770337935 0.08592732029200517
0.09491851888314425 -0.37639331619811056 -0.06964960461380469 0.2956481379205128 -0.08781259055107968 -0.43693187415020446 -0.028877772926687497 -0.10078627165967995 0.16601167920725624 0.06639405475072664 -0.2569453857456582 -0.03291046560148693 -0.1266300040260792 -0.16233769193318776 0.18118786535871406 0.04487508002322432 -0.18151940691002943 -0.0595518171285693 0.5301819589646695 -0.058910055108389835 0.2237962232193191
0.11423164626346018 -0.3821181093151185 -0.011548909398017703 0.2721563521098868 -0.3834314658503835 -0.4283628382662378 -0.17998051206197768 -0.001553222220545951 0.05023028462776741 -0.22400734060069588 -0.16651824276639396 -0.01155911689847263 -0.15731160049543005 -0.3319072630217365 0.11479973279081539 0.05478220168269922 -0.050846445198627195 -0.08302895141728452 0.3822276362115962 0.018128004398092652 0.12753474404576937
0.20992486178714806 -0.2816343123775819 -0.0583389667431642 0.34520873558810355 -0.29863659313354585 -0.31832249688647796 -0.085785423609001 -0.03623240688889507 0.11134455658085686 -0.1518681555517512 -0.06450693363563809 0.01446116867950779 -0.09991558662040322 -0.3139890841650667 0.21944221233404698 0.16791448350526034 0.05576385888315219 -0.04653971036530787 0.5682807785722278 -0.028630896280660834 0.03261347315455306
-0.25158428840743957 0.2983280764298073 0.30581041197927933 0.40188904576561085 -0.17476458095596498 -0.07546289762283756 -0.22094177756850575 0.20556968199101838 0.27002834231120065 -0.25504644179772235 -0.18459907486932814 -0.09452589560888373 -0.2691081583849046 0.03314505605817276 -0.13267168267408286 0.023086663909652954 -0.1794841341789876 0.053087534560673805 0.17224180627877508 0.3126494303444022 -0.17401480422710475
-0.13607781800806754 0.28876403733320044 0.22061802390175742 0.40542892788203544 -0.12473211986602069 -0.11127082786421898 -0.20515517562924868 0.2963637547772262 0.2648510094446889 -0.25696042420208015 -0.2153235514781643 -0.09474159180818353 -0.31470855117307683 -0.16221395283766143 -0.04591416309273547 0.059500661870892695 0.031966183881151376 0.2289152997739083 0.20201418815916983 0.20712136092767774 -0.2598895393199086
-0.23229048696891585 0.1778564773382762 0.16486804082207285 0.49408503632408063 -0.21334866467014452 -0.15352736035197737 -0.3043208629691264 0.09834291040111125 0.2575536666656619 -0.12460952539921957 -0.2109075574376591 -0.011153503804813406 -0.25511010036829856 -0.023573146557126723 -0.047491461069967794 0.10363355853745479 -0.07046457900499638 0.19774349617733986 0.07923703863214833 0.31310620620740326 -0.3438809462542012
-0.04487573374742013 0.40957711350619436 0.12836476250000353 0.4457765979928516 -0.06761337196744463 -0.10127852635173136 -0.2365051658915541 0.21245876516074597 0.27929489200937624 -0.05243056295078237 -0.25511854132740175 -0.07260999896934005 -0.2711652590842178 0.017219653207102677 -0.13068217770317517 0.037725651766170286 -0.16381935190751268 0.2711378416148886 0.19090114465318453 0.271506520981101 -0.2125656139464611
0.09444072544538615 -0.24799310782415493 0.004747884438485457 0.45373551250546484 -0.18554703941821224 -0.2828609571151229 -0.12234131318049253 0.04614745575492664 0.23172154066552267 0.05518906235408913 -0.17318298146770644 -0.03328856467466517 -0.2317274195037223 -0.33379834165638517 0.17310762660339532 -0.12694465104169098 -0.27162634873777164 -0.08086626919304045 0.42498139755051634 -0.12461746647981208 0.12902197230322576
0.08757658335020786 -0.21883270442558403 -0.019262995826265856 0.4692021814527618 -0.14395977572168872 -0.40253291729415397 0.10772074010032197 -0.13653323607209325 0.16922983600753955 -0.07265494262907439 -0.19945454380631902 -0.07495708639460169 -0.31630458347195545 -0.30709631270800447 0.18831285476871748 -0.02539515641204717 0.14658465623168698 0.009099706144544013 0.4208346247519041 -0.046041909579866216 0.01858891085557475
0.21448071314523312 -0.203310462058956 -0.18587873408998037 0.422885440680238 -0.16343375165403054 -0.30362293955880426 -0.16688244027848442 -0.03685263965936312 0.06875893638619883 0.12317665111368385 0.06172364733949703 0.013497690963275868 -0.16691519029317028 0.014908910765019604 0.34064665933999655 -0.19745586426213016 -0.14511239993023697 -0.2665047495539936 0.38805370584968607 -0.1506254484990991 0.28073874457670717
-0.028977666854689166 -0.2582492905788629 0.015304642837688799 0.4227237421057706 -0.09383525474734179 -0.26835790929601183 -0.17462484147948668 -0.04592448534719287 0.06817260545966577 0.09632976884302866 -0.22682073840480377 -0.030312169433531655 -0.16936212885462248 -0.045561092803839784 0.3410534784295642 0.017969134910934006 -0.18913473690262075 -0.19841133256462679 0.31885832704886424 -0.2913307446437895 0.40587896590773426
0.12482261044623999 -0.38217154834709494 0.036100149159947546 0.1461194336013993 -0.2950325756439284 -0.33675119189157066 0.006632630140715117 -0.057529100897345566 0.12879727484107042 -0.14555285928058176 -0.2787468058088888 -0.011361150629064782 -0.15762768491053844 -0.2363956061601694 0.27661214613292895 0.2057573631392831 -0.12003331112863269 0.013369443867071694 0.5122441062448753 -0.11547690167710596 0.08007677473905696
0.15915428724869535 -0.3989281661108575 0.013589316592948543 0.306366391184378 -0.42588343035280307 -0.3023506244520654 0.08797182086669622 -0.015571100109815187 -0.010676898316340153 -0.19086833990957117 -0.26362738152930454 0.014721254513906172 -0.23301044863169523 -0.15019083768989006 0.11095183953943785 0.2453780403101179 -0.013281507284745595 0.1422009286489847 0.4055306074100392 0.00830181578484077 -0.012366152148157505
0.055623741482215765 -0.3151373433639306 0.12863907289726223 0.09605861821863211 -0.36887092654219816 -0.28032808941372844 -0.19815669323564059 -0.04026793032865864 0.19303712099248846 -0.20156961466937248 -0.2733610902727015 -0.12139654686468494 -0.2914202857603756 -0.23480365386396823 0.2025750579977945 0.06323963521232588 -0.17826443306238968 0.02552188932944284 0.4620596690932656 -0.11424241761256139 0.0696453265996365
0.14656229019146497 -0.540442845365351 0.04853002319222108 0.2978325202522479 -0.33366438818897054 -0.2487913234691292 -0.03599110325508366 -0.02810557937965546 0.18305497600566614 -0.15926309157658852 -0.20670333773056548 -0.02184710337830667 -0.1334633381867918 -0.2236893951632007 0.13429809466643508 0.10794088358984141 0.01366320010015233 -0.008869058337689329 0.44980193977667066 -0.011092613691971126 0.13320324932163302
-0.027906077883227152 -0.2225959882450649 -0.005673581135928628 0.2700530367082788 -0.3899151141910541 -0.2612990473603958 -0.16319633275294015 -0.03643591158987667 0.0879561059356311 -0.11160573264486562 -0.24005529216167323 0.021513681069522228 -0.15761015159476222 -0.17984712599188807 0.16452364762918303 0.2347152705993568 -0.028551939148216646 0.03582118150908348 0.6296736180063184 -0.05087679695805319 0.09817035307761086
0.058925078200146065 -0.49079921969466905 0.029249770973126855 0.3018028319298249 -0.09792987161351098 -0.4502684810712378 -0.13334850797390627 0.040093519128783305 0.2831123265090033 -0.043270357855349155 -0.30756594511955887 -0.00257762103982072 -0.10454700471554526 -0.30895978093980153 0.10729555126468195 -0.10579641059112438 -0.059996512492599643 -0.13032021392096946 0.3103902092634439 -0.01676506637846501 0.09516452908867386
0.15410634095709064 -0.22955088897257925 -0.16563626826933808 0.3278700001414432 -0.09334297649908221 -0.23849004871542326 -0.12746051986472054 -0.050806477938397494 -0.02768906336076817 0.20121111507508951 0.1752943510998113 0.025241133895692686 -0.04169921709949557 -0.015078324282741234 0.28461688229045845 -0.19831583572347655 -0.2337557588179246 -0.3848005262498041 0.34360482931776115 -0.2102106868003663 0.3798942800676544
0.1920793937410042 -0.2901370829321657 -0.17283059738721548 0.4832392528930771 -0.18661961953400608 -0.31376855547723936 -0.15553676780118453 -0.0016073454539497867 0.15334399495735943 0.09605010109830929 0.03925894450597376 0.04421360782438689 -0.1701801485285098 -0.1690700434618346 0.2854221886143195 -0.19589773470243907 -0.13827364053681235 -0.2573880979833868 0.3394228039753354 -0.09630834398020077 0.1859794054034688
0.01928477664444785 -0.09221892627018019 -0.19781197691253144 0.483840906029538 -0.188480248035239 -0.3662945457198677 -0.13063856894263498 -0.04617773454927092 0.21889093934721304 0.08548283464760416 -0.07709440563954023 0.009161912936182277 -0.04221803569696845 -0.015130135239523772 0.3829403919268157 -0.11177557577360343 -0.2291755001994531 -0.26326550644373137 0.33452978930286703 -0.13427020219089741 0.2341614668648963
0.23845019496603487 -0.38315662502589026 -0.2038048142615033 0.43705981301834185 -0.21557414939078176 -0.1327710917603921 -0.12549405190982432 0.0031187246891892285 0.10275110226328296 0.05153641067673602 0.04564593047505079 0.07033918202129934 -0.04964990185437142 -0.08134855016131438 0.20614608489973188 -0.3099292522147998 -0.09755553117322789 -0.11112010314695003 0.4339709659410338 -0.23463034185314038 0.22536418473012504
0.2879422311977014 -0.06465038453876586 -0.21986822126906866 0.474925711022607 -0.1612644659666225 -0.24220351722495534 -0.02893309234173531 -0.11897237613777231 0.13389468051416106 0.12157724576710603 0.03611751360524591 -0.03396969773477072 -0.127537432013257 0.035711075189304525 0.21898715502350435 -0.029842161552320914 -0.20765959746680687 -0.2561846434194462 0.4919082387708736 -0.11434662054663675 0.27202322201937634
0.010970319589286152 -0.1401365555397849 -0.10456104490258909 0.4676004541823337 -0.24545269140204062 -0.31646256081504337 -0.07510580266417326 0.004178314084163347 0.15996209137283718 0.2315640520011056 -0.022101835451990102 0.006472907476482783 -0.1487582062014918 -0.07737539196620091 0.28175480109581413 -0.11894383360159587 -0.1792166128688606 -0.20242194026226473 0.4776231931094363 -0.10660895453913061 0.26576707056176324
0.04552383711823216 -0.19692819475297854 -0.21473772198998875 0.4566104763585541 -0.2189199181679693 -0.22111452990398509 -0.20578801861688722 -0.057247092317882914 0.06031665163449539 0.12327447682377068 0.10706483543307035 0.11130970776935895 -0.13186447383830055 -0.06996884583926413 0.263913541272635 -0.3885127743746191 -0.18469868324614247 -0.32346709644850424 0.2257740262243923 -0.06233874624276457 0.2879748470475619
0.16307470837523727 -0.20694771178418314 -0.010733444924038665 0.32085854229723637 -0.18000232491201956 -0.32859549321096243 -0.12661293791560124 -0.08775945255237283 0.20036760685901292 0.2640352717427625 0.08898241615571527 -0.06354214916856434 -0.2221319825422882 -0.05621886083231077 0.31676842350987444 -0.1795362612111679 -0.2608966446169791 -0.2609913398907137 0.41089088878558055 -0.10386546761457048 0.20175882866832343
-0.012347250490817622 -0.12550662480284822 -0.2694477505329946 0.459589371291327 -0.10092025998510298 -0.19168520002954825 -0.1730255001980564 -0.20088499865499493 0.16055455861504514 0.1434016290345116 0.013034512216114713 -0.04094445100336982 -0.1847218007443846 0.023128339518493236 0.2233760946568433 -0.0808048415651567 -0.020756004915168123 -0.21005618027144377 0.5546681142114663 -0.045017201688722044 0.299234438145462
0.22405419931206363 -0.27118881461835287 -0.12214217850555491 0.3511154058686039 -0.12619727431028924 -0.3484389942571904 -0.19793551954938263 -0.015614169567049148 0.07654916556053845 0.18637778088554288 0.007010073022193244 0.02966553847491696 -0.07568385811078145 -0.05624864148447899 0.2571461808189774 -0.219338417715834 -0.05454313338318429 -0.3084660960803777 0.36174555560414895 -0.1134380521155135 0.3934366887340218
0.16328840987905732 -0.12182184605255619 -0.14531685803938404 0.3411688578928294 -0.10153537726815282 -0.18887371899581173 -0.15180377774840928 -0.03496778440814883 0.04679812764730742 0.20000807207793983 0.14955511919783115 0.023832160986447533 -0.2159616802291686 -0.07643669516992505 0.18889096834633418 -0.2661738127360143 -0.12241851642499522 -0.27068327644179063 0.5397008138489341 -0.07401571754943703 0.3762764556771051
0.19698302568048665 -0.19681910311850923 -0.151537687998941 0.37379591554817254 -0.12452641784111329 -0.22406066405701575 -0.23269173616341185 -0.026286047549684624 0.10954675219367113 0.19695520825732965 0.12145568112586803 0.03814042159493674 -0.14732137373609672 -0.025499266207225497 0.3328536065879594 -0.2835164104371858 -0.15215142581969665 -0.35667187016113283 0.30314275964310833 -0.14866299856236784 0.3071489280789254
0.1938126521824974 -0.2994935206594157 -0.09476461938635045 0.35737556944503474 -0.13438553300594253 -0.2977548273077142 -0.2061183299560846 -0.06143110269122092 0.14789350593467854 0.13818429386839712 0.07568098161642159 -0.0024679618838080023 -0.23834418090491413 -0.1412921468296015 0.28543291306338947 -0.2638340229308536 -0.2016700864255038 -0.24055967299529563 0.38186430972085983 -0.08484372704470484 0.23865301865030747
0.29996264228140235 -0.17114248220397882 -0.17485013292271523 0.42953288152093455 -0.18705608727548848 -0.2412722082254114 -0.2417503323571377 -0.0992462741698264 0.15544670550794878 0.1493293093076142 0.01896381157566047 -0.02976378761004345 -0.12904497760260134 0.047127541716155304 0.27588657966567093 -0.1410885592339813 -0.07997383547925312 -0.28149508478732205 0.43543878623356175 -0.04857084847218405 0.2529100738566926
0.3100581713967214 -0.34089800883737953 -0.09091206408792708 0.32465611603867145 -0.2084188715553035 -0.3225574364570072 -0.15157565773913592 0.004461513506218888 0.11704004891085452 0.0774716951525606 0.09974554508768878 0.06544954622597095 -0.11541948755869394 -0.017815296033597796 0.3169880963907391 -0.29997146580983386 -0.21524493797484373 -0.20829400754650218 0.35104612594931484 -0.12089999088974641 0.19469379225500602
0.16089563394800185 -0.19752641504113214 -0.13778711984339387 0.37850551129301047 -0.17799839920903868 -0.23381494532572566 -0.17629254651649423 -0.16346739086964127 0.14708319061583636 0.06984074219376993 0.1947413744652728 -0.022218784067894463 -0.23754185527760177 0.0221472845607611 0.27752979690723295 -0.30451783211609257 0.006787014561659224 -0.3211190933535706 0.3551602264387285 -0.1474127972045457 0.2933568293855706
0.2525222569199288 -0.20147967448842374 -0.1883511490324934 0.4384285491309021 -0.20137327143308642 -0.14095411050160142 -0.22233987468383673 -0.020408378733460682 0.1648723500290185 0.11936854698300302 0.0023557286242176984 0.07174179340400551 -0.1759376912158609 0.034956580892463486 0.2264899638337222 -0.36032415841884646 -0.12377535965865452 -0.22555142601492537 0.32753924818884794 -0.16737353942221259 0.3103076956114098
0.11403093036544971 -0.20113956862128038 -0.16257098013307894 0.44848644162066753 -0.2647286858169639 -0.30370145626436335 -0.1677739837499652 -0.0927098430907434 0.04443365954512441 0.14292752775284653 0.04677649387760923 -0.024661355948522836 -0.16388587091818715 -0.03200673567021201 0.29386925315708257 -0.20405923660870698 -0.13030279368521536 -0.08683087566902922 0.4298100205135523 -0.2626623555117765 0.24613731124826263
0.1689202475847555 -0.11458478529903852 -0.1974837547252126 0.4503605957155255 -0.16903845916385274 -0.2498965613022129 -0.2106463659752587 -0.12710064772202967 0.11108300572691497 0.11797560583080327 0.09192135122480322 0.02666070580366072 -0.264923823870977 0.009510849566820773 0.2583125144383847 -0.34190315041370406 -0.0907943036213409 -0.2986217886831473 0.33191132311258037 -0.060733266433677754 0.25372144376283345
0.08085154711057933 -0.14339741854622678 -0.189455368852261 0.5498684095714103 -0.183481892252718 -0.33254840328294955 -0.23885215095605358 0.016817605138732507 0.1831860402346075 0.1908381978351983 -0.006617441957226713 -0.00847386502087645 -0.1389250325000802 -0.02655606869021625 0.15782983635786954 -0.20732012015561335 -0.16308470485379453 -0.1448058555299635 0.41996810074086804 -0.08937705687449007 0.20772177611582396
0.2533729890201425 -0.1874737986556612 -0.16104822289213022 0.42417147302178704 -0.2513007870046791 -0.11367113760505014 -0.11008897893709296 -0.15180363847416176 0.17025661510912363 0.05507513873186597 0.06910461574142499 -0.04098140500608385 -0.09417409443643786 0.07525475219636017 0.2560144331462057 -0.09888492156422243 -0.25639038656194 -0.23949928039499593 0.4965066694039119 -0.18558648247553652 0.22621732448539184
0.2829789031066233 -0.3069854335941048 -0.1786988980316761 0.4851190109638567 -0.07527961629679973 -0.43784833252687144 0.0007245989025032171 -0.032040829742818175 0.17434777826656145 0.16944344660914148 0.00789353221439122 0.005411905212712447 -0.08902281857776032 -0.04640088626748958 0.23666976926027727 -0.16636067471531452 -0.1574028601765958 -0.189243440092719 0.32905613381956444 0.0063426879733657834 0.19527036937123854
0.18552812101225108 -0.28843393233813824 -0.1706421530487794 0.42941593376988285 -0.13263021530905736 -0.326597774224638 -0.10399615247012117 -0.08023654932198157 0.07855355171830826 0.18052864773769325 -0.0019210896699266454 -0.0094959728151203 -0.08644377467896683 -0.008279619652465436 0.1832047473766548 -0.14499470845594536 -0.13676594570338288 -0.13485086435638738 0.5781402556894599 -0.05374089497361445 0.22880308495778495
0.09345004114421475 0.05928260327197156 -0.137475209277368 0.4863815401777511 -0.38760460455533496 -0.2982420013363653 -0.04993804120773672 -0.0726425681911345 0.24408032913079838 0.06999625677642955 -0.06138920434626954 0.061837199445604576 -0.029004999377746365 0.023484001432113162 0.25106596356353955 -0.334346386945105 -0.15620954520563665 -0.16463748185685653 0.37396588138943515 -0.04472514981063188 0.20902283137108144
0.19068323701535564 -0.19618673336938394 -0.18359313900161148 0.4972550635919821 -0.18835323139230678 -0.3426574433685459 -0.2574432995544105 -0.07257612594132644 0.18802993167239482 0.12606342166221793 0.08163536218778433 -0.005249149543268448 -0.12872361877640737 -0.027430748952982403 0.2753788519963291 -0.09658832513292558 -0.19576607108462618 -0.2093712824746864 0.3760565830989515 -0.0662165626734266 0.1770824229262349
0.020439112555252624 -0.32247173161730874 -0.01284813689919499 0.40293103273047126 -0.31171022471738247 -0.4495399021708386 0.16370938148559985 -0.03795365190028831 0.30249348238596185 0.03943128132436315 -0.17608945861064984 -0.0056466381624402364 -0.08709041776411944 -0.07912774817478846 0.19822885883306682 0.09876290714530493 -0.05279134169438726 -0.1237907855517665 0.43473362165832224 -0.006054626625876878 0.10701771335915504
0.33301742704343157 -0.08230196649647203 0.030342424093969814 0.28481101614799986 -0.35977983051448814 -0.5242181001782079 0.09129113200714445 -0.038012468275855464 0.16925290390131356 -0.07786138319270146 -0.2678510394394939 -0.009421038156440971 -0.13182305325179802 -0.20922331334443675 0.15793019680827025 0.11080018793270564 -0.03304264417250499 -0.10814766209206281 0.38534988232424905 -0.05470476696015897 0.13067343754133393
-0.05202309459210605 0.07354219481446664 0.03581246813169531 0.5398709776545539 -0.07022266749664752 -0.05885985154658773 -0.11245714584503935 0.22438113096698079 0.21613376706094348 -0.020086365971193877 -0.06395608320248972 -0.09742800650301021 -0.22472420117687453 0.19075653347903362 -0.005008072926653547 0.08220523722115171 -0.24160886636097423 0.18011763162694555 0.34424852490819136 0.26218804023232234 -0.44194370947197437
-0.004328962328850378 0.11348055116647315 0.053981898865227695 0.6531265553924186 -0.05728288234834286 -0.10434602151828436 -0.02241148815980954 0.21622557952681506 0.12118408899156906 -0.052913393112954586 -0.05695682639114662 -0.05520861260854994 -0.13409907428038348 0.06788322400918406 0.01248450143625842 -0.09148638623198066 -0.27938345660316627 0.17634386925156223 0.42868740952093976 0.15041706250463965 -0.3546062945111664
0.000946745396154496 -0.11812052555442543 0.02629419717371109 0.6238840848044607 0.012966967271388845 -0.15217115096289785 -0.05568630679991999 0.22094567900021547 0.2554368682971681 -0.017619786940511094 -0.12346409797983576 -0.03946147258670369 -0.1528200520966985 -0.01760549582966659 0.11075535879207125 -0.11899168148162546 -0.16077973085394884 0.15852471065741675 0.4417126433606218 0.17648828348825185 -0.33345859873178607
0.01165347266545466 -0.08248751111773356 0.0826716378673618 0.6476043361029619 -0.056144881506134954 -0.13486405334478058 -0.17284009637659314 0.1304961125043734 0.3340852340056764 -0.03623517937602272 -0.14202883627717888 -0.034757469281829226 -0.15993574200633764 0.1321626084893284 0.010677421464989083 0.039050181407822744 -0.22805143953957444 0.1748515617385858 0.21403244706388197 0.26801352334981304 -0.34551027056387057
0.15437127822748611 0.042849008920262166 0.17913751655389687 0.6330118266803347 -0.0725175957903924 -0.10156625915447001 -0.07234888776858023 0.23189140166245464 0.21523367400112342 0.004546512993213238 -0.077139503561304 -0.081140044089981 -0.1984997300628677 0.17418282644004746 -0.004727407406314429 0.07794044370073863 -0.2161511966470919 0.20980537349086156 0.2851135976620029 0.19591265759917859 -0.3490362651671051
0.11246260443199714 -0.07488395913645045 0.11949419126845279 0.6603930056293952 -0.03036270679693019 -0.17873650898563365 -0.05154899161066927 0.2510190183985453 0.11693238865587295 -0.0758302899312126 -0.07835832647322315 -0.07264905216404705 -0.1860539085465999 0.012738145427737484 0.038352667586558004 -0.04931986056730389 -0.20968638269332934 0.15885679297318173 0.37602396126216636 0.2087044184479968 -0.330351111582311
0.08375513916219966 -0.08449568084785582 0.1763178249568426 0.6767012741234458 -0.20115545604156218 -0.14855764407756014 -0.2198389548804252 0.19969400441211382 -0.0668370131245373 -0.008844650317834194 -0.054678359208581155 -0.08678562696755682 -0.15952925015563685 0.14844273532768568 0.114329916403519 -0.08776107004136549 -0.1557602900247819 0.1696745629613424 0.3566986249483355 0.15220475470624548 -0.24355132483938782
-0.08430283104774206 -0.06291921074586275 0.09287932084036708 0.7219341804131711 -0.008040456960443046 -0.1517326214784839 -0.03676628391004983 0.19257677418018798 0.28148822777992727 -0.062101168591114544 -0.027299350763994316 -0.05031794567383526 -0.15753902044941268 0.09901941058535353 0.0412650697118044 0.07061079122435628 -0.12262853978439733 0.22109773902653376 0.2247168987082005 0.16652588170440016 -0.3574377408130053
0.16013073814935988 0.07899206932723372 0.1784653659067719 0.5722792158427286 -0.18743845809466025 -0.1516394773813405 -0.035162963305507534 0.2215909322425778 -0.03260402255035912 -0.07246707774024545 -0.03854668562353951 -0.10779404831370856 -0.2193576092505635 0.18636318667577087 0.00942764013714432 0.04545268684117951 -0.29866447981629174 0.1437338068348334 0.3001412230144236 0.30828377603904433 -0.3176335660976819
0.047294266711647624 -0.20125556926096597 -0.002627914975987119 0.6084573383119233 -0.17454306898334368 -0.1271739713599766 -0.05397485222181314 0.30741630995815805 0.12241215880097162 -0.11076856502226935 -0.07472753895509877 -0.08701808594978101 -0.263767967094025 -0.004951623991086298 0.01359788816265871 0.027751146630361996 -0.2748528404358062 0.1197071062163684 0.3331851495030869 0.2292198046704212 -0.2803281039583425
0.021106879936201913 0.024518960976058088 0.051636372661364435 0.5517767219769529 -0.0188450787765827 -0.07164867351248616 -0.05066278157840291 0.2117430202089354 0.24024158905844914 -0.038801709555090866 -0.006586028598183749 -0.13280058785631096 -0.23900218500451142 0.11245728344579037 -0.002112664689554902 -0.009194767211153138 -0.27470380741636896 0.1511535176260468 0.4108513417946979 0.2895992220139552 -0.3757714742449626
0.029069868683105356 -0.10089873430397453 0.13350028926002913 0.667535026967128 -0.10683779749938858 -0.10233810956027414 0.06408174910173013 0.17125899461052704 0.16484684526067458 0.0036624841310649715 -0.01639718557689651 -0.1497496681558999 -0.26795755436036406 0.22061860137187297 -0.005848963411695581 0.02799734946789003 -0.2913253490101384 0.10847084111557359 0.3034733093611561 0.2326297002916077 -0.23707153939968612
0.05175172531542641 0.02093394173855864 0.059685099319135425 0.6408154416534863 -0.07490685937357089 -0.09268989349894842 -0.09627395637463347 0.20310883648666392 0.11022711219749216 -0.07453316201950713 -0.06622194677242779 -0.09117649295272817 -0.19889396059167422 0.08339527949269264 -0.013117512802001179 -0.005893966096625887 -0.28538128128514983 0.14803566900500773 0.3536031664441037 0.2900259801923295 -0.3582192907951978
0.046079524635779044 -0.060908218409791375 0.04553393376212677 0.5767112905544657 -0.0667829299685762 -0.07863430840922181 -0.1799478946232552 0.18409567668988247 0.27939946596519993 -0.08232377797204106 -0.06659747868873728 -0.13204080859152792 -0.2786575774382668 0.0709529105141722 0.05651743641116393 0.1316522441335278 -0.06104996094865643 0.16742350356511995 0.3043236102060991 0.11351491459424994 -0.48518393861568293
0.16975354993390487 -0.007805692731807967 0.2112032427357396 0.7328501331081108 -0.16830539268228176 -0.12025013220166704 -0.09882494507508659 0.2159383049874281 0.1161955509210571 -0.09258757576357327 -0.07065624991030298 -0.05601690233477321 -0.16292271087329482 0.041268539869999385 0.04893903072210237 0.013279498768963175 -0.19573377420649984 0.06817133247301588 0.28275199616773594 0.17761836921028015 -0.27346992113878715
0.12114337719240771 -0.16583925478986072 0.12675121174749812 0.5345172197870856 -0.08526540479267386 -0.08157671626150685 0.049230259073204094 0.25057804527848904 0.17223681059625398 -0.028085698169329338 -0.05485108531040689 -0.12128525499717678 -0.3171746093959751 0.15299725049599544 0.012613969482164337 0.07361856598245478 -0.2221423873926034 0.2227053875562959 0.3473396457853456 0.22711616386582203 -0.35773996476503855
0.022640369519092894 -0.08691532502730712 -0.05057485325124353 0.6211826683778846 0.006104419681039747 -0.19753861680881357 -0.2158373652362154 0.15485756160119274 -0.018685520318353174 -0.10072184407152814 -0.048968621837848905 -0.08407969849070374 -0.22643463969206967 0.0917420886448869 -0.005307624434230222 0.043581765614169474 -0.27657301185582256 0.14986626459160612 0.3188870017809021 0.2945123881740411 -0.3534471133291098
-0.0320914824569197 -0.017196879530582496 -0.06384949851570254 0.7224772334084314 -0.17245703640403165 -0.1021607091100428 -0.029328841056012432 0.1609003719289256 0.3250189417585308 -0.046592057041961676 -0.04685733974071656 -0.09265748063896151 -0.18635429110500604 0.033830776044567225 0.04969765204141371 -0.024492515953777074 -0.117535382210786 0.05786191209576963 0.31347217734432775 0.24140090954675802 -0.27288062560770243
0.0632402840394296 -0.12507688390503677 -0.023118076230812936 0.598853289594556 -0.06810925016985543 -0.08375447461917869 0.13413087543224997 0.10024918172111924 0.29229055644316515 -0.12021307058762368 -0.08018394980362159 -0.03517122669040985 -0.2548952836839916 0.03439982449742135 0.03237648255160262 0.06379129189873227 -0.28942544470240866 0.2205550071297628 0.2764417361709044 0.2471819748569316 -0.36434536677048895
-0.020184286782213488 0.00477284183056996 0.11282377959784602 0.6612532040781256 -0.0984437997362285 -0.13352232210254697 -0.09706701645039822 0.09412064325502413 0.1891464704844417 0.036808273747712075 -0.014413179706285405 -0.07813522276363569 -0.3355329902985463 0.13777903394464985 0.07563360994982632 0.0795237024410262 -0.11333439897025425 0.26271938272797457 0.2879397992481531 0.14687091826329632 -0.36108746901090016
-0.001652902026677232 -0.05539693438221264 0.15620698184791554 0.5434077336067238 -0.1047993230260034 -0.11954913351355795 -0.24393355953484613 0.20146198133421805 0.3026213730458138 -0.12733291185893938 -0.07936228085982841 -0.0507121155667468 -0.12391229897267386 0.1436275177996457 -0.012129289329607367 -0.034466785012690175 -0.1975446654435214 0.1863881819624027 0.30848332226004266 0.3470320872318194 -0.3294406182332866
-0.045004073261231556 -0.2259154610770297 0.03220992102424308 0.5182473875644479 -0.021462926473481147 -0.19250235194715026 -0.0006106433296857433 0.08477918933712429 0.0992355487522431 0.005493574807986408 -0.11896946039297834 -0.031369970357011036 -0.19372637109738197 0.13076526026476049 0.004059649351079103 0.050476598140367424 -0.3574889539102658 0.2547726111924657 0.30279345119547146 0.2882977165029525 -0.42766448956994485
0.14376261504486446 0.01693075437232062 0.08795101707407771 0.5480871222481295 -0.038343384137331564 -0.10876504424592567 -0.047243232703605614 0.4116952415727831 0.0920670828256828 -0.04845998923633279 -0.02207945682745556 -0.14386071440537634 -0.19248114571378316 0.12900953632643436 0.003391066993003117 0.025561550421796763 -0.19805398037798022 0.16443184261387075 0.39029269581350096 0.25980188793286313 -0.33679630461891125
0.20895343935977329 0.0027566250463965393 0.2554223996527287 0.5028738015404975 -0.04609862108991045 -0.09568132220961882 -0.036538623554519395 0.29492020203470676 0.1786292171008777 -0.09385978733235655 -0.06847804777919195 -0.1511257486209282 -0.2577888513433024 0.03346911157321786 0.05585853952982059 0.04192921817712303 -0.11282647988298371 0.10178689870486056 0.40362016786224086 0.20490497583392947 -0.41222533472499534
0.12776571723207877 -0.030185359274482803 0.12285775008809469 0.6612757503180715 -0.1102697264750234 -0.15903119421757836 -0.1237426155042945 0.16482267710011414 0.20818131077814073 -0.00815377577919809 -0.03732340981466875 -0.06962895918918954 -0.22167717995521902 0.04940274440588029 0.048922638535486715 0.04909975364978366 -0.177977523900485 0.058887810018362456 0.2782054272438345 0.3236726335534201 -0.35653505635032545
0.2155090319865504 -0.3667946524940289 -0.05134761045949933 0.3850877335706721 -0.2347661854530971 -0.17141165861419355 -0.1118339704382985 -0.029998369804256474 0.20923255648164443 0.12911254425643381 0.19259078954550937 -0.009626155084265479 -0.2509364106014075 -0.048208052695374044 0.2155588114323647 -0.24961812202412828 -0.11935756358137771 -0.27764086402718 0.38023372728370597 -0.14385552604111287 0.20465012147125344
0.04346533989258177 -0.11354212956326364 -0.1216782847225284 0.3649347796019099 -0.033312315138152304 -0.3013668669186839 0.014989869834619331 -0.13223827531272273 0.22332590931641416 0.08950370947010161 -0.07081586944933663 -0.04309557286151295 -0.3030157746599216 -0.2407938453044192 0.2520909749231425 -0.22535418937819768 -0.01974878219500682 -0.21951745870532455 0.49854428985692034 0.08257325810303422 0.30782757474429495
0.31211135478573776 -0.29307613671372695 -0.12605680488343268 0.3325020124987831 -0.12319872346027859 -0.2576495440417441 -0.1983457514990046 -0.0989429089376144 0.1414239995717638 0.14439179200147007 0.03631871736750701 -0.005695316712444382 -0.24674796226227108 -0.04545749969710672 0.3111643699011387 -0.21979869474265507 -0.27545525924364017 -0.240879241727823 0.32374028120111636 -0.09230460390941751 0.24907792045565033
0.31241350461025535 -0.18023419917301825 -0.05515336189718811 0.3735266925712352 -0.12847084297671263 -0.2555250813250093 -0.12679455497814243 -0.01777517769087813 0.28551435942639247 0.20034720350610524 0.12169347755432493 0.009710474396731603 -0.2232025285507631 -0.11152419424861494 0.22717107696681066 -0.31505803388608133 -0.10672415650468768 -0.22485502486480607 0.4210775177889458 -0.06979919226972249 0.18800094578685655
-0.055979499694476666 -0.19874442562591724 -0.14417334332362214 0.3682539429630044 -0.04514639325215216 -0.3709642456164311 -0.18234162824867056 -0.0644250732431952 0.15533923697319954 0.10197698377014434 -0.07670890055109733 0.014014823315914032 -0.22694735483017697 -0.21894424810653076 0.32746721420669805 -0.18486724598154547 -0.15995848013110534 -0.19075051631469203 0.4363807005034162 -0.02342469330229019 0.29917616828897214
0.06558814400575368 -0.37041624158730724 -0.01679220924931408 0.35191387575251976 -0.10901515878772015 -0.30359569702195266 -0.1609614272473221 -0.023513161989844964 0.32083923425009314 0.21110357657757964 -0.04551126003562642 -0.020060545234338336 -0.27048239510484995 -0.07374127519393928 0.31451777070717385 -0.29831208147747934 -0.22000030127468936 -0.17720559264499697 0.27053871036849175 -0.11235478143119856 0.1474636887154538
0.19276702662462808 -0.2084103518556582 -0.1384728717404221 0.37269796551173373 -0.07281368857098418 -0.2802242877371221 -0.21902117997113787 -0.08961272455814022 0.18943383444132747 0.0793567711522381 0.08581396176866331 -0.00950007011706199 -0.1817887128548717 -0.1465427062956319 0.3550741760368473 -0.19738829215060166 -0.14479667120195588 -0.24629617104629462 0.46141795210284486 -0.14413623969010367 0.19233032330215752
0.07502391643805115 -0.398780966356799 -0.17698476356257273 0.4041339629487616 -0.14006368890999027 -0.2344189688745141 -0.2755258162817217 -0.05696293023714118 0.006140173477583551 0.15985025735722125 0.07545773281205752 -0.004147658848660126 -0.15992997351025082 -0.18304498622061743 0.3170124231307394 -0.1270412487273843 -0.05277623554966892 -0.24575640487493264 0.3610957703325772 -0.13316403802698662 0.2619986447190417
0.12918914625637956 -0.2575888811487598 -0.1631220363616464 0.4588347359069327 -0.07448935699064943 -0.275939494833976 -0.17326064020271725 -0.023561600661781167 0.2796018047805775 0.13584741622587948 -0.008862306597404104 -0.02726231433331327 -0.18400268979225515 -0.04557241700892594 0.21260192320669588 -0.25268005202821925 -0.17106068852704445 -0.21696112874335285 0.39353434910291774 -0.1401664904737747 0.2725260475493231
0.15691522533528657 -0.2506728031382223 -0.14470993978356222 0.393373078715578 -0.12705918244283934 -0.2692110208499349 -0.20825205621541792 -0.08572796165556086 0.06379313543656427 0.22592486334959488 0.0827698391584565 -0.00036992648662954273 -0.17311128767551806 -0.20400279390865794 0.3401274427103447 -0.21360508389511415 -0.23081066411710283 -0.2117563700107039 0.33668457183179984 -0.1760236167880311 0.24536585860259488
0.23015302171710786 -0.3191607437516862 -0.05415216756178885 0.33387703888813397 -0.17491568039356536 -0.18123861382310347 -0.1052222027268189 -0.058296454483902894 0.14838443791735295 0.13001426251515366 0.020851713492003036 -0.022731243075753214 -0.22068587221804817 -0.11109341021355675 0.1952925969567798 -0.2929330956647402 -0.3269331330327841 -0.13628005111934888 0.45020946547883806 -0.15013407681660615 0.2780181165422967
0.1335574837663842 -0.28718750731064996 -0.0857151743371542 0.3646187794994922 -0.11263178787980221 -0.30533406930006185 -0.13778391002259924 -0.02815670520319611 0.20702811957622239 0.16358276877937322 0.07783355494285547 0.01616714643639134 -0.269036934523803 -0.12986347093799827 0.23777218450624082 -0.3382331963934136 -0.11611215553962186 -0.2581683433054795 0.4030194322273887 0.10827754483890831 0.20807702931960287
0.13474275969819846 -0.35118606927839335 0.018610545791952385 0.3374964230467668 -0.137326720464531 -0.2589832721875841 -0.15474068599179128 0.057375203621831045 0.24092536179616597 0.23670191652968348 0.0868293965283338 0.01037877863029393 -0.2547320761622965 -0.18258383138051462 0.22219865413763995 -0.35821611180480123 -0.2906528967835462 -0.13328898406042564 0.326248721322791 -0.1067159282523985 0.11570311061412733
0.23454410277661497 -0.31380686067929936 -0.10996356827773661 0.38834433123996187 -0.16475320229937296 -0.1912507060943794 -0.11709120021058628 -0.06488837119989482 0.17691105005866226 0.1408693672022523 0.050292179556204956 -0.03813263073501448 -0.24950324071525493 -0.057621772604441 0.25404791104387087 -0.21884511030780487 -0.1470173736865106 -0.21889951124847068 0.4214242837622993 -0.050340039650218195 0.3452177615816735
0.06674042870499125 -0.48615757278377786 -0.0650508593942805 0.3130704624994699 -0.1423840826597363 -0.24724246393522786 -0.12914829480302012 -0.028927115132823082 0.1407965896147232 0.08300688844395233 0.030348586196133606 0.025330908264949506 -0.2828667761103195 -0.15336427353293458 0.25850486653864846 -0.3828546324551874 -0.1645660846711557 -0.13190033335705528 0.34693176725965225 -0.08244814781197726 0.20293218474802574
0.21805653560135196 -0.11070342202433074 -0.10544358313736894 0.25828983649955967 -0.10065356090476514 -0.16029140320316645 -0.08770481282413947 -0.12020845809314212 0.1794460215126393 0.12065644941228534 -0.05342289925615814 -0.03616338370328808 -0.22446948958281798 0.0375330918071291 0.2851446722880249 -0.36239614981303553 -0.3470436473808162 -0.17011176106009432 0.40045048957046064 -0.12775021554103347 0.4037140388135481
0.21614927961880484 -0.25293246384289547 0.022362534711727947 0.2192206406717469 -0.22712163974367983 -0.28915449359452183 -0.1733430310966049 0.02945129815763789 0.18436611923040275 0.1536864910179568 0.1184988770085463 -0.0026731771773226233 -0.22343628011268263 -0.12677088847730397 0.3167176669399988 -0.22776556409676021 -0.13479177691746655 -0.2810128737803395 0.4635353627065599 -0.08080379894363997 0.25741872405955707
0.14718049924460655 -0.17548365756706552 -0.0821254782961065 0.2928833815900364 -0.10920127272022251 -0.40124414611090375 -0.1715978773734193 0.0019698377089819355 0.08343145594002058 0.1019865592083415 0.014010771486513121 0.024270514863588156 -0.12021488152121979 -0.21469021818314687 0.3142399989944712 -0.2458523993162118 -0.15733047071967868 -0.2543183817174039 0.48291532573388335 -0.040094717575196295 0.3008654112538428
0.14176529897206994 -0.31365120307981476 -0.10454589869946694 0.3915129064902549 -0.18700914846093847 -0.40192770247189996 -0.17104506613560377 -0.0443358700672853 0.12493872381646887 0.18251469768835418 -0.09360899360239117 0.04808322213997516 -0.2162164708792387 -0.17116360916260012 0.2763316833219704 -0.3167690318631412 -0.13210128989071634 -0.15000793196983497 0.30255710990504614 0.02751291756154959 0.21113441406093972
0.14637850359383173 -0.23922812315943634 -0.1096370034206871 0.3218665282089043 -0.08510888720486097 -0.2859293603216704 -0.4203570088831771 -0.058404691336321216 0.17299071560153054 0.054794317584174294 0.05535433219295603 0.003840552930446561 -0.17613220745125518 -0.10681609993109197 0.26634991226490357 -0.2792550682593288 -0.14336612645675684 -0.2267234152470067 0.42203154895048 -0.03365255530539895 0.24093406589030908
0.09450083299805768 -0.1024188547131422 -0.13671420245381363 0.3957963271351878 -0.18412581836961942 -0.35310920951632363 -0.2758097464964376 -0.0435537272523998 0.0777946659353095 0.16453738254193262 0.053845811486870086 0.027618829144597873 -0.1507190562526598 -0.07193001059172706 0.31355405451921636 -0.2522142156296021 -0.20313066803113386 -0.27655386035637886 0.35475344212843934 -0.15821150409964266 0.2710130119083182
0.26450628378537633 -0.23138395216709792 -0.10480195732188036 0.3322995249605158 -0.15334608714988993 -0.22713497206278888 -0.11493321321545821 -0.0797538726743377 0.09915805330135573 0.008083415325972393 0.1385542114171929 -0.015114906158528046 -0.19640516646609354 -0.1765789940860858 0.26572958625353954 -0.19055603597203805 0.07189142241315223 -0.2657812506797469 0.5274439649157703 -0.10306612576954113 0.29964258141715233
0.21176782542510794 -0.3251540630525691 -0.04775171884837952 0.3472777043545229 -0.19643273730998267 -0.26146955574880193 -0.3111185101164855 0.012458386028103417 0.2686031430860918 0.0011097233816454587 0.0008134003029310675 0.04300674613694627 -0.24594784477802822 -0.1541070075221 0.23873172579623195 -0.38060064682427747 -0.1248488553540665 -0.14876614096172366 0.33675249213177016 0.0011566409933496146 0.10693363304858199
0.13545996759660123 -0.3113652830814183 -0.08078227768287796 0.38821977194538365 -0.2008168553355207 -0.2665352220572354 -0.08027692184204974 0.07736061252722369 0.1734488703563437 0.11666707631160522 0.11951382451763722 0.07575690796908152 -0.1842341970418122 -0.08993918606541534 0.1781089736425221 -0.39830048588685824 -0.2468370417599812 -0.23536845570973258 0.3807893977610523 -0.040426308024346956 0.2111562447203766
0.025292949298372565 -0.3385656519352236 -0.10919630973709712 0.36347145950677784 -0.08923373676417737 -0.28429132489828535 -0.14911948050247364 -0.015660586310506118 0.07771502833250396 0.18317641451875774 0.1604124871213527 0.006341503892203523 -0.16395907197785425 -0.13129778635438785 0.21318579996119222 -0.18938561466547643 -0.21995178523325404 -0.24535737937685403 0.45038219423039383 -0.18441167408624531 0.3052850047685532
0.22978797378782273 -0.40232037035566365 -0.12983587598364155 0.3915372808610782 -0.22537370253587855 -0.31224537696560983 -0.0979747723315985 -0.0986221873948552 0.16776812293671747 0.18679367562885693 -0.012902671268276105 0.0300787064550103 -0.2721112303499033 -0.05483834399769881 0.2555794405274683 -0.3261895057093434 -0.16944851922077095 -0.15203229973485988 0.21581826914713537 -0.03131898117669349 0.18786876897624005
0.11689388499166738 -0.3081738945505078 -0.08330282547140348 0.35794506919357627 -0.09520566194980142 -0.35052120929978964 -0.1530553862192938 -0.05863887116152449 0.17472976244854774 0.16766069775059944 0.04611749207994441 -0.04182705926715032 -0.2824022561221945 -0.11231015672019352 0.3079805187263689 -0.2445587232935553 -0.22830411917334498 -0.2743631935869108 0.3095008315920242 0.0858167520572819 0.23960638519323516
0.1771299547485857 -0.3045577004791722 -0.033222948010351465 0.44904344862686524 -0.2651519262598033 -0.30806091374776834 -0.05698347785891226 0.10277058465810418 0.18945274882545712 0.07638997387267676 0.06215309316879243 0.03434594917211242 -0.22642068483408911 -0.20719779224532756 0.18946385821363668 -0.317228205515254 -0.12862074104871227 -0.15671226019296206 0.39902418803381495 -0.059078683419968046 0.11313372111035079
0.20647088707295777 -0.288540520563267 -0.026245032907257968 0.32203685436854634 -0.14089273604827485 -0.25686448889546526 -0.3932454001925044 0.012090982425655246 0.1059423562762573 0.21709293286427522 0.03191346622771307 -0.005961301896856359 -0.2677363253811989 -0.22303781246952403 0.26624406097914644 -0.21285607003592683 -0.1908168056542503 -0.18939317299288755 0.36250664658911236 -0.045352460701204106 0.16223826064864116
0.03589727713554923 -0.34636016473739967 -0.05461041324741091 0.4355349961737162 -0.07060728515420737 -0.3539784989947203 -0.1599319441328394 0.06619956176775271 0.20819210018322523 0.20865349072475306 -0.014391294405756646 0.005141763567938473 -0.22516071102711033 -0.25022488050547875 0.18835852205845383 -0.2512608261139214 -0.12739853197629536 -0.0891167810480246 0.43962031424202036 -0.014914388409595821 0.09555637664346413
0.27259565120006457 -0.2355272146732327 0.013988344411102652 0.2066468639401141 -0.17593066588374712 -0.2630863184108373 -0.22336454238382283 0.04982457746706871 0.11242146690741889 0.15609640615970824 0.10849371419156084 -0.0030528571033644914 -0.2074526557653376 -0.08665123478641658 0.23207374896266272 -0.18083922107193487 -0.052556865683579417 -0.28098287598629135 0.5456681824567695 -0.0305635627178016 0.3293740383661317
0.02428101948157798 -0.25950958575310534 -0.06999594256698331 0.37075885078605114 -0.18572189750930337 -0.3284054973459324 -0.18785607109222305 0.04426316164595347 0.12921742422306437 0.10177439410225397 0.10261183024775355 0.02537071806189086 -0.20119895657568174 -0.16669397429666802 0.23756340538744647 -0.27503005325840824 -0.283099158596918 -0.19431722803600562 0.4203281296637591 -0.08135738404702586 0.26521465173141945
0.170407739128931 -0.17842107960834014 -0.14409017748550132 0.3378127706937091 -0.024329110701226963 -0.2517529652260176 -0.3598007932630573 -0.15083912213540834 0.23043500183032636 0.11124387410976252 0.03864768520934817 -0.03926558653882179 -0.1826390609614971 -0.15646361747636098 0.2637109384740875 -0.1629078389046794 -0.07648093225247579 -0.2918222246903442 0.44865559972526103 0.011713976176956646 0.27055003210093215
0.2398516671959282 -0.3088560864726938 -0.06960131822540323 0.33020076421171435 -0.07088203902655069 -0.28216861384235686 -0.22849974181123062 -0.015115676029223509 0.18986190261818686 0.25555744521028434 -0.0409614198019009 0.0481123746656306 -0.17567794373707282 -0.2651248843336782 0.2889486454666811 -0.3080805748694472 -0.1561010541468102 -0.19246315840740608 0.32705029461100965 -0.07894892533459405 0.19132452603638742
0.10943540867071673 -0.2870061458792204 -0.09106321563133517 0.3647176125135586 -0.12049754417090058 -0.24807718349092003 -0.15072127728266507 -0.1281598722785561 0.07715009266781916 0.2481755713483604 0.055962301448115016 -0.05330165013524619 -0.3317053797839331 -0.19418522593793175 0.16822870929169914 -0.27486982098776624 -0.16167431834940424 -0.20294109026805077 0.4640902989661584 -0.03433094905313761 0.200367784002839
0.2185122716846689 -0.04199984694851189 -0.039347944578987507 0.36251762301106155 -0.35785899199536114 -0.1792346218485292 -0.18587052320072156 -0.08525555127363073 0.1628928856629291 0.1978438428211834 0.0800143276485368 -0.03294513867582822 -0.3766180856333314 -0.02927968375157417 0.09032923241016479 -0.3854917296264965 -0.13624411947380277 -0.1760851957063669 0.39463588573129604 0.026548307847227733 0.19204221809668715
0.15190375026354525 -0.2426770448402901 -0.02617889570381599 0.392984355078729 -0.23965578405563584 -0.24742517449642015 -0.25080404878775464 0.0780357217169752 0.21865235865390892 0.24730315286171078 -0.012525715119838209 0.023506647195647337 -0.0909590248549393 -0.07124305599388772 0.298166191274988 -0.25321286743247584 -0.26985059408594686 -0.14225313870044307 0.323825003514042 -0.20161209162160137 0.24627876614969846
0.17684644686307885 -0.2858651000788096 -0.11839555665166485 0.3567859448378286 -0.14285573548902794 -0.27494000205374486 -0.3404330490066251 -0.04671234717763243 0.04501119651454846 0.22805241686240862 0.0993360014626738 0.0040805334418092505 -0.18749909508511245 -0.16107919459878325 0.2857740127731163 -0.21558725931802708 -0.13845943942766525 -0.22221119977310375 0.35192445093238195 -0.1218698469334712 0.2668316005120355
0.09026035368391483 -0.2598348273780136 -0.01168068411231301 0.42032828798777616 -0.33132754154345345 -0.4059203537019591 -0.01495824470112124 0.02815320588667305 0.24186874502871808 0.08272721586583597 -0.005323677262866417 -0.02133766217751326 -0.2433506557435388 -0.07037609814840258 0.3066309455898459 -0.2289531291832567 -0.0778146885001611 -0.14472953136676903 0.34090222972193185 -0.0809961024644519 0.21387427914171073
0.13780839940897022 -0.4343020429598918 -0.13682229978183885 0.4689749260433162 -0.12675810099268497 -0.33322798750502164 -0.16166507635921332 0.03286137512771859 0.15045822938383077 0.17095263442941103 -0.04041102802037272 0.032748937444152776 -0.18581295027656677 -0.17329281270697844 0.22538443459710628 -0.2588062960442633 -0.17586037511460492 -0.1886710360175633 0.21674711262728813 -0.017018769102275632 0.22070904464744173
0.19539609149734036 -0.20774496708931361 -0.07931613463063462 0.4287355019451538 -0.21383881431722887 -0.2551507683934381 -0.2115134142583026 -0.032393202089600094 0.1328486822984087 0.14571679949128571 0.04557755772141822 -0.009385872036299375 -0.3276613800083483 -0.22648431850454173 0.23633545018539673 -0.16912523696043916 -0.169152118249715 -0.1476835492651864 0.46023343346771267 -0.06008140888529942 0.14809144702731425
0.1545523654805464 -0.26364871266999135 -0.14523680761914215 0.36832445132702263 -0.10591526534648506 -0.3032338360453817 -0.21668595151896397 -0.014117786615895297 0.11050868096132635 0.12813120550490104 0.009647237623299576 0.07038593506200969 -0.031317273932555345 -0.11591467404921235 0.31483679560931827 -0.2786510508947054 -0.2554951707740379 -0.19672280973952067 0.3130505146033585 -0.26418074487360393 0.32076941104342693
0.25588535168474436 -0.3388107778605291 -0.09130539581966955 0.22258325577182198 -0.04519175699299861 -0.1838123867955157 -0.28151008307678144 0.00088328733661577 0.04694648713167469 0.036843874680189945 0.12209378143129598 0.04663927485392513 -0.112557299016861 -0.22213344226540008 0.19961987606678855 -0.24691271676056872 -0.1352415207637076 -0.23121987740826588 0.5722228237285285 -0.07948082233350692 0.24040164670592223
0.3271791735797706 -0.17959906686026733 -0.19856243559967504 0.37861397628900795 0.09222574198368945 -0.38476878058249747 -0.324053978025522 -0.13928392490579522 0.07386288913937568 0.18349025092278998 -0.007856837993890944 -0.021586014112235596 -0.23269427001778234 -0.23205529019965823 0.15124449966711445 -0.18150645391108694 0.013279996152256212 -0.14125857505145695 0.38898545312130495 0.016781565630356602 0.1475441672412828
0.14259785211652354 -0.26435774199434103 -0.007572461815952279 0.3083545230538146 -0.20513125580767408 -0.3847606960566366 -0.2642670520791282 -0.0032134928266125814 0.07541430376378301 0.20534234771268253 0.18324739881515242 -0.008452111927093874 -0.2920738987884031 -0.1858060948989779 0.1837055811696134 -0.22067007248589787 -0.08641600798503729 -0.3052248389345063 0.33898667747387456 0.047109381925265766 0.23050994102463762
0.09601652933801863 -0.26630818664600464 -0.08580504385765522 0.3536947260977298 -0.217814529581184 -0.2753038911277349 -0.050801318168368755 -0.10241430433314946 0.26703671652999167 -0.03321720323113944 -0.08014339963107049 -0.0014241803078819427 -0.2673881663722446 -0.05791603417950237 0.22508269554298602 -0.4609658303031996 -0.1076509824706952 -0.12382199636257396 0.37002564670970306 -0.1384856362426406 0.22635409354112107
0.1859056215890878 -0.2644816137591657 -0.1319914053506876 0.3957918467221608 -0.0173004869806869 -0.4081648915327868 -0.11194420539653953 0.06682205957951069 0.14971029461832713 0.06030520563807554 0.06111260236583587 0.06118187296729864 -0.11619257750914097 -0.273134029712062 0.23933799815691933 -0.2763888087361729 -0.21814220601016743 -0.22548256041146583 0.36187000434734673 -0.05825466574242637 0.22236218475289868
-0.03073880134242609 -0.28138998273877147 0.00432336730312599 0.27593589154810183 -0.2915234217983573 -0.19702315286721328 -0.33304606862248637 -0.027872728987301282 0.14801486875993564 0.16435171783859814 -0.00040180423021920683 0.00037515740134076416 -0.2247551782323566 -0.06324270471917032 0.2674987317543521 -0.32331647304424344 -0.30561102475660107 -0.08441405862752939 0.4533484419812766 -0.1257246108675042 0.08267854450904949
-0.01458731700482569 -0.24450027051284823 -0.19181859267219672 0.4715193620619952 -0.1479562207318917 -0.3078825818728207 -0.21181432008528261 -0.053481504474836974 0.07111841877039499 0.14898293000477236 0.05219508330997553 0.030518807784362997 -0.29834469042889716 -0.17350737209833356 0.3139317320067618 -0.20657509239193028 -0.14623914804940463 -0.1875919704228039 0.3308121589138269 -0.10931848114658446 0.21739264043724107
0.19123380579989085 -0.1669133516692832 -0.03466246693363168 0.4115490900270032 -0.23410214060953044 -0.21530478110033127 -0.15310040148044463 -0.02441087516355141 0.17094054695880237 0.24981807091584046 0.09310393369759969 0.005355222425310821 -0.19349225944543738 -0.12902440790774689 0.3165302774812171 -0.22663268801748485 -0.3463981231617705 -0.18304888613770803 0.35260844376123274 -0.18684859742094137 0.14522075640159895
0.24851621377176086 -0.36217066857127 -0.07409140138416541 0.33783782379754046 -0.2269679534026777 -0.18487452726321119 -0.17672345076888282 -0.0655599357804329 0.18688863900305983 0.11990546653164852 0.057798034727325975 0.004510212246460793 -0.18201737653013436 -0.08938983479662582 0.18348084824291036 -0.30310088694736187 -0.19654569372657107 -0.16461571901508254 0.4605326761244012 -0.14875777465454543 0.2166937910525993
0.20321729736089095 -0.363903867801448 -0.0931023882187447 0.2971080334755162 -0.185681072708938 -0.3322523191394858 -0.2229507841766636 -0.02990052738629342 0.07587066353449554 0.13331512913178425 0.11959030005084413 0.0528567282957509 -0.1594626396709637 -0.15963297209925267 0.3127771167190294 -0.2933238390162652 -0.11996295788730163 -0.24221198526750434 0.3331482816592264 -0.07995734285684053 0.2608107054954083
0.28281657497172996 -0.17149065020137647 -0.17105472799074992 0.45335996599202716 -0.06853069100194759 -0.31147693604261195 -0.2010665341187379 0.009975756557880182 0.20807946707607194 0.03242054758033558 0.1336075743668834 0.04140407361598586 -0.15182674920736572 -0.23682700501460738 0.2383610619769217 -0.260668143166071 -0.13696210012917942 -0.29349224401376683 0.3140691213319947 -0.04028169772251798 0.20148228219852324
0.17228873497250172 -0.46156398913340063 -0.04245570139233903 0.28325492401937563 -0.21473101599000297 -0.25333134807918534 -0.2466688903231615 0.004374420152146717 0.14862972575797634 0.10254843947152738 0.0022600871243465765 -0.01338909692004238 -0.16608736287888656 -0.0683501735409532 0.2605819924835772 -0.2528509662096514 -0.2598418170294168 -0.18108699439345183 0.3935971939129921 -0.1389445261887451 0.18074645007459833
0.09486065578580709 -0.1195321090081612 0.061447292238621415 0.4337540365467685 -0.19047572128155593 -0.21703491659399182 -0.30085772755585966 0.05221451948306945 0.19127654934033608 0.3105743321521355 0.17295588596872058 -0.022203357167101968 -0.25172223662794424 -0.17628243069653138 0.1665466793891084 -0.19740479380116135 -0.20389675882378316 -0.23392675075787864 0.3587993148369707 -0.04765630559172772 0.23721032438886372
0.13928602518570424 -0.18409121091677186 -0.09197399807301242 0.3942218943109221 -0.1767779530828217 -0.22395205456660844 -0.25376329095644584 0.012067984094225092 0.11494878162389661 0.23666425500822133 0.04787591745666592 -0.012839482588587194 -0.22605533549473172 -0.04381537751191267 0.25840920207327894 -0.25789653353949094 -0.16076094926141693 -0.2407640077527245 0.3211631484422465 -0.0437959734802607 0.4359256433037329
0.21984665377407478 -0.13384828748288086 -0.10194030857283504 0.3499472844416179 -0.07842714299093374 -0.4048756541727261 -0.25254206202534896 -0.05622081935390953 0.1902151976916733 0.12464119224836617 -0.06896720148458106 0.007925697357125231 -0.14368608153060972 -0.154472449281491 0.26968368767922896 -0.19333604044667002 -0.15787161342593742 -0.3013619278337472 0.38168879910437875 -0.0848399910691743 0.2900087343106467
-0.03498690902141341 -0.23816106082036437 -0.011988061229218732 0.27953631689024827 -0.1940331165121898 -0.30181350155188325 -0.32205260851428813 0.019527329908993262 0.1247903546787481 0.07973061563558713 0.1332010097423394 0.01257593788943444 -0.17278469703161725 -0.27247600888395773 0.30553462289713557 -0.1954930305273638 -0.16027038577612257 -0.3204311191075711 0.4057889578490213 -0.08835375903924715 0.23366820842573513
0.09999527969628111 -0.1923492466263864 -0.15515254111824225 0.38853568798323745 -0.10733669087794943 -0.3557587711205171 -0.047165874279445075 -0.09610434243150547 0.10046166208652609 0.14833134526695144 0.16994628003845938 0.00885601332429039 -0.26653109660691504 -0.08585159736334132 0.343288175717792 -0.2806912820677963 -0.10147222239538578 -0.35209943910441843 0.2966969078913209 -0.0860910363327706 0.2502285912158338
0.14906901479918006 -0.3204045328908164 -0.05547599413048491 0.38760606248626284 -0.09302630127708096 -0.2093673810846664 -0.13402205994628633 -0.03656942695063263 0.18249775737715818 0.2163624833407738 0.08582549115700772 -0.05103208460285919 -0.2784086416226782 -0.18251896571722268 0.26772666401058404 -0.18440786260128833 -0.19122179279132362 -0.26525882125520767 0.44384901915143565 -0.06446816858713818 0.1879695771090186
0.28603686631557196 -0.2476113179153204 -0.08995172084589526 0.32026200937997223 -0.15705481063841506 -0.278028208991996 -0.06233888247227602 -0.09251713351684988 0.08432709502524627 0.1657302325401612 0.04519964654465615 -0.031234156528000594 -0.3298375964250941 -0.10314350655763757 0.27313037337088936 -0.3422222308946722 -0.17607041251184413 -0.19510158879736086 0.4230821134686 -0.046281196790449085 0.1812494196759051
0.30768671465699743 -0.15888515698386327 -0.08614876154726972 0.3653307523609502 -0.24359410468562898 -0.2892513318486308 -0.06438458374914449 -0.025794342685973047 0.16116424065453894 0.2505372714896729 0.06493856159323615 0.010065822961484318 -0.09709800028197568 -0.1268080553855369 0.26841260924423643 -0.19166049750277175 -0.2654531785862156 -0.23565799440783122 0.45827248797384296 -0.031081106374500792 0.1644771666474979
0.1443021339182121 -0.28711168841351814 -0.14338128506856113 0.35062703636724757 -0.0335972202697062 -0.27604442226221926 -0.1855356871699871 -0.09434253777549212 0.16866723857961083 0.19069049308984462 0.035702214365984766 0.017877875713434042 -0.2601481980563959 -0.08635484874612048 0.2980140661197067 -0.37682070625210967 -0.1969186196730186 -0.21092890152380156 0.2897154771702092 -0.1755091317845283 0.24947998024920953
0.301412395616687 -0.2103991544945919 -0.09935659190037449 0.44787934835586196 -0.21845068923889494 -0.33839509762027414 -0.25653250617905915 -0.06289751935254023 0.18744992658392848 0.22195334422194818 0.1571199522372817 0.0025096131750536425 -0.16019839716051487 -0.06171691158746292 0.22761710149731343 -0.1895128509830737 -0.15295836774440308 -0.2693233861281902 0.2788018926397689 -0.022896135137671813 0.14812550239400174
0.2117112934364455 -0.5841508140535772 0.020569811829745443 0.35724253477600615 -0.25442556016468854 -0.24043671852584958 0.05828627376724583 0.02466123856772837 0.33625005421016146 0.10704714214724223 0.107870578303172 0.004893668019567005 -0.0925933287445397 -0.1310088794386687 0.1348819891098791 -0.2113562357260807 -0.1796387347235265 -0.0900803613767443 0.3053171074200106 -0.0029682795230009246 0.030929084402710378
0.2727719498761452 -0.28384863525286436 -0.08434729302686708 0.28969133576069445 -0.10086133898050739 -0.32937078309377643 -0.18541690418540932 -0.0837938180357649 0.14300392869532427 0.105297377777293 -0.042845685747270955 -0.0131278283768736 -0.30325012256747164 -0.09509378983581945 0.3057738525477815 -0.3359259937469747 -0.13906514470797424 -0.20384319448221358 0.29726538775849604 -0.012188121168839702 0.321918249894238
0.1038511555245715 -0.3330139159420981 -0.10401223053616068 0.3435118390717822 -0.1454584136624625 -0.27193982858267796 -0.07214481240762849 -0.08967872293669707 0.16924673217646583 0.1267123332156111 0.04539022382333627 -0.024304276797529407 -0.20712562545373864 -0.12118025570379419 0.25021429480191204 -0.19853287360665456 -0.22384643609291255 -0.2436467730187372 0.47799016649356607 -0.06895071611778128 0.3024595510175076
0.01601147384070186 -0.14464494466852937 -0.21503114380843935 0.5021063944856295 -0.021411675301235954 -0.2828483718646119 -0.11757185321538412 0.037524031250520326 0.13441296663781338 0.20388907889827376 0.05654502399742084 0.12316432637108968 -0.2413956472669077 -0.24931657682730185 0.20393822536956027 -0.36375591495267373 -0.042187003479877694 -0.21194890213867784 0.3407923506793422 0.03546978055566405 0.21985360823141165
0.19423609629720442 -0.24877049903747944 -0.05892488271083525 0.3779810236499173 -0.10162089851419896 -0.3090977113146644 -0.10797191096998762 -0.027050529806748626 0.09652107040464224 0.29554308305455995 0.1458397235017907 -0.01348431494632062 -0.2849546337146498 -0.25097981607143904 0.21307161759943619 -0.23086356135383615 -0.1660233387973184 -0.24654314758441193 0.40854825079563506 -0.018285322444859746 0.13853527955817227
0.21948601944970694 -0.33706517264310587 -0.08349821185313182 0.3713786398483335 -0.1368024769544611 -0.1843167082904341 -0.11739834432902682 -0.05317172307312846 0.07812017877067147 0.1755799553114499 0.08060146595386647 0.01750664001671424 -0.313544500150712 -0.1959181197051014 0.1926399312711952 -0.35013791182020443 -0.22245968329746676 -0.18812742029672994 0.35763486541833095 -0.04053861734260307 0.26355360415610546
0.12682718256330386 -0.21907060321252173 -0.06617489930716897 0.3523753106892286 -0.2154615608138322 -0.3033903532752794 -0.348947326052845 0.04907761296539494 0.05526028880013301 0.13632322955319906 0.10610714177376432 0.051772592648485584 -0.16721032535331928 -0.21631714897863993 0.25008654241238765 -0.32193448403357594 -0.18286788701033957 -0.20832242146171898 0.40580241150605695 -0.013050515945939551 0.16289281807738495
-0.5660677187600706 0.023258912295238354 0.03736966127732061 -0.03767270223855409 -0.25790678720582305 0.37823205680117256 -0.13447489633521462 -0.012222479249931893 0.04517272221909089 0.07769908198308595 -0.04298019054329963 -0.016240031065203244 -0.4655809197786176 0.07310891041586329 -0.20043149996736048 -0.367360674608021 0.16204620856200383 -0.004367206203330009 0.07831580414743036 0.0833890188245437 0.04014094921321718
0.32302018691220835 -0.41343432787808837 0.10126139580895323 0.3889364585569654 -0.27158508602922415 -0.18367348143445789 -0.22765142845010217 -0.08575892846815589 0.3695802180166377 -0.015497595059105328 -0.07591382566858887 -0.13694410355677084 -0.2635625110681565 -0.08900571186112481 0.22523154170288753 -0.11084552220300575 -0.07635329674978183 -0.06365791037599107 0.259360741765635 -0.08750664065193937 0.09986661249596987
0.1739434614135848 -0.4275588052840759 -0.03345217068760542 0.46108319797892644 -0.4146915286575359 -0.16300728775348 -0.10699395655795371 -0.08004909474308865 0.2544644549011863 0.03402546561843032 -0.005768024880506518 -0.10193151731181638 -0.2879481698583865 -0.0026369723555621383 0.12064397548393435 0.01744213334644443 -0.21829226498352944 -0.05913763097258535 0.35875708890309316 -0.03173333077766477 0.04299363974505645
0.2255311168496683 -0.3536827947559073 0.19700326288973014 0.31281122071517264 -0.4566062004508493 -0.243727177885546 -0.2143550544535508 -0.021719598164492076 0.29625689654131465 0.10416431295712468 0.048433596522373945 -0.06859253904228538 -0.22736053887307905 -0.09331218731198175 0.25083261214712865 0.05106530991210304 -0.17723693053905218 -0.08310365514668339 0.3000126992362171 -0.10046960957288166 0.055284762220914684
0.07889667770808335 -0.439694446813408 0.16237686245318528 0.3145131017644825 -0.16155936161957676 -0.27866761644360843 -0.18493110547819858 -0.008274735265809395 0.14677952005430522 -0.06179525980970278 -0.24134972824169035 -0.024560138551874538 -0.24953460201367011 -0.20498675496705543 0.2107185033150213 0.177264955580497 -0.09241176224805264 -0.053538713298423336 0.457047899375135 -0.15082887694406083 0.17250462422928384
-0.01017240546061351 -0.20880629581517798 0.029679331510774176 0.43472045870303533 -0.09449873822522001 -0.41566418064128324 -0.2353773851574847 -0.09429318980859443 0.14969232774142352 0.04679542092683708 -0.2282328182875504 -0.05151688164323274 -0.2221823487818348 -0.1643406275208877 0.24308723348885491 0.04779466884795889 -0.08005954405741632 -0.08173668420994906 0.4075517722827011 -0.010937309286448534 0.3521851773593786
0.27201022411022363 -0.30816206533786206 -0.042748203973506184 0.30332201334138764 -0.28832502346325967 -0.37060520867353375 -0.2199021772879038 0.030786153299794446 0.1401450868123616 -0.16482901471086212 0.03671673730749995 -0.010566859769713197 -0.14690695043779226 -0.24131726821922186 0.1942101841010329 -0.14388149040503798 -0.10531403695156953 -0.19729587480076016 0.461013158075135 -0.04613329312500582 0.12746893405383963
0.12239147226408265 -0.5122324460448519 0.0602336337694948 0.17196187144381406 -0.33907770502825196 -0.3598008864442228 -0.11681683164519083 -0.03980323251973234 0.12781330766742682 -0.11600604557054386 -0.1495697804648013 -0.04289225047952007 -0.1929575981072168 -0.20348403406915677 0.27528547392132297 0.07982070236635834 -0.09249129239282368 -0.017802163906580962 0.4371178398061886 -0.05770463958911931 0.10820681990196218
0.11084862387491136 -0.25250641221087405 -0.1317971256920341 0.41509369913761784 -0.13549546949015312 -0.26834737599040515 -0.1918487659755886 0.00572980618447856 0.04877756140478664 0.2237608039783722 0.17939463277717407 0.09088892843357442 -0.20123201629036006 -0.12314498842372229 0.26125551680461545 -0.3337161157271835 -0.25450851496015386 -0.2365164138150455 0.237372640619193 -0.1899277762039959 0.2564517595361873
0.0996442433189406 -0.1780720447797869 -0.2292325808481005 0.428514509658466 -0.008477160459322881 -0.37035769291057746 -0.23288344356322632 -0.08857417755912864 0.16629633137028396 0.041000660868964284 0.13481953011118272 0.006728303396547326 -0.10019213518056692 -0.11005037573051098 0.3427748326565611 -0.22406658947983724 -0.12365965690812476 -0.22414303588484233 0.3895417864812416 -0.14356486652654452 0.21812791524759645
0.31723508934784195 -0.3111068346765368 -0.19221735925997357 0.4663936508820386 -0.2069458340971329 -0.36328624085073297 -0.26531623028685847 -0.04594597342106506 0.08154495968317414 0.11880647986163931 0.016950612574311005 0.05024713724643873 -0.1366629764218399 -0.07336348097709193 0.22699985997886182 -0.2292688078215901 -0.10230117475381299 -0.22601748555548865 0.2502755373954353 -0.016974892762042247 0.15681997036299955
0.26279690876317985 -0.22624930347163752 -0.03375437721608397 0.3578490758770046 -0.10838842444421457 -0.3006583902928247 -0.11047517772091438 -0.0649899919789942 0.17053866384029617 0.20554336082490346 0.11750573236811453 -0.03396936563619155 -0.22010313497527148 -0.10570953031134724 0.18420999875545735 -0.2470015632461143 -0.13264009107332003 -0.20742175009603278 0.5249664687587315 -0.005653555082552544 0.234279297641152
0.2785886941800221 -0.3025009289517599 -0.03440770963552631 0.3200404965198363 -0.1654996192913512 -0.3170233826562495 -0.07837269210518004 -0.019163928551011667 0.10726790107718744 0.09167442968782422 0.1527113490476296 0.01641433919360034 -0.17626297852206033 -0.32453541717150486 0.24128241809924802 -0.21190592138241143 -0.0933107086993327 -0.3446911426172698 0.33503456020067024 -0.009603132070664062 0.26456567210119153
