0.09748671401799659 -0.0018102360310352284 0.11983999601412049 0.11364179175678484 -0.3741446803401647 -0.06127353880047579 0.2775414765338801 -0.14027630863200363 0.09275281639970703 0.09064143473995497 -0.19115225042809653 0.0426517333748231 0.1367217470799954 0.04123530994574816 -0.039644245353608595 -0.17103261891555388 -0.05561103295451059 -0.08101697777813 0.1977555986245633 -0.3328099387999738 -0.1831258468027771 0.02370660605631263 0.5372150467206693 -0.023490871335366217 0.1890656872504069 0.06004488189515164 0.007719461258039087 -0.30690629496890587
-0.10748592860189596 0.04636050517985169 0.027801439365170207 0.2701133753763457 -0.2850391143253579 -0.1274375047289986 0.11690721620560132 -0.28997572083468565 -0.027059549043954977 0.1616504179498285 -0.08393691046549273 -0.08669845892719628 0.16189923052207061 -0.004679972767468554 0.034765058067500236 -0.078834712659288 0.023392900991705545 -0.06885684311142051 0.21386456305993942 -0.3429046954602094 -0.11106495100295156 -0.04589815308509072 0.6109009920654441 -0.0669790522211756 0.21356350951984238 -0.0393464171326892 0.027590999506861606 -0.18325767197810408
0.19368486862947437 -0.11100694563828595 0.013635788624254751 -0.137075922017809 -0.3899959793010996 -0.03817569158981659 0.13832969338734688 -0.4045789740808839 0.0008053908725546415 0.027849796817785866 -0.1053051260754998 0.042599391224304554 0.22422852093449983 -0.0513738253427367 -0.04440595022377564 -0.10519412053595954 0.12691612641697816 0.02235316898824541 0.0545555445687084 -0.4023378080359348 0.02528301114564386 -0.13948771436470983 0.509100832138209 -0.09433499248009393 0.04323156479948352 -0.03850244644362411 0.13282788682200267 -0.15667169049695787
-0.06765306945851803 -0.014222405129560096 0.09439904679749704 0.04389809174822209 -0.3642934900800311 -0.15632795686787077 0.16571253905455663 -0.18836801751037838 0.031261432881020026 0.10974395562212844 -0.18324159684206334 -0.008209636526371656 0.20343905210597413 -0.0581202587488303 -0.047971474233871755 -0.12330323696836408 0.10122201214562711 -0.02040548475403293 0.14116617894165673 -0.4103392664351394 -0.21910094101629787 -0.04668060527031723 0.554813871431891 -0.10092067408879726 0.1742069879525413 0.02917479099185108 0.09123243649256267 -0.22062677519620144
0.06454202606706118 0.043413981810289076 0.05278290206579551 -0.09342016055779297 -0.3331696232898572 -0.04272043594484156 0.0904846342332152 -0.26780384059676743 0.043868120146912784 0.1139399188415595 -0.16974579197478393 0.16728991027238174 0.12130259003635202 -0.032595622505349 -0.003141691013520706 -0.1565804161179303 0.2143250234323801 -0.025053831100533823 0.07927144292307017 -0.44174305332792196 -0.1489304445845903 -0.09494906862732573 0.5427474325861753 -0.12676143715897162 0.0922170672730626 0.0038381431994745554 0.206842793209617 -0.1912253644087622
0.22718261767374215 0.17293256686842035 0.04567528677347516 -0.014214719157388464 -0.29606142352096254 0.08018171016935269 0.06628844790061722 -0.29443571490732434 0.0789525093715258 -0.2256275390357758 -0.4777445634299569 0.10170749403248758 0.11200048459407877 -0.060033684042242914 -0.15171508385394045 -0.045069630009809854 0.0593490483843711 -0.06935850388245675 -0.23727304825211853 -0.14853603473153934 -0.05262331567637472 -0.035797899276069294 0.5153937330477648 -0.05988772697313719 0.04345060085814311 0.07279403959784128 0.10962023842828987 -0.12222023314145028
0.16790163857043391 -0.19213866242324948 0.0690936678519912 0.3064502956106477 -0.07737978495366894 -0.042442040837634844 -0.012306146501033049 -0.12817061340175717 0.3452743360090605 -0.11221869503822053 -0.36427673961392504 0.20984009365319897 0.12381377828304868 -0.07231052815286128 0.05667480362225041 -0.16911274986257865 -0.2205570282586614 -0.09455113858152638 -0.12787887212431623 -0.28839685248731 -0.12580026914216474 -0.08924414279479836 0.36904182481873915 0.09344022876798984 0.21291425501953382 0.14281295586996176 0.11628378923807231 -0.21414046658408162
0.1881271405039617 0.06372938064722519 -0.01077969450776685 0.22884840013828311 -0.10411305498554257 -0.05134211485982845 0.008312598704130689 -0.3018614995966227 0.17522193641619074 -0.32726316212460566 -0.33542865235175745 0.3652786455545106 0.18606022077372128 -0.1049545168216753 0.015776135757593075 -0.0917890751188403 -0.004443785279763186 -0.048771460356231776 -0.08389594109017821 -0.3540243646419764 -0.16225201504938155 -0.14107688802704552 0.33289499818731844 0.03595017183820355 0.21146408034496827 0.12056202102463127 0.04830223134628947 -0.10317824986075154
0.05924567533321464 0.030398199170454034 0.02434478877773132 0.139264495063126 -0.08165850133921036 -0.06141231313605766 -0.016151166258986122 -0.317489424992919 0.16604230239295714 -0.0849001762696845 -0.3111837478883432 0.297939388444422 0.13332261236398565 -0.023395001548200383 0.06329395151865105 0.06405607755322372 -0.1661191598822538 -0.07637622445565019 -0.11445583776273228 -0.37357095630242554 -0.17790126577148255 -0.0921662502922032 0.4508879994013408 0.14175149657838573 0.2492109733675311 0.051918474647007155 0.1650967606244596 -0.2749290465364587
0.3319092026842804 -0.05300535997154164 0.03840021799871606 0.07359624088550107 -0.16235893546151517 -0.06564810450629241 -0.021699164936486527 -0.27892809945001085 0.05608419911889531 -0.25017750754911555 -0.3367794690359925 0.3819629458817421 0.1464834872333019 -0.04801662766227226 0.04751566291053952 -0.27300085833252596 -0.19061686290350663 -0.046239359922603904 -0.014435844969549501 -0.283568770811379 -0.11437993682176348 -0.008687338295651145 0.2363785179247745 -0.019475325148997594 0.33238771223544644 0.0011027818121917545 0.12960274454885112 -0.17265234977928456
0.24846872401255266 -0.1537781712309031 0.09746223272225545 0.16766602448708806 -0.17411573214097592 -0.18266890215724424 0.08272795707361645 -0.27046338536540604 0.10595401945776485 -0.1786975348637693 -0.2656520823478188 0.3681629394447453 0.15723798659921964 -0.034123261524464536 -0.02324797814093261 -0.18349022258412556 0.3282869354608513 0.0514651278432092 -0.0390785320586836 -0.27496397654219645 -0.19804784200442616 -0.14214620990755011 0.2954284898604096 0.02145735937700451 0.1149660597177435 -0.003404285177137578 0.20222449429425318 -0.1873796468692962
-0.014290934715450043 0.1642228589627969 0.047348884340884134 -0.03870211150199877 -0.14946430989267 0.0261597427960311 0.014480145028372355 -0.24808523288178813 -0.01600367037364689 -0.09709232757954149 -0.5836814126943416 0.07840757245202779 0.06861185264671954 -0.16071157621175314 0.06905830181587144 0.0721127718643797 -0.006919258679825943 -0.025108154335775543 -0.24895523399088737 -0.4063920613100578 0.03507355417218644 0.09223027304346466 0.4255810459113705 0.16858984658258802 0.09210421831505206 0.055545439538030636 -0.06389753726677393 -0.15667123980796202
0.11040851291644709 0.19173953627110119 0.07158074776508178 -0.1668619704496536 -0.4174134618463797 0.07502375534860758 0.0931707244557617 -0.2312511027630396 0.16775151331405877 -0.12008030400760457 -0.3852489479707212 0.08312281530401744 0.15032077659378823 0.023660914315529937 -0.09032020058712399 -0.05335634854958645 -0.03390110693700724 -0.024951077331965197 -0.3460250838225108 -0.19142761676321982 0.0804125115183239 -0.08481772316847912 0.40912971270277926 0.11701236343633056 0.13673626234162659 0.026007041681207592 0.06635399754981468 -0.2595129359786923
0.26451479123092386 0.08817818095820047 0.0703920679761695 -0.02818840795618627 -0.4516523826787783 -0.12171480731958545 0.09421338722618192 -0.10135715211395258 0.012572241903564124 -0.22148803080660873 -0.35982306044893986 -0.058189926707570123 0.016397941823872022 -0.018387508052831795 -0.13175075354010593 -0.0019413877763002935 0.1372051838054114 -0.13458489288260544 -0.2733327410633754 -0.3790915145524409 0.19673823153735295 -0.1334026292214965 0.2825563694011098 0.12851210202411056 0.03328953666103549 0.13197127884373241 0.20414893767605563 -0.10046785727898186
0.22171662811503665 -0.02455315240872068 0.08665289928580014 0.2024026352007585 -0.06266278424739019 -0.048740623074356976 0.02234118971224445 -0.1685724713811806 0.03900256485809798 -0.35450712300447756 -0.3057899518423519 0.27077261724886603 0.13663931697981227 -0.11562984988357243 -0.18629561481978713 0.04472545819351611 -0.10578091437619612 0.20015127249308473 0.23930085991730146 -0.3278041735811901 0.029930222245432788 -0.05093661008128619 0.3150700501226115 0.16501528599604656 -0.12042949313358482 -0.1314131132468359 0.30147248233672075 -0.1875046112235824
0.035791752082212 -0.020132453330926503 0.11770595888788324 0.07946560979250214 -0.412709801845661 -0.07037734372868537 0.15461530586740221 -0.16148527143271166 -0.033689172132191005 -0.08539730619762119 -0.21335648293192905 0.38467151975367075 0.20537619503190832 -0.029240360243437603 -0.04308105860259585 -0.1534419687800236 0.33787603088701307 0.13517083888676693 0.06106958665157557 -0.29609742130320793 -0.17909827677126158 -0.05780062871413761 0.3635676396163877 -0.06813516300905255 -0.0018040356502087413 0.004727351439110673 0.2117098556339695 -0.2039623848055688
0.1730583943325227 -0.09208828403013612 0.037557207092782166 0.11406772050676646 -0.16424013282525196 -0.15174878229754266 0.10470675353624297 -0.21278621332635286 -0.03258658569332731 0.01080255907457082 -0.19317696005406762 0.16172706304619017 0.12716679587023494 -0.04189119392810995 0.047926498957537894 -0.11246877478281388 0.1903251800463465 -0.001478045527233237 0.10148552350157673 -0.47476924360354483 -0.3371326175713825 -0.10595537038348046 0.3915680838938949 0.1150126102015761 0.0993662223304212 -0.026563471358618557 0.30336646473627893 -0.2782097588146718
0.15879943109086403 -0.020456315002306467 -0.0016246775413754 0.21096678962946594 -0.06271649457451296 -0.0875925354905653 0.002828272270637449 -0.3454544675234991 0.1212195108012803 -0.20568122153119484 -0.31157138542741264 0.25188794392698893 0.18210400120645243 -0.01965356695921804 0.04888907688950796 -0.05320424714330163 -0.12826082071006045 -0.061527677416022455 -0.02936707671718765 -0.37806368536888246 -0.18118117548182108 -0.15702666080869945 0.35236621571593446 0.24008230790967797 0.2983702336315902 0.055843250118271535 0.08682351621272164 -0.19902708421937496
0.17383050058533817 0.10130748807578001 0.01725426355102091 0.08476744543408456 -0.11055309168575878 -0.0759551616811521 -0.024322654785190335 -0.41282016369219415 0.08859434069605455 -0.2719942451953283 -0.3563297760020326 0.3293326713318849 0.18122718243910763 -0.08329302694849991 0.03781296743216796 -0.09824685575944454 0.012730855075591931 0.038453879802337866 -0.07365622557351596 -0.43338360992662384 -0.10571464834657947 -0.10982431324639495 0.3009988166843102 0.12719787229380397 0.17285074760652053 0.04646352663504903 0.1514065656314969 -0.12265858895880574
0.21603586784298953 -0.12014628538596968 0.040908439254329534 0.03411469610958312 -0.22189037447282026 -0.07471220788180237 0.16640099311106607 -0.3207354104351132 0.13390314307411205 -0.05551555118652323 -0.20117355792077593 0.36292062563274496 0.18158838257168342 -0.003021950682174527 -0.04513551263810269 -0.13035750595039913 0.21737215022645912 0.034147168919451555 0.09026669031293665 -0.34888071600450227 -0.2558788506455255 -0.03439311947922309 0.33524378862244336 -0.03321351118858798 0.11160455856723214 0.06346949391263307 0.2476674968026434 -0.26308986595381095
0.29468383275011656 0.023752188431844092 0.13896957411486052 0.0655937895905314 -0.1651215619379972 0.03050549454755852 0.05278158409653175 -0.13875399822641546 0.040604281871698296 -0.2754827288129689 -0.35188973668935447 0.2825880936520999 0.23938099842966237 -0.09523525263746027 -0.055030018404183076 0.04349505566889349 -0.019666847881287978 0.2411558445059721 -0.01293844494515414 -0.3676301786884963 0.08441974194358136 0.00805286171597475 0.39859997563114935 0.08455110689542865 -0.007684083199323362 -0.1520625267842347 0.17669660456888903 -0.25444941943511207
0.22967478459868704 -0.04991788226874887 0.1893144122571408 0.14926102783856696 -0.1553325941674108 -0.07607973068073975 0.02234525772963687 -0.24211409326859598 0.10293973455572432 -0.27531734064365043 -0.3062051982216365 0.2067257709586834 0.14608924815540375 -0.015164033749334048 0.10566892132274061 -0.1616760471846083 0.12947020481172733 0.08521769322145117 -0.2448135824382096 -0.377403131196486 0.10014859506518682 -0.08957363454172478 0.40271244937309425 0.18900811117530758 0.11288326196071903 0.06500836315062418 0.08233905471081589 -0.2230227233096258
0.3532323347165508 0.08846122101661187 0.03694775718695251 -0.046972381094439894 -0.20897270629494516 0.07082315440098974 0.04587109165141824 -0.2596773153513639 -0.031111248540268494 -0.2900787589523369 -0.340027304968602 0.25974657842242277 0.19968438757500284 -0.14933185232119214 -0.01740098681421254 -0.0072852577464451096 -0.10304745610447924 0.26267632402541274 0.0387670685785734 -0.3328445492529831 0.05477251828434798 0.22124911890828144 0.34801650663084505 0.0902678442784436 0.1086306102960443 -0.0038525883151422136 0.06025921297314147 -0.16220428286072539
0.23811738888478526 0.007572134568891432 0.13249566850387479 0.06086362352596775 -0.2611534685250384 -0.1783742192380575 0.17722640739662712 -0.2268975847051481 0.05098828940328466 -0.2249187244515761 -0.13943541828224887 0.29383193372218264 0.034389231336589714 0.004274091637871291 -0.047322315680816275 -0.21646971320490727 -0.019772024094183025 -0.05557888298201124 -0.022171537430787393 -0.4824354236967797 -0.07533445810905405 0.0009053819716912624 0.45842988247547567 0.08982584185203607 0.1428163130294298 -0.1340540601045591 0.0922198645967221 -0.14938634911975224
0.27589773114900373 -0.03507286625640264 0.002828372569487027 0.07228788832781188 -0.2139738160808651 -0.05197221475213563 0.029519116591520567 -0.2713379613619066 0.030073530234690067 -0.18661210568165112 -0.3010190589840506 0.3796555560725308 0.14818840906246403 -0.025574380056170562 0.04162278878159834 -0.25264654544499277 -0.055937748164279606 0.03099141480950773 -0.07146570566565151 -0.3841642567745164 -0.17030396129755174 -0.17653916517043805 0.2897747763891076 0.14410072759016446 0.24060444943619164 0.056982221627782416 0.1137295564226111 -0.2000611441782624
0.24927625324547661 -0.05257283396267154 0.14565523517403783 0.12207625239077043 -0.16838816830307402 -0.06793688143292737 0.062063729250943875 -0.1005659607569586 0.06353497459675614 -0.3059607493546896 -0.312554363161801 0.3059527422999414 0.027537134807241934 -0.01773022449821263 0.08112666879976554 -0.14539383300841519 0.20351234602623963 0.0010832994510001563 -0.10646223620302328 -0.5038072300121927 0.12024334798604262 -0.10435718785496773 0.3055968177448592 0.21156180908497876 -0.02620264329768811 0.08328759342373673 0.1246002784060563 -0.20269366185843962
0.16298009230766283 0.17364794275467071 0.09695404827969231 -0.0476223702085482 -0.31100197947546826 -0.015374313944344391 0.02223353607182389 -0.20752405990527914 0.08005061763314682 -0.20642328371767235 -0.45297994441632117 0.08409825784863365 0.08065719684453013 -0.07952947311193734 -0.0038668048359545844 -0.01043606417534963 -0.015213518759601108 0.03636604238770131 -0.30487770048458324 -0.35109153467796345 0.06507872744093994 -0.06414317707023888 0.4443973692189945 0.12112962929523009 0.04656891968599529 0.11633016790929855 0.12512721148595632 -0.2173051465137681
0.26335403917588757 -0.0671334919691966 0.019965594691893844 0.04913827074723587 -0.1387201896649066 0.10071459788054406 0.013808588286044202 -0.49156243649042136 0.045203436265445415 -0.15407218446138812 -0.22869934805485062 0.27453509832089107 0.08793392953537214 -0.023267769452689376 -0.00551047957307033 -0.009966947092477647 -0.118531869766629 0.2884896083191889 -0.07971503317141658 -0.20465925196973117 0.05518125130894927 0.1938937421486716 0.23912889082675828 0.22007281413927882 0.008598136149944098 0.09446685678647057 0.18759419686681197 -0.39280488240041
0.30922341846783746 0.026027018696014682 0.07553065696851516 0.04930901070885225 -0.17444375188517153 -0.015210171054788512 0.05141455942572892 -0.25512826600189004 0.05766061632330579 -0.26939086452756195 -0.3505478444998955 0.22548898060644584 0.09410982988811185 -0.0013447840380479614 -0.02833479452142356 -0.16243312619577513 -0.0048509719955293065 0.03187310472307618 -0.09814470062548714 -0.4377102996302411 -0.05369552104545196 -0.04722320524629647 0.4059583074574377 0.2189153427946998 0.08996676439249633 0.05725676053314432 0.08402975543374194 -0.27012119696160575
0.3221712369687804 0.11124058491260348 0.061025530485464274 -0.04022429827452391 -0.2394131627111152 0.0015536088207548059 0.07622664674473593 -0.28978383343342873 0.03572884405831375 -0.3444664502082391 -0.20175889766642438 0.3155848235224598 0.1445973617887843 -0.0029714805455079477 -0.12757749742049918 0.05686996988080193 -0.16121799442737297 0.1936325056707965 0.07289116940431396 -0.3430303874255053 0.08218241177211252 0.1722384346556766 0.2967730938433618 0.13632621110071041 0.00828379270339551 0.0748301393093034 0.10243618037967298 -0.2915700241968796
0.32476163854368645 0.27755492879667176 -0.14422386444673232 0.08961468035787871 -0.0230580708872758 -0.02974443328104103 0.017970962079128888 -0.34474766122995315 0.07989094912766982 -0.2709634926217416 -0.1712124080950996 0.42928345539788293 0.226564920055924 -0.017672647191839145 0.0074420924626649185 -0.12342802306753116 -0.07911842438534651 0.12118238989280938 -0.049913562437784165 -0.26372593408681216 -0.02805064005840911 -0.054703254699233185 0.3657236691211621 0.09187813610831742 0.08687800488652932 -0.0660973082003203 0.1191667586022221 -0.20653389516193443
0.24659821858357184 0.0022429593086162984 -0.03937888856477136 -0.10284062708498971 0.03823673713560545 0.09456445586659801 0.030339612306488732 -0.3813849827977541 0.09862987443113676 -0.42240334615184727 -0.1733045176585903 0.25623242694663495 0.1241714758228683 0.0024467988286939408 -0.04856837074644902 0.10382164083177613 -0.06215832934728107 0.04145831864693112 -0.07905848212731412 -0.48807312489086296 -0.017819014385202663 -0.04849968266125549 0.14710484734266002 0.2677063620454657 0.08071107850106593 0.16685473469098885 0.15541620923900573 -0.23095515739897038
0.0894253182495925 0.20977906789869896 -0.22405222056626864 0.05479482953961341 -0.11333959447630709 -0.06287161202865643 0.07142939640768085 -0.0377896507547552 0.37827117355022744 -0.29529905017253155 -0.2852458663473583 0.16316732115181157 0.22315607663017076 -0.1490139732983197 -0.16664408051313095 0.16232300968714952 0.06525513098609757 0.2212572963495729 0.023256675436323603 -0.20684141483435847 0.20273805802923223 -0.13201927768415417 0.4431379260975868 -0.05930345225992348 0.0013447172299159368 0.054538111891227974 0.14250285035001703 -0.16977159293996036
0.35512247945295844 0.3020731273006621 -0.1746214816226923 0.05014377062545753 -0.07086798300951476 0.03001379379356479 0.0753266099911591 -0.1452635339259919 0.26672017381540875 -0.27280500709685185 -0.1921408585759625 0.30664846162915044 0.08716663538844152 -0.02876787569100346 -0.0404233267703202 0.10330091463143504 -0.13038508396444773 0.10064043174533154 0.08440034850608573 -0.17645630029333542 -0.002555419120621907 0.014177100358587344 0.421630301070175 0.14021554842801265 -0.009660580919921382 -0.19036881218584972 0.15440491616424623 -0.3106223084079283
0.19822929336251754 0.32634065659993566 -0.25514802762891703 0.07120485734717599 0.04537244704189083 -0.08054501285286599 0.0942631692516006 -0.1965290994860732 0.27373102499284907 -0.2785392988727492 -0.18146753126043552 0.15792200301656348 0.2494510509004327 0.009734400514123791 -0.20050110734336313 0.2024821056921516 0.06510976548976952 0.28935118978868746 -0.000859415487898399 -0.3113214856364524 0.18968201728986958 0.10660728806235252 0.24348139585906178 0.10294365430393458 0.02465108804979195 0.14963592882860974 0.05011132602249968 -0.21554133065087022
0.3444568450432758 0.1617152128054001 -0.012168860294895228 0.06838414359771186 0.012204693214077748 0.025765804071363363 0.014312727719684589 -0.1906113635709795 0.24602028034966236 -0.27064640512039334 -0.26855379445456196 0.22245353188942343 0.1420240236061786 -0.018225749461157254 -0.12232139743728518 0.056778122687081295 0.0019180345278976545 0.14878616083208573 -0.019318403239263083 -0.3431008484647297 0.09519492126235779 0.1991329844221051 0.3183347446566884 0.19841113205321237 0.0477410614700378 -0.03877695529659953 0.15996454841157068 -0.399909308949404
0.3206970069396907 0.03382865902555087 0.003510374573323101 0.03253679246496526 -0.16396366812824478 -0.03763934704383373 0.012221876979645474 -0.4168777964532394 0.15034728217791454 -0.33273224104036747 -0.211728499544331 0.2913869591642318 0.11521741824665677 0.03359688277171653 -0.10492821353751716 0.023082904695960523 -0.002675607279255643 0.23143388602779527 -0.004543182077599988 -0.34076966356177213 -0.03273147200410625 0.07371348134364414 0.3359578180273145 0.1022088048675859 0.06201186684373421 0.013770421346013372 0.08484775342331141 -0.3048555761236056
0.2249600090894517 0.19666839031585662 -0.21245563138400644 0.03980543162633811 -0.09175100223415135 0.06241529236896849 0.025589037756752 -0.1457121408584558 0.2555992512480087 -0.37907830660453506 -0.20543138819014964 0.3014223623190415 0.15694709594046782 -0.06608864884229938 -0.03786141763757552 0.25493130331468355 -0.11949663120706379 0.25777982204042243 -0.12669108891486883 -0.25648598939934125 0.18422910178721869 0.019582336214800166 0.24860680387007456 0.11747338269131812 0.024943362996475125 0.20102675257050684 0.02410027049815561 -0.2795890595563815
0.07896461967274619 0.10115903760201235 -0.04960048993957331 0.1651397623453746 0.34663366550399627 0.0964161253502674 -0.01582586716732299 -0.08468476635642194 -0.015185513746523925 -0.11159043574374038 0.19386279472780943 0.06255101048679372 -0.0608756358264803 -0.0634639587368477 -0.250104078017967 0.3252279032347101 0.04649043080056433 -0.06347296018942047 0.10399853399756107 -0.2633982264982167 0.4196561110597866 0.10230609305638484 0.19476971732340662 -0.4525431517417077 0.07625253715117802 0.10153823152637804 -0.23421681683292228 -0.0038920406766872586
0.4289192766710268 0.058593058580155226 0.16427624541604632 0.017621392108485956 -0.1986534525441435 -0.15253369920504325 -0.0667913000848271 -0.1327943864966387 0.1384828187810728 0.13295823833063655 -0.3505162050913851 -0.14420234636199267 0.15746451689459567 -0.08839867205170174 0.4030623788235768 -0.16917760321868397 -0.11236299160731981 0.03308336442049329 -0.04405286534289953 -0.1360648381041353 0.34558444617632705 -0.027828893789773726 -0.21496414528766758 0.030832139231197264 0.01031164067523709 -0.13820969414041834 0.19576267331277342 0.1928805974160229
0.3111308790242229 0.22279712415022337 -0.17525871803896031 0.08043045158121521 0.013545692368495234 -0.029664456209459764 0.0521342734769477 -0.2526242042544509 0.24301499822623385 -0.36200882525447486 -0.2277227775369768 0.3073900738776199 0.20422301984662894 -0.012946997746714428 -0.07614356603381361 0.14519473786027404 -0.022543093540139655 0.19458363387108601 0.10211176838588423 -0.2515646607942259 0.14269385492491343 0.030817013461901962 0.25950136139537655 0.1620793523751366 0.036944040920879176 0.06609793479513562 0.1435771381642937 -0.3003568198768675
-0.10071388047657007 -0.1584596622268587 0.04336376631300506 0.05599299828581039 -0.24804836140649486 -0.28817191829178895 -0.1523366060306507 -0.13101561634684367 0.00825662398370792 0.3123760407415664 -0.3360127424416728 -0.07756309726698024 0.21634996841992418 -0.06997520062319618 0.09314285437459129 0.0017945760949508137 0.21803024220166597 0.1637056324441669 0.17392970639638552 0.12169317576487312 -0.14149595991357447 0.08489496463981452 0.5214459229270569 -0.14684007292369397 -0.11081428325574959 0.00747975414474669 -0.21291705515513476 0.008706032114686095
-0.013420560094479062 0.22014739445875503 -0.06019345727603747 -0.016767647686826488 0.23908021810839228 0.03937180016244068 -0.043637019118330726 -0.29769055425787355 -0.17886017276741037 0.2157266868365594 0.18235355955733695 -0.23380220275113123 -0.2516489043100974 -0.020449620088003106 0.05522688958684802 -0.13460497328764962 0.5005575012224565 -0.07041026677476896 0.11407409681056992 0.17883358926421772 0.09883432662708368 -0.24511741385580432 0.010936342265822347 -0.33761366373619794 0.15110152579612174 -0.1865023905448331 -0.06690096440036299 -0.017448738595965036
-0.04945310692304318 -0.09133913849234399 0.054306288130409046 -0.5129532698252748 0.07068541593943123 0.322117588679337 -0.02231115570761248 -0.04658111489348569 0.26516599960771536 -0.24214964938562927 0.050510165482059034 -0.17426864045198273 -0.10874270385388325 0.33924611368451074 -0.2549813938124516 -0.05252537937490314 -0.007216485799818488 -0.08644000348055357 -0.11197703881820044 0.12689823091828534 0.243532027001074 0.29431708922470634 -0.12520961648337411 0.08232725841844832 -0.16361592597954988 0.15368791980179639 -0.009085449410657148 -0.01164710830485737
-0.17663990720862927 -0.029397696712835885 -0.07212601441323085 -0.2606126110556866 -0.0034780454210359087 0.2780933671885594 0.003869296993124619 0.0516753350396604 -0.024036131070758446 0.06968546563364174 -0.024067746381701186 0.19597401858725466 0.05878686690578667 0.08581931019911372 0.194971867004033 -0.09957376690405338 0.11141736831282559 -0.11226389919169517 0.014821811341317291 -0.5349374387143658 -0.2875221598785284 -0.051555833237713844 -0.025609044445638447 -0.18476427584054725 0.3728960274902262 -0.13532064698656582 0.1825550378946085 -0.29900856534919495
-0.22420396782843252 -0.2680132354666294 0.0322275917910127 0.05639021239661102 -0.1808401353410961 -0.4294313025317545 0.0314158542810677 -0.14013010464919648 -0.21551028574807568 -0.09693265593754319 -0.21368727989860553 0.34221864379288225 -0.0008878845139495235 0.294580944293224 -0.15631238619535273 -0.0015387711148760208 0.13029675693627457 0.07377212507402695 -0.1107554416261272 -0.11389905137156024 -0.05469802725965894 0.1619782930797027 -0.16740389484638155 0.19611750675516826 -0.1566763609204578 -0.2417005310321012 -0.2819220434129884 -0.017120227084198192
-0.0405281801267912 0.04896819612836733 0.06187491485196067 -0.1678570677548153 -0.2278448082996118 0.45791992426396033 0.34670173143125244 -0.15586881950310427 -0.23793935782861358 -0.1422302483577266 0.09090339003164946 0.036976704411851725 -0.17186417395482836 0.16105199253309138 0.28368247445966244 -0.06845282464692624 0.10438916444128662 0.03688455424913593 0.09221533805734095 0.2069128408732983 0.3736978179755357 -0.027487067797723655 0.18726036233506152 -0.1672443063828135 -0.09409749648954804 -0.2341487810738087 0.0009381803628310326 0.006663325673300177
-0.042694821070506477 0.03894960653310918 0.07324892152557802 -0.298534255917647 0.1584462049912412 -0.3117692049783035 0.1792313507500599 -0.2774283911207534 -0.15847548545194123 -0.005952510829471909 -0.25047657677444335 -0.16490608045651295 0.1550361714370756 -0.01445414443403889 0.1712740880319495 0.13384159022021333 0.1417605611147656 0.14107205993757602 0.07012296820678844 0.3546720688339946 0.14531936620970218 0.29546707328783334 0.140508385298072 -0.13987314697492306 -0.002022072218007786 -0.26761184767245616 -0.10332349492169488 -0.2889151193027854
-0.013764191375623541 0.06120264087228984 0.18408833335426333 -0.06144826327937698 0.17488604694240234 -0.20043614512339758 0.10606545144415581 -0.3557806324877984 -0.15561243162384872 -0.229411006737038 -0.23798412653735887 -0.04236049676568419 0.27721696258160455 -0.13192010549158675 -0.059055805986347035 0.43327177061226513 -0.04560901337648986 -0.039050128985670056 0.1827725092232825 -0.09080468700203206 -0.26865319787671227 -0.27006741828673475 -0.11515325900189703 0.1648744780747188 0.22836530696658291 0.15937341147009518 0.0627954839593355 -0.12948409487696275
-0.27145101285865025 -0.07304834243816226 -0.16561870893730016 0.10384981142893651 -0.3016926358258899 -0.10007858437242032 0.06674417093039954 -0.07903072730363982 -0.01772681639152077 -0.17283185862468092 -0.030125152968588448 -0.22217342134455384 -0.3167421699964367 -0.12735002113252364 0.07901007646060983 0.0840116343881157 -0.3658973310701388 -0.42379983080635286 -0.3335446158384247 0.13725649336834142 -0.11244879213571939 0.17877338108005145 -0.06722564846936942 -0.10288887190287706 0.2196052410058543 0.04195304750430775 -0.08369872020610936 0.021230863872756803
-0.04863858863344824 0.19187175949975696 -0.0016958840288620344 0.19733691484255936 0.09230187426091771 -0.06567592952769605 -0.19632737363031608 -0.11878792212778316 -0.06473463458059793 0.1701205932478668 0.16435308485421826 0.26191045615131964 -0.21959076960874896 -0.24686879936535192 0.01706617702739873 -0.0647550576001315 -0.11237439165272727 -0.13686652266566965 -0.2001414449527115 -0.14985019725165385 -0.179587893604846 0.3910733299094703 -0.3258195407267552 -0.19203015965372636 0.14985908798052164 0.2627380950514182 -0.2756087050915088 -0.15637122215557447
