0.12239147117591107 -0.5122324414906392 0.06016685245172648 0.17191535741825945 -0.3390993064202054 -0.35980925701133515 -0.11681683060658288 -0.039790375221089004 0.1278685371080594 -0.1159696545734923 -0.1495532083907078 -0.04289473761977085 -0.19297714158028537 -0.2035293100857412 0.27525706442254716 0.07982620768444844 -0.09246902606334456 -0.017765318953748364 0.4371097323834488 -0.05772716065199749 0.10821681724746861
0.2720089308813018 -0.30816060023081754 -0.042744646895300345 0.3032960859338925 -0.2883417417127573 -0.37062191712735626 -0.21990113179832121 0.030689075017130172 0.14017936345826762 -0.1648073024460406 0.03673118214084981 -0.010397264270650845 -0.14693589444858277 -0.24132358107288268 0.1941896784273698 -0.1438607349376343 -0.10531766096188201 -0.19728067513221692 0.46102050062590927 -0.046139357956949706 0.12747824188730508
0.3156801169880086 -0.3095819008179534 -0.18918888127324945 0.4583607397140622 -0.20707150653461642 -0.3773203476664181 -0.2640157455089628 -0.06094678788024612 0.0704845496962079 0.11338013130741674 0.01076351883270669 0.04740570751193893 -0.13841345694855448 -0.0706638597643731 0.22178511764688216 -0.23110173174349874 -0.09880099830359769 -0.22702061307426505 0.25389365007167464 -0.018518152491725205 0.16404430081671165
0.12162190365425116 -0.5090116496599308 0.0556949050025671 0.18264692873135954 -0.3614291182899225 -0.3412771673088225 -0.11608231505615808 -0.03128861296842383 0.10406727223595034 -0.08582446790705198 -0.16978914517844787 -0.029612748509675366 -0.17706394078221843 -0.2173243945800662 0.2789225388292687 0.062304390844577714 -0.0877455879846983 -0.01537642571804245 0.4429305017193837 -0.05835149917673788 0.11139089003959213
0.3156801169880086 -0.3095819008179534 -0.18918888127324945 0.4583607397140622 -0.20707150653461642 -0.3773203476664181 -0.2640157455089628 -0.06094678788024612 0.0704845496962079 0.11338013130741674 0.01076351883270669 0.04740570751193893 -0.13841345694855448 -0.0706638597643731 0.22178511764688216 -0.23110173174349874 -0.09880099830359769 -0.22702061307426505 0.25389365007167464 -0.018518152491725205 0.16404430081671165
0.12028684517659947 -0.5034241666681021 0.06269108450789168 0.18923681773575216 -0.3781099772780476 -0.316290552994822 -0.11480806531853084 0.008962374512999343 0.08452386277196623 -0.07262745013282802 -0.19721626562874606 -0.020774228295485316 -0.17910455045966797 -0.22684115095455734 0.2840514051779617 0.07580532988871173 -0.06551617596147104 -0.013508342870323521 0.4372252040720281 -0.05907425951873274 0.12346663865103714
0.3156801169880086 -0.3095819008179534 -0.18918888127324945 0.4583607397140622 -0.20707150653461642 -0.3773203476664181 -0.2640157455089628 -0.06094678788024612 0.0704845496962079 0.11338013130741674 0.01076351883270669 0.04740570751193893 -0.13841345694855448 -0.0706638597643731 0.22178511764688216 -0.23110173174349874 -0.09880099830359769 -0.22702061307426505 0.25389365007167464 -0.018518152491725205 0.16404430081671165
0.27200893088130174 -0.3081606002308175 -0.04274464689530034 0.30329608593389246 -0.2883417417127572 -0.3706219171273562 -0.21990113179832116 0.030689075017130165 0.1401793634582676 -0.16480730244604058 0.036731182140849805 -0.010397264270650844 -0.14693589444858274 -0.24132358107288263 0.19418967842736976 -0.14386073493763427 -0.10531766096188198 -0.19728067513221687 0.46102050062590916 -0.0461393579569497 0.12747824188730505
0.2720082791295412 -0.3081598618572167 -0.04275503488950588 0.3032946397274263 -0.2883406125259552 -0.3706247465349876 -0.21990060490036475 0.03069680464801734 0.1401705769198359 -0.16481566191040944 0.036726276816421696 -0.010403108558983302 -0.14693927581856306 -0.2413117998167911 0.1941975049025267 -0.1438538140519244 -0.10531773987421143 -0.19728974986267214 0.4610181141921434 -0.04613704301101953 0.1274841921965473
0.12137959254873695 -0.5079975299015415 0.08244521763404074 0.16384745121154343 -0.3578087287001603 -0.3469493248683707 -0.11585104064549051 -0.0036352557296479393 0.10150718419296131 -0.07896051972735113 -0.17419350456419935 -0.01951059552913225 -0.16377158849871992 -0.22952560104295994 0.2816981477488968 0.06530634669830725 -0.08554382957425709 -0.013498442477571374 0.44322258511288876 -0.058090753171133595 0.11841258806297929
0.27008011694953005 -0.30597543499737256 -0.03573434057101988 0.28394751741822477 -0.30301060034964156 -0.3787348481370319 -0.21834181400220784 -0.013999246476464717 0.1777193838661853 -0.12554704137235645 0.05554439797311551 -0.010218838138559934 -0.12770043168217135 -0.27953144251875267 0.16522140217813316 -0.15525541511124077 -0.09945272851496263 -0.16999679056810177 0.4622496053786964 -0.05425248415489834 0.12890609494268973
0.2766061369148272 -0.300348201913835 -0.04248071693302425 0.3146474193592296 -0.16897425965568505 -0.3260759035950692 -0.07781495823667782 0.012758863221750563 0.11022756056926485 0.09293100458113834 0.15553862375866234 0.02286245036890776 -0.18270212707131253 -0.32377013113204606 0.2376279056129814 -0.1966163054682972 -0.08713411429872693 -0.33854335714921624 0.3354121404405156 -0.02169422236847362 0.2781498505943781
0.12134203181044302 -0.507840330805104 0.04623182180558751 0.18244485451479137 -0.35917833582720077 -0.3432633635369506 -0.11581519070953841 -0.01845342221916123 0.09929728968266313 -0.0852250452264675 -0.17482440056567655 -0.025181673277280943 -0.16776714054562716 -0.220573067615077 0.2834597791846517 0.06478230673185904 -0.08783763425705057 -0.0179205794066989 0.44390784741361816 -0.055660039325105395 0.11620695066144629
0.12141498352985294 -0.5081456481363302 0.05555980989192308 0.17734734404148594 -0.3601110975107923 -0.34319547915262394 -0.1158848196515463 -0.030351720654788857 0.10200690892216055 -0.08281317922368663 -0.17433969853480635 -0.02514618676126799 -0.16370372331259914 -0.22412212608564683 0.28242693767261395 0.06380031232860116 -0.08745769836078213 -0.015906180762402737 0.4437764094457683 -0.05672210924205558 0.11611129032937591
0.27856842806493326 -0.302478923325657 -0.03480808375651141 0.319901377420954 -0.1654993639968213 -0.3172027012775352 -0.07836699083290587 -0.017558221075815554 0.1074063959523494 0.09163483047196096 0.15271898517353738 0.017439098458442437 -0.17646859299801781 -0.3244356316099982 0.24124524945067172 -0.21115751093132368 -0.09344895233504281 -0.34465413125557387 0.3353170871616195 -0.009635454773145705 0.2647717992345791
-0.014094073835938395 0.08482553309196234 -0.050892932383583354 0.006791581404164836 -0.0003894332013717392 -0.0002099979365887567 0.09892440399818106 -0.6750816984397742 0.1830026910088653 -0.008883663628370215 -0.002525427259763175 0.15103391727208101 0.5825857145070849 -0.07757109078255575 -0.0027555864790467454 -0.30219367360667704 0.16732104629996122 0.005407435031695259 -0.05718825521760448 -0.0036002346144916606 0.0008251582060598525
0.27199813208796564 -0.3081483662110542 -0.04273190801564202 0.30328035977830875 -0.28835705231432585 -0.3706140991730653 -0.2198924016920376 0.03061640502422621 0.14017440707214976 -0.1647924087180991 0.03672951742407842 -0.010375951746167771 -0.1469141178414476 -0.24130647591729334 0.194174229108536 -0.14385973630865573 -0.1053046889170919 -0.19727289359209482 0.4610741718900165 -0.04611520460253536 0.12753960404233783
0.11701158543014048 -0.48971655877413883 0.10640039079410264 0.11024962514019365 -0.29053748508092353 -0.40348118286329476 -0.11168198586774337 0.01944977425275311 0.0831868551243939 -0.05238586921160996 -0.2137334244303397 -0.041621134430866596 -0.2289930655853217 -0.20642958758910346 0.2593179228725328 0.06391693528718953 -0.032684484487436244 -0.013581794847657818 0.48412366081124697 -0.056101697586874846 0.026703123633935476
0.27008011694953005 -0.30597543499737256 -0.03573434057101988 0.28394751741822477 -0.30301060034964156 -0.3787348481370319 -0.21834181400220784 -0.013999246476464717 0.1777193838661853 -0.12554704137235645 0.05554439797311551 -0.010218838138559934 -0.12770043168217135 -0.27953144251875267 0.16522140217813316 -0.15525541511124077 -0.09945272851496263 -0.16999679056810177 0.4622496053786964 -0.05425248415489834 0.12890609494268973
0.1207207192318633 -0.5052400151458757 0.10667176234798824 0.09032401026812584 -0.29209926135041636 -0.3931098962931416 -0.11522217744196056 0.018729790693633726 0.0882388346782208 -0.05009544874526199 -0.22734173802407348 -0.03753681669806224 -0.22425565332683509 -0.2090530381975867 0.2876253722968018 0.07247538167831188 -0.04967666789001177 -0.039268160311653755 0.4298483163741574 -0.04919394165997259 0.1434374754574642
0.3150369490374085 -0.3089511573977096 -0.18674199822013668 0.4581222135703297 -0.2076951480759553 -0.37968706496201216 -0.26347783875834024 -0.056770523032254674 0.06903215829584483 0.11170049599998592 0.009897430206048276 0.04750167255575049 -0.14228651643962298 -0.0710854362375458 0.22110320128630492 -0.22974531592317216 -0.0911694239450644 -0.2265945616095211 0.2527308706874702 -0.026573673606543165 0.17265113125035778
0.27199813208796564 -0.3081483662110542 -0.04273190801564202 0.30328035977830875 -0.28835705231432585 -0.3706140991730653 -0.2198924016920376 0.03061640502422621 0.14017440707214976 -0.1647924087180991 0.03672951742407842 -0.010375951746167771 -0.1469141178414476 -0.24130647591729334 0.194174229108536 -0.14385973630865573 -0.1053046889170919 -0.19727289359209482 0.4610741718900165 -0.04611520460253536 0.12753960404233783
0.12132978206246138 -0.5077890631942484 0.04588442076302703 0.179966152881509 -0.36039920670497266 -0.3437899002288641 -0.11580349890845787 -0.019391593475104267 0.10034980995817293 -0.08239112390502405 -0.17477412177399296 -0.024655202800187986 -0.1649917309615026 -0.22371973899384667 0.2820826798188456 0.06369510781128508 -0.08717691451903341 -0.015973430737665818 0.44427346748102337 -0.056232123190558134 0.11731114330982946
0.12208583802902771 -0.5109533065025198 0.0360271533824576 0.15449560627002218 -0.3452928945088828 -0.36427947854990583 -0.1165251183230046 -0.05799198443347411 0.1394110973463114 -0.10675196076951875 -0.14935844104765886 -0.04012364779795093 -0.18574822141989553 -0.20928841351118327 0.27030491712195454 0.07809500700686131 -0.0907798459687962 -0.01597369841185056 0.43934484878355023 -0.05975498735211977 0.11260294468563135
0.12071690409102985 -0.5052240480291724 0.10823278171422317 0.09070437072894663 -0.2934357310460213 -0.39181175710740757 -0.11521853607172292 0.018900763063841208 0.08614919681473614 -0.04826333620158395 -0.22849175945521494 -0.03659887681944227 -0.22289495925829883 -0.20977223305466822 0.28791372437839524 0.07112842913545234 -0.04954999905180215 -0.039251751901196334 0.43018037501757234 -0.04923748460930072 0.14341003981854888
0.31219179822258797 -0.30616096837418194 -0.18001147388343236 0.45970844029412905 -0.20704804291896714 -0.38556686469861173 -0.2610983267997559 -0.04568322872242562 0.07230168722323294 0.10800873254963182 0.009004127144786708 0.04359998780399287 -0.15587510211578653 -0.08184292791902283 0.22348426149594847 -0.21138858353234558 -0.08817826649864952 -0.20259421222211366 0.22184019895999657 -0.0030648164873868272 0.2464393762839413
0.2761549031845143 -0.2998582372259435 -0.03260560350630839 0.31434371732322053 -0.16426732144115522 -0.3344758706487999 -0.07768801696823413 -0.018142298934469687 0.10105103686154836 0.09216265728862726 0.14229265385100112 0.01989947776613933 -0.1717656522336186 -0.3221680673637581 0.23090400837633399 -0.20690154259371651 -0.09661772721238579 -0.3479710601380663 0.3265570356986137 -0.002325239469241641 0.28791172352419325
0.12134061862723075 -0.5078344163546923 0.046392963179810585 0.1823939267033435 -0.35916380590221647 -0.34327776806460364 -0.11581384189346212 -0.018192669750735663 0.09924405563695626 -0.08522981115011341 -0.1748387364312271 -0.025113473410224563 -0.16774809476173602 -0.22060417184294628 0.28349183672269657 0.06484926663381915 -0.08783695164890552 -0.017931552649837333 0.44389567533120095 -0.05564667430013427 0.1162346058374935
0.12133648165057064 -0.5078171022915909 0.045215310724556874 0.18114373085651336 -0.35980051219523435 -0.34350669604004036 -0.11580989334625465 -0.018305955150125536 0.10063648394917171 -0.08401758345504727 -0.1744355849546017 -0.024356354164774698 -0.16851343700434163 -0.22170062967468934 0.2824330891123599 0.0646426102870466 -0.08721222218941763 -0.016601846041923815 0.4437608980409439 -0.05579381045952172 0.11713441907860074
-0.012953514674846102 0.08400106159782283 -0.050675237823370495 0.006459754554118094 0.00029020149510792555 -0.000425795145671956 0.09870639688008942 -0.675139519047586 0.18427712383992736 -0.01014081100325189 -0.005458302693842934 0.1515413848281045 0.582518158997679 -0.07643167342826179 -0.0013286714930601596 -0.3015967178248151 0.16704254878887398 0.0023615836627495675 -0.05920794042912735 -0.0027745942563908534 0.0007950237688474541
0.12132978206246138 -0.5077890631942484 0.04588442076302703 0.179966152881509 -0.36039920670497266 -0.3437899002288641 -0.11580349890845787 -0.019391593475104267 0.10034980995817293 -0.08239112390502405 -0.17477412177399296 -0.024655202800187986 -0.1649917309615026 -0.22371973899384667 0.2820826798188456 0.06369510781128508 -0.08717691451903341 -0.015973430737665818 0.44427346748102337 -0.056232123190558134 0.11731114330982946
0.2888689937929494 -0.2832887070590763 -0.14478689967871397 0.42076287488368647 -0.17689364757316337 -0.4754862808119041 -0.24159254462505955 -0.07324711704405976 0.08182508404175455 0.06044209759359346 0.02834107487544496 0.016965035042417573 -0.12907722309629854 -0.08342392566117647 0.16185428309027317 -0.184884755432243 -0.0759537218339975 -0.22462103240941167 0.24534041384977112 -0.022244509162740254 0.3237859016020313
0.31198897961474775 -0.3059620677568877 -0.18569871266521515 0.45314643684515726 -0.21201226232887754 -0.3895099127755083 -0.26092870159034165 -0.05626720678829426 0.06248005337900983 0.10256953195976701 0.006383588282673009 0.04074542289031364 -0.15516576842092078 -0.08167633879511979 0.22329992871062024 -0.2122840427850947 -0.0881442607818765 -0.20244400078274633 0.22196565933101253 -0.0030189029985633505 0.24794466456551978
0.12056107232646195 -0.5045718613656776 0.05707263090319463 0.17198692833826307 -0.38048098787071744 -0.31829828584526965 -0.11506980207359581 -0.026023265236261205 0.10474088468076898 -0.0626440445127156 -0.19658299111396546 -0.02555011420012501 -0.1661904775337903 -0.2428854676790171 0.2822392946209564 0.06478421052026882 -0.06332059818256679 -0.012182485871748128 0.4389482384191133 -0.05489987911559291 0.11631385488723063
0.12132978206246141 -0.5077890631942485 0.04588442076302704 0.17996615288150902 -0.3603992067049727 -0.34378990022886413 -0.1158034989084579 -0.01939159347510427 0.10034980995817296 -0.08239112390502407 -0.17477412177399299 -0.024655202800187993 -0.16499173096150263 -0.22371973899384673 0.28208267981884566 0.0636951078112851 -0.08717691451903342 -0.01597343073766582 0.4442734674810235 -0.05623212319055815 0.11731114330982949
0.31198897961474775 -0.3059620677568877 -0.18569871266521515 0.45314643684515726 -0.21201226232887754 -0.3895099127755083 -0.26092870159034165 -0.05626720678829426 0.06248005337900983 0.10256953195976701 0.006383588282673009 0.04074542289031364 -0.15516576842092078 -0.08167633879511979 0.22329992871062024 -0.2122840427850947 -0.0881442607818765 -0.20244400078274633 0.22196565933101253 -0.0030189029985633505 0.24794466456551978
0.033296223959647736 0.14254256211942645 0.03843820744554413 -0.1895003948278993 0.09684180418195756 0.05344462273110168 0.15858913688006823 0.18530625682622756 -0.11832737913316574 -0.12827889588291125 0.03900481767814027 0.1905387445356526 0.46047283996231125 -0.3189843597922868 -0.046482036634053245 0.43965434427342204 -0.19801873281093232 -0.19147858326727737 -0.11921997068451846 -0.38090625359246216 -0.238237367441729
0.03329456184552786 0.14253544653762748 0.038536826174489516 -0.19029345667200645 0.09663992750648225 0.05354220321885141 0.15858122026934424 0.1844882069765337 -0.11782752710988682 -0.12799622682881323 0.039128124080094875 0.1912030185840848 0.4602873425231777 -0.31921645908280344 -0.04653630035546406 0.43964948242896584 -0.19782791841949368 -0.19143262278899686 -0.11935199701668896 -0.3809567035698238 -0.23823601464436164
0.26828690454358944 -0.3039438935712672 -0.038258437626645346 0.24760270002565155 -0.3197953123403992 -0.3864591362735754 -0.21689212102211514 -0.008422137014438582 0.16705788727352533 -0.09544567894462842 0.047303405938651885 0.015459326763519654 -0.048987672330237986 -0.3234815409771273 0.17234446904227108 -0.1544063732234207 -0.07525744794230205 -0.1791694357338127 0.46448163159316375 -0.051778143052156195 0.13367204930352355
0.11966688529415648 -0.5008295123089468 0.1153410726367997 0.1004527759709557 -0.3187337011580785 -0.4191856169866055 -0.11421634313499623 0.01352535847380893 0.07783291378793157 -0.03707100710521424 -0.19572220028209958 -0.03422480160350578 -0.21627594709557263 -0.201322333761424 0.2539315030501898 0.07968084553665673 -0.06837454843830325 -0.03033629680325729 0.4298690414643281 -0.020827937775427352 0.15829003041841266
0.12132978206246141 -0.5077890631942485 0.04588442076302704 0.17996615288150902 -0.3603992067049727 -0.34378990022886413 -0.1158034989084579 -0.01939159347510427 0.10034980995817296 -0.08239112390502407 -0.17477412177399299 -0.024655202800187993 -0.16499173096150263 -0.22371973899384673 0.28208267981884566 0.0636951078112851 -0.08717691451903342 -0.01597343073766582 0.4442734674810235 -0.05623212319055815 0.11731114330982949
0.30400371330631726 -0.2981310584874779 -0.17939425010178253 0.4565183171872654 -0.2242623785683915 -0.37096780442612637 -0.25425030810258215 -0.0211202244135101 0.009311503652347217 0.1568102117206597 -0.05284909200005789 0.022106052596323797 -0.1379359245615484 -0.09532578057904569 0.2432064952863496 -0.18294813549591904 -0.1297796705321236 -0.13676736942845635 0.17144839059336814 0.079293628887661 0.324326430412701
-0.01295346004797171 0.08400070735300544 -0.050673221782066104 0.00649970977667411 -0.0001761911052080881 -0.0003247408883986809 0.09870598062071277 -0.6751150307827846 0.1843945725322077 -0.00971266319094675 -0.004046051842052236 0.1515544608257775 0.5824977764643332 -0.07664484942481814 -0.0019727277992068848 -0.30165172401498197 0.1669959824725277 0.0021177808812885487 -0.059041842559679404 -0.0027344405117698993 0.0007936539768354985
-0.01295355437139232 0.08400131902232175 -0.05065825190796571 0.006547696988323668 -0.000861479896819033 -0.0008501053125383201 0.09870669936965648 -0.675116081835813 0.1844010277133476 -0.009584066346513705 -0.003973074807501969 0.15155416906353786 0.5824855175002669 -0.07666556219106221 -0.0021066817666854417 -0.30164991143498715 0.16701893371171858 0.0019719834526893535 -0.059042239804010514 -0.003251545924708145 0.0008611772241751497
0.033296223959647736 0.14254256211942645 0.03843820744554413 -0.1895003948278993 0.09684180418195756 0.05344462273110168 0.15858913688006823 0.18530625682622756 -0.11832737913316574 -0.12827889588291125 0.03900481767814027 0.1905387445356526 0.46047283996231125 -0.3189843597922868 -0.046482036634053245 0.43965434427342204 -0.19801873281093232 -0.19147858326727737 -0.11921997068451846 -0.38090625359246216 -0.238237367441729
0.303116732812661 -0.2972612124235746 -0.1788475476552964 0.4564922945384362 -0.2264414350026234 -0.3692881768881227 -0.25350849129600306 -0.02443719290733612 0.0227460517128494 0.1384385014338071 -0.03487983819665209 0.020962838311049087 -0.1348077692103494 -0.10370102796455455 0.25529280863225917 -0.18252560035226226 -0.12852682940287088 -0.13520113165942643 0.17514449830454662 0.07637368117221269 0.32681557890619073
0.03329334816659326 0.14253025072608028 0.03233508468967112 -0.19186417522788074 0.09650680892362588 0.053614183927430226 0.15857543954493175 0.18378884829600833 -0.11734974836551108 -0.12794683687814962 0.03914709904340552 0.18946343652094477 0.4606469608964425 -0.3190927293252151 -0.046507733637341536 0.44030734278755596 -0.19800969549312045 -0.19148273980003122 -0.11948380700979039 -0.3809008215379753 -0.2382264611823164
-0.01295337477702339 0.08400015438723805 -0.05067028538464741 0.006564554629119535 0.00013633841158479555 -0.0002447701173846564 0.09870533085203774 -0.675104236488689 0.1844338007426651 -0.009627994245630371 -0.0037406807631057697 0.15156022824524196 0.5824956724037514 -0.07674012196502891 -0.0018027771769643843 -0.3016783514009189 0.16695413510219048 0.0014765959600926762 -0.05892815975011509 -0.0034110041205446325 0.0008261068210119813
0.30308708559753667 -0.29723213792468084 -0.17958619406184342 0.441095753429428 -0.21711832460121047 -0.39110706438371456 -0.25348369615946414 -0.05693914688454142 -0.0029833045086680617 0.13758284844250163 -0.0518426046781502 0.03512523824677991 -0.13658216738580994 -0.0979587189023093 0.25225442060185427 -0.1938236921979579 -0.12285042397233853 -0.13798617929278706 0.1842958657876181 0.07167625957763882 0.31595679793734077
0.033296223959647736 0.14254256211942645 0.03843820744554413 -0.1895003948278993 0.09684180418195756 0.05344462273110168 0.15858913688006823 0.18530625682622756 -0.11832737913316574 -0.12827889588291125 0.03900481767814027 0.1905387445356526 0.46047283996231125 -0.3189843597922868 -0.046482036634053245 0.43965434427342204 -0.19801873281093232 -0.19147858326727737 -0.11921997068451846 -0.38090625359246216 -0.238237367441729
0.12032366073950275 -0.5035782470585868 0.06097673712895631 0.17493518493775925 -0.3879407133524798 -0.32612632474902675 -0.11484320402005994 -0.02795714003055282 0.09821214512207917 -0.05892827075225368 -0.18557911807398716 -0.02497963872783759 -0.1604859731600531 -0.24042146264060504 0.27185575800536277 0.05994398223521221 -0.06613397418802386 -0.007385040868721641 0.44581688571555783 -0.057298802132043025 0.10526554662099852
-0.012953388883995495 0.08400024586825017 -0.05065215689843389 0.0065089242458699105 -0.000149892292851709 -0.0016922748523085522 0.09870543834783499 -0.6751188287592468 0.18441397727320252 -0.009675036982091498 -0.0009179773158420897 0.15155462141968662 0.5825073011483498 -0.07667890031525418 0.00036279532277501674 -0.30164625848183085 0.16706858324300225 0.000661178557033476 -0.05888476546612964 -0.0007067438982797868 0.00020239616101421537
-0.012953310698335106 0.08399973884921792 -0.05063562376412967 0.006237076860410727 0.0002300594285155345 -0.0001318011465933214 0.09870484256939042 -0.6750996836091862 0.184498888921796 -0.009608537223462138 -0.0037475038750061263 0.15156197241886488 0.5824869239768733 -0.07679887047784326 -0.0018905760169672435 -0.3016919443366388 0.16690479804028238 0.001064477124495819 -0.05901351400998849 -0.0014311100586270754 0.0004188922792301289
-0.01295324073688469 0.08399928516261213 -0.050638923847661194 0.0062492571513707955 0.00013840426549066142 9.276968040320716e-05 0.09870430945981634 -0.6750984469479601 0.1845051502461359 -0.00964107266681011 -0.0033860767081601304 0.15156218840025965 0.5824926794506278 -0.07684815934337 -0.0008203522412923883 -0.3016905572471826 0.16686477909529565 0.0012405983222701948 -0.05904237529989778 -0.0014323317470227143 0.0004016293384282207
-0.012952962527844192 0.08399748103027163 -0.050533190165759245 0.0036297353754803884 0.0008400249885508429 0.00020195732714040356 0.09870218949371787 -0.6752007831073842 0.18428138367474434 -0.012274807620233636 -0.004962014971133013 0.15149965212594632 0.5825855885528424 -0.07566299462477738 0.0015385835260671803 -0.30140453964167896 0.16705948866313972 0.0005556562563103388 -0.059953128094327526 -0.0014692838779991944 0.00044235508615259283
-0.012953465007945773 0.08400073951748721 -0.05066695623019442 0.006405402338991253 0.0004934159828588169 -0.0005710138278374871 0.09870601841595061 -0.6751369606346388 0.1842942675777095 -0.010171386335105566 -0.005082900728158932 0.15154345130528757 0.5825177511355057 -0.07644505177263516 -0.001103321978715358 -0.3016068628245403 0.1670451388724102 0.002034944144377016 -0.059159705582729184 -0.0028415372369635585 0.0007778986352715246
-0.012953510755703876 0.08400103618293614 -0.05066519013609203 0.006583962838115516 -0.0011254035346420289 1.7852320247157377e-05 0.09870636701603958 -0.6751168689108269 0.1844038912862164 -0.0095751092303117 -0.003410732852097714 0.15155462173023299 0.5824907177180256 -0.07670318921696084 -0.001004567785553236 -0.3016516227310347 0.16703546734546826 0.0020192811227589774 -0.05896863361309084 -0.002361480300604784 0.0006930972400640726
-0.012952947359101831 0.08399738266388279 -0.05067412926276875 0.006178837045255027 0.003570818533756046 -0.00010111752501951217 0.0987020739071808 -0.6751234168616264 0.1843705473510107 -0.010712031895694096 -0.0012075130474797308 0.15154809898477803 0.5825567271216452 -0.07644553647804546 -0.001793136235333052 -0.3016340909798709 0.16693422538237018 0.0002775599459596404 -0.05890535518675864 -0.002947149259826598 0.0005971632251293104
-0.012953045160947668 0.08399801689012047 -0.050684188099002825 0.006297461083501211 -0.00020638349582033873 -0.00014996461349152344 0.09870281916188994 -0.6751242671138614 0.18438728636227303 -0.010085801716798822 -0.002431903413985718 0.15154945038128725 0.5825500900168906 -0.0765132086591536 -3.172742981882344e-05 -0.3016335683280129 0.16691439962976143 0.002012862449108257 -0.05903781764305494 -0.0026806460855921545 0.0007530905309759738
-0.012953102222508192 0.08399838692341106 -0.0506395998831315 0.006270186610330992 -0.0001330818441336673 0.00016623241520615853 0.0987032539736905 -0.675090931873474 0.18448578710218685 -0.009682057720299977 -0.000656199379884433 0.15155827404332692 0.5824807100762068 -0.07669561832398276 0.000744397108168176 -0.30167806411523534 0.16716339174437977 0.003631768458563533 -0.05852102863804674 -0.004941087788201301 0.0012052059795107481
-0.012953145412437844 0.08399866700183246 -0.0507005357082992 0.006404262519793399 -0.000110558783771269 -0.00017460024985190153 0.09870358308300516 -0.6751037715165271 0.1844394849703234 -0.009698821165060285 -0.0025592337958921197 0.15155971411352093 0.5825175756008284 -0.07676246977921916 -0.0012349238547503672 -0.30167933247770884 0.16686488576996997 0.0001597201573013236 -0.05908629125268827 -0.0014376654599622223 0.00036293185055018994
-0.012952202608607594 0.08399255309957444 -0.05139365385238042 0.0021858565493196504 -0.0022526287206659436 0.00011616035718842539 0.09869639887305258 -0.6750844974514132 0.18433039649162214 -0.01197508710538496 1.8353566445423768e-05 0.15150933700811872 0.5824902616423818 -0.07659514299660769 -0.0007792004779686179 -0.3016946254357239 0.16704048305525257 0.002351133263783489 -0.058919326653253695 -0.0028065661382517203 0.0008325652599235667
-0.012953463310689063 0.08400072851110253 -0.05065013307385782 0.006505567263366547 -0.0001884681132841205 -0.0002547651584963941 0.09870600548277393 -0.6751150821898306 0.1844302018665392 -0.009615838086747425 -0.002390707426348854 0.15155677885475724 0.5824953066389195 -0.07674863242332856 -0.0012326263734528185 -0.3016589460581725 0.1669761372339101 0.0011728565270545232 -0.059061252825077085 -0.0011286521553700948 0.0003938116821158291
-0.013427405931435913 0.08434812622151355 -0.05050394064414767 0.005899427880163083 0.000955368508099852 -0.0005132987436955349 0.09948856997424911 -0.6754832055744054 0.18234308312897937 -0.010643076983246314 -0.00637742107180843 0.15135422359415915 0.5822762261431766 -0.0764194049349864 0.0058816720019228995 -0.3021412004384834 0.16759333760365275 -0.0008988420655466515 -0.05773278183160019 -0.0009701007318930528 0.0003298606964824345
-0.012953282768091635 0.08399955772693865 -0.050634061748779324 0.005135917440099267 0.002111524773607579 -6.909385804327297e-05 0.09870462973960901 -0.6751027063302124 0.184530837244211 -0.010292115799910587 -0.0027801039951076815 0.15155599680029005 0.5824829591656913 -0.0765711957084979 -0.0009610448154984373 -0.3016609854793534 0.16704692060472381 0.0026715849887123475 -0.05890299653445059 -0.0029863924522316007 0.000866486090434374
-0.012952233433587153 0.0839927529936628 -0.05066431826286628 0.006796006193093382 -0.0013310550478688456 -0.00036272760785246316 0.09869663376086041 -0.6750871988885528 0.18449462074907094 -0.009482521262302297 -0.0018300349931816779 0.15155708299714366 0.5825456013826358 -0.07678951613190535 -0.002735534667201027 -0.30167192058330233 0.1667766291663975 -0.0004665108899742917 -0.059073767116158124 -0.0019246838145181818 0.00038378009592278373
-0.012953282768091635 0.08399955772693865 -0.050634061748779324 0.005135917440099267 0.002111524773607579 -6.909385804327297e-05 0.09870462973960901 -0.6751027063302124 0.184530837244211 -0.010292115799910587 -0.0027801039951076815 0.15155599680029005 0.5824829591656913 -0.0765711957084979 -0.0009610448154984373 -0.3016609854793534 0.16704692060472381 0.0026715849887123475 -0.05890299653445059 -0.0029863924522316007 0.000866486090434374
-0.012952950514363057 0.08399740312514753 -0.05067192221052316 0.006417256553128834 0.0023032939652501863 -0.00045305833413781307 0.09870209795042119 -0.6751209269815213 0.1843725017418524 -0.010396125211515658 -0.0019981410949080855 0.15154974928068718 0.5825532308546819 -0.07655751411702705 -0.0010524051567564656 -0.3016349442795822 0.16690709372996643 -0.0005408757761607025 -0.059050587102475294 -0.00015361901718928336 3.3450484715072204e-05
-0.012953467510580737 0.08400075574659562 -0.050672460306605 0.006541773206936683 -0.0013001900894026208 -0.0001240404260680794 0.0987060374861479 -0.6751193159792009 0.1843990372156844 -0.009569746603917286 -0.002950383057327579 0.15155392203838258 0.5824988446824577 -0.07672713172116657 -0.0009041970064855567 -0.3016473135635191 0.16697791308862248 0.0005733981951001594 -0.059109480297209006 -0.0017468328249574648 0.000466535367720223
-0.012944192826558471 0.08394061119715007 -0.04830201491742663 0.012597691108166916 0.026326142051880504 -0.008648156985257853 0.09863536395351843 -0.6739673730437818 0.1874800486099162 -0.0025497346919100047 -0.016878366889525032 0.15173021495677075 0.5814917223400005 -0.07835490873447003 -0.007307186646924787 -0.302866801494781 0.1690597376540201 0.0036487174745556167 -0.04931585950517954 -0.004686446503307089 0.001132514124534259
-0.012944192826558471 0.08394061119715007 -0.04830201491742663 0.012597691108166916 0.026326142051880504 -0.008648156985257853 0.09863536395351843 -0.6739673730437818 0.1874800486099162 -0.0025497346919100047 -0.016878366889525032 0.15173021495677075 0.5814917223400005 -0.07835490873447003 -0.007307186646924787 -0.302866801494781 0.1690597376540201 0.0036487174745556167 -0.04931585950517954 -0.004686446503307089 0.001132514124534259
-0.012953467510580737 0.08400075574659562 -0.050672460306605 0.006541773206936683 -0.0013001900894026208 -0.0001240404260680794 0.0987060374861479 -0.6751193159792009 0.1843990372156844 -0.009569746603917286 -0.002950383057327579 0.15155392203838258 0.5824988446824577 -0.07672713172116657 -0.0009041970064855567 -0.3016473135635191 0.16697791308862248 0.0005733981951001594 -0.059109480297209006 -0.0017468328249574648 0.000466535367720223
-0.013427557301934243 0.08434907709899242 -0.05056324656074207 0.005924716687922423 -0.002226184178003275 -0.0007286774083189395 0.0994896915337292 -0.6754516840727545 0.1825208093608545 -0.00976337717244091 -0.0056986131772638745 0.15137254344116563 0.5822115985552053 -0.0768911789536575 -5.259522054598302e-05 -0.3022368600146255 0.16728942723874415 0.0016108318975380656 -0.05828488888986394 -0.001937445507315917 0.0005345224420166134
-0.012944192826558473 0.08394061119715009 -0.04830201491742664 0.012597691108166918 0.026326142051880507 -0.008648156985257855 0.09863536395351845 -0.673967373043782 0.18748004860991624 -0.002549734691910005 -0.016878366889525036 0.15173021495677078 0.5814917223400006 -0.07835490873447004 -0.007307186646924788 -0.30286680149478107 0.16905973765402013 0.003648717474555617 -0.04931585950517955 -0.00468644650330709 0.0011325141245342593
-0.012953467510580737 0.08400075574659562 -0.050672460306605 0.006541773206936683 -0.0013001900894026208 -0.0001240404260680794 0.0987060374861479 -0.6751193159792009 0.1843990372156844 -0.009569746603917286 -0.002950383057327579 0.15155392203838258 0.5824988446824577 -0.07672713172116657 -0.0009041970064855567 -0.3016473135635191 0.16697791308862248 0.0005733981951001594 -0.059109480297209006 -0.0017468328249574648 0.000466535367720223
-0.012953240960977575 0.08399928661581159 -0.05067041773986017 0.006608517413867356 -0.00022065927164275875 -0.00010323946799870486 0.09870431116741477 -0.6751116165578934 0.18440564507532267 -0.009710838986001877 -0.003056534151611395 0.15155480622030001 0.5825084043708861 -0.07668033554186823 0.0001422344668366477 -0.3016562367555401 0.1670686413961737 0.0017919987980316793 -0.05880764629671573 -0.0016833410349244046 0.00044149140386556693
-0.012952847606522237 0.0839967357875104 -0.050721818644206794 0.0060896850651575695 -0.008313763006483314 0.00015241272879141116 0.09870131378778789 -0.6750918270274072 0.18442963348998662 -0.009300057704422009 -0.0002822605069764497 0.1515459124122713 0.5824592043979916 -0.07674483125951465 0.0009902306278555058 -0.30163613560794156 0.16705984333111468 0.001622152629700522 -0.059089495469707 -0.001628828485986504 0.0004667235574543918
-0.012952773146122806 0.08399625292608195 -0.05058576633803335 0.0017707195457042691 0.0012386234299676952 -3.09503438198162e-05 0.09870074639600868 -0.6752793256145104 0.1840688903681543 -0.014332909009897666 -0.0030421129300046493 0.15146398464926078 0.5826769218194341 -0.07474046836990905 -0.0007243266649869229 -0.3012928822142222 0.16709070271050824 0.0005897580324778277 -0.060287776568279945 -0.0010348150125371479 0.00028660845169729365
-0.012952790123078931 0.08399636301839071 -0.050601031190336265 0.00189384508908369 -0.00034593790573094293 -0.00018577285159139068 0.09870087576122044 -0.6752843437507113 0.18403923119282078 -0.01428728936684468 -0.003121221705099884 0.15146261758182955 0.5826822132052153 -0.07473804786469458 9.088520370328193e-05 -0.30128427685984144 0.16710693438937138 0.0010512030846325723 -0.06025639310465691 -0.0017562374197930865 0.0005296075144958698
-0.013427602457883363 0.08434936075912126 -0.05052770107643813 0.006228740771489747 0.001103223671243081 -0.00019644550867511208 0.09949002611070012 -0.6754701436851694 0.18242400354582902 -0.009875762615186127 -0.004900779191508067 0.15134278960759343 0.5822284192239251 -0.07676523076031065 0.003174957803835142 -0.30207188635406446 0.16760132280349335 0.0008298509807989613 -0.05844675156795819 -0.0012479973418882046 0.00029609597343477193
-0.01295252103722897 0.08399461804819341 -0.05073627686226535 0.005854049663330526 -0.0024720848126483386 8.148212803211744e-05 0.09869882531426703 -0.6750737623879557 0.18454424455946433 -0.009803689203236056 0.0006870224470888868 0.15156835141006386 0.5825393624344343 -0.07666913694951623 0.0012093848432687337 -0.30170310289858726 0.16705841147436443 0.0006762548366083695 -0.05832560060226965 -0.0016829578337670063 0.0004897954889610415
-0.012952809132164896 0.08399648628867226 -0.05059089384454031 0.0020037561233767903 -0.000847921077503683 -0.0001375908746633052 0.09870102061135809 -0.6752719972128249 0.18410715397303293 -0.013933321264911327 -0.0021458072595488134 0.15146850954856936 0.5826683621954438 -0.07489198511036955 -0.00022965286650720627 -0.3013062131120624 0.1670891900727611 0.00028290587379728763 -0.060206998592712765 -0.0010037622640235789 0.0002866483078713299
-0.01342757576429271 0.08434919307562637 -0.050524357719318645 0.006246556759796934 0.001368473180800917 -0.0001730717262088869 0.09948982832810717 -0.675467964578592 0.18242521246082105 -0.009893752921461472 -0.005239089797619397 0.15134362065053844 0.5822300605916404 -0.0767806122488404 0.0029401537422898967 -0.3020736880070929 0.16754584259581945 0.0011748126700898635 -0.05853168319638093 -0.0018516716749877628 0.0005101463605357605
-0.013427602457883363 0.08434936075912126 -0.05052770107643813 0.006228740771489747 0.001103223671243081 -0.00019644550867511218 0.09949002611070012 -0.6754701436851694 0.18242400354582902 -0.009875762615186127 -0.004900779191508069 0.15134278960759343 0.5822284192239251 -0.07676523076031065 0.0031749578038351403 -0.30207188635406446 0.16760132280349335 0.0008298509807989563 -0.05844675156795819 -0.0012479973418881966 0.0002960959734347691
-0.01295278108246889 0.08399630439176624 -0.05058840690391517 0.002042193750422391 -0.0005524910221596072 -1.603776059465375e-05 0.0987008068713427 -0.6752687340334648 0.18411993405489985 -0.013917002768407752 -0.0015551220932816243 0.15146987333866072 0.5826684291247962 -0.07488621380992762 -0.000680425565604172 -0.301311777936225 0.16709603213291915 0.001503971658654952 -0.06015461338352922 -0.0014973972638607667 0.0004873063059642782
-0.013427575630887248 0.08434919223760144 -0.05052239338074587 0.006256486980594492 0.0014367854475985332 -0.00020825617318438123 0.09948982733965722 -0.6754705791306364 0.1824143272457466 -0.009926444099129982 -0.005337257138073628 0.15134179164378975 0.5822336280730179 -0.07675807621441574 0.0029885742814767737 -0.30206602947472105 0.16754502287115228 0.0010854052918837784 -0.05855859489466266 -0.0018848436392783364 0.0005328838553354146
-0.012952726354604533 0.08399594949204824 -0.050589998059261836 0.0020830974897838588 9.54085481716148e-05 -8.05377607502793e-05 0.09870038984241766 -0.6752664156319129 0.18412862904851843 -0.013923131725761838 -0.0017710839348827967 0.15147127834617377 0.5826743659209829 -0.07490865850000201 -3.2698494152287256e-05 -0.3013182767336007 0.1670666565477817 0.0008053208556582636 -0.060132035819603476 -0.001214111140497851 0.00036625008236987095
-0.013427575622216945 0.08434919218313644 -0.05052238031816004 0.0062565489708898215 0.0014370069387158143 -0.00020833093240403295 0.09948982727541578 -0.6754705796634729 0.18241432983634215 -0.009926425474309301 -0.0053371258082812205 0.15134179098217074 0.5822336277548044 -0.07675807921107683 0.00298858756447801 -0.3020660296232193 0.1675450228940231 0.0010854005260770893 -0.058558594391536226 -0.0018848450637660398 0.0005328869800836282
-0.012952767044516368 0.08399621335833292 -0.05058787353603771 0.002059512474738 -0.0002908468313033336 0.0008345538193324359 0.0987006999014779 -0.6752689665076984 0.184119427875989 -0.013928406375779875 -0.0013954930783297921 0.15147009001288517 0.5826713918012316 -0.07489562406834549 0.0002684973937043828 -0.30131210447030443 0.16709183682328707 0.0009489381914825431 -0.060139757319923375 -0.0013137505725851453 0.000375211100822346
-0.013427575327984586 0.08434919033483096 -0.05052421036467245 0.006247333216070062 0.001370399575248585 -0.00017107287916756254 0.09948982509534043 -0.6754691001193763 0.18242047487316315 -0.009908208808740148 -0.005276560343857634 0.15134285522551907 0.5822314909700821 -0.07677027718458401 0.0029753874848290904 -0.30207054997538574 0.1675470572030896 0.0011476860754497922 -0.058539402542027816 -0.001876635674054364 0.0005251263849997334
-0.013427575442008226 0.08434919105110336 -0.05052381437073028 0.0062491528349798015 0.0013921503641241195 -0.00021220598601183634 0.09948982594018334 -0.6754678617240696 0.18242554398251304 -0.009892527928398743 -0.005211158763727574 0.15134366291879792 0.5822300572127481 -0.07678089090494876 0.002947768188756947 -0.30207379019002645 0.16754754359255675 0.0011565235599619768 -0.058526998861339274 -0.0018838597191717036 0.0005289110400156002
-0.013427470185176435 0.08434852984993176 -0.050538277372110585 0.006152909955042224 0.0008867857630957597 -6.218968745540911e-05 0.09948904605375343 -0.6754710960059919 0.18241510823339102 -0.009940199637966884 -0.004414330293244234 0.15134073024025382 0.5822366483770061 -0.07670261720035398 0.0036483894436354397 -0.30206341024963246 0.16770237920053635 -5.863281473558912e-05 -0.05823639697605722 -0.0011365623765800345 0.00035578499667158076
-0.013427467453445842 0.08434851268977751 -0.050534936824764724 0.006172027588299997 0.0009743983285287939 -5.197102927939405e-05 0.09948902581336065 -0.675473695144841 0.18240449206201484 -0.009976806673675514 -0.004642913287049151 0.15133910997823743 0.5822400852182585 -0.07668824852345948 0.003593345049186163 -0.302056992347034 0.1676875232254545 -0.00012894410190812422 -0.05828899838151014 -0.0008225185041454365 0.00024346816751314148
-0.01295276704451637 0.08399621335833293 -0.05058787353603772 0.0020595124747380005 -0.00029084683130333367 0.000834553819332436 0.09870069990147791 -0.6752689665076985 0.18411942787598903 -0.013928406375779877 -0.0013954930783297923 0.1514700900128852 0.5826713918012317 -0.0748956240683455 0.00026849739370438287 -0.3013121044703045 0.1670918368232871 0.0009489381914825432 -0.06013975731992338 -0.0013137505725851456 0.00037521110082234605
-0.013427570790965467 0.08434916183423573 -0.05052570575301533 0.006240050109481277 0.0013254779395114825 -0.0001694930634830571 0.09948979147890352 -0.6754680826220456 0.18242383307392135 -0.009901145883585934 -0.0052865261089538925 0.15134352166748324 0.5822303956525609 -0.07677882873322776 0.00292087147807831 -0.3020732827226517 0.1675453972552368 0.0011174758448184074 -0.058533141158184164 -0.0018863884252655154 0.000533830110523478
-0.01342757565223957 0.08434919237173223 -0.050524124069627765 0.006247345204463893 0.001375458800352143 -0.00020517770709110517 0.0994898274978644 -0.6754681225853286 0.1824245805610694 -0.00989581129168175 -0.005261057941302199 0.15134351112967132 0.5822302784043365 -0.07678028625295527 0.0029150474049384704 -0.30207323549380166 0.16754437226564417 0.0011326714082716125 -0.058536150387868115 -0.0018599579795139773 0.000524260371712267
-0.013427535262365618 0.08434893865108034 -0.05052185997916485 0.006269300389221667 0.0015004336924751974 -0.00018841549620457403 0.09948952823449055 -0.6754677701785258 0.1824202149808037 -0.00991746831960282 -0.005271425398328797 0.1513434030089584 0.5822302447615734 -0.07677336349295992 0.002991085439446687 -0.3020741239706447 0.16755088749623245 0.0011433747151975697 -0.058529263792133676 -0.0018576518796018643 0.0005159570008044852
-0.013427528388489733 0.0843488954708448 -0.05052421765693886 0.006255186461291651 0.001458928214731145 -0.00021275498538340901 0.09948947730342575 -0.6754671244669844 0.1824244994824032 -0.009922983549598516 -0.005213830706978266 0.15134341574040974 0.5822332207204225 -0.07678305593684405 0.0029942267119399766 -0.3020732836468814 0.16754469959441426 0.001024082149140126 -0.058514120508327376 -0.0017321269904830437 0.00047480801270871403
-0.013427556350902065 0.08434907112480929 -0.05052360897483464 0.006252892504833738 0.0014372450055922677 -0.0002097999631718831 0.09948968448718337 -0.6754656576439092 0.18243150212961892 -0.009883926561670748 -0.00520771497578068 0.15134469663343925 0.582229391918547 -0.07679470078941407 0.002879517004668337 -0.3020772646555191 0.16754197374605523 0.001139866487653474 -0.05852353492445472 -0.0018487276409925887 0.0005162849214712201
-0.013427575020422253 0.08434918840278936 -0.05052246952897936 0.006256683070429207 0.0014259278536609737 -0.0001578481958721881 0.0994898228164984 -0.6754692333730425 0.18242009841777193 -0.009908566921133698 -0.005261453095730828 0.15134270558404275 0.5822318681298588 -0.07676905599956917 0.0029810574524320854 -0.30206989499000203 0.1675468424288372 0.0011356328505705325 -0.05854177836017237 -0.0018748279192107738 0.0005269651168333336
-0.013427541424347407 0.08434897735934763 -0.05052468504355108 0.006252260437212981 0.0013801275971575312 -0.00023113308002645962 0.09948957389087121 -0.6754658293927159 0.1824275876246072 -0.009897891831295934 -0.005214305197801894 0.15134529132728286 0.5822270149651709 -0.07679074390754942 0.0029470339535152255 -0.30208269957906203 0.16755357482489563 0.00116132321497016 -0.05849237066244976 -0.0018905980601465428 0.000527879241773156
-0.013427555905744641 0.08434906832842444 -0.05052387135902065 0.006251936799550842 0.0014365208296722755 -0.00021512307450804322 0.09948968118884895 -0.6754667069552084 0.18242697691054943 -0.00989817588556141 -0.00519932449838957 0.151343973934032 0.582230918311958 -0.0767832564346926 0.0029670665369286686 -0.30207404309653696 0.16754622478033168 0.001164771027160468 -0.05852390005040496 -0.0018819527184455352 0.000526039208290402
-0.01342756971379012 0.08434915506764785 -0.05052404934091937 0.006248336738855581 0.0013839954770824238 -0.00026542834284457446 0.09948978349771673 -0.6754651762136892 0.1824358636971398 -0.00986334777168238 -0.005166537958045982 0.1513454737624219 0.5822265977602707 -0.07680601384703996 0.002827560187793124 -0.30208163938777244 0.16754271988122074 0.0011717356243781752 -0.058512718877070824 -0.001818244806620492 0.0004993196314807207
-0.013427565713739938 0.08434912994017801 -0.0505226427274525 0.006257146933667411 0.0014246309811246415 -0.00020698105352992728 0.09948975385987943 -0.6754691241949273 0.18241934202168883 -0.009912426008195556 -0.005307145788732177 0.1513427180530725 0.5822315554481254 -0.07676980820400899 0.002932497873839845 -0.30207038846813117 0.167546281042882 0.0010508033282053495 -0.05854431971064898 -0.0019103246950249383 0.0005509917548464339
-0.013427555815698955 0.08434906776277644 -0.050525794177943596 0.006240856638105298 0.0013427720758155588 -0.00022109266832777533 0.09948968052166743 -0.6754662344419786 0.1824292827713933 -0.009891570069151923 -0.005219902572064107 0.15134443695613872 0.5822296753442558 -0.07678962672917376 0.002919592165496451 -0.30207639885426857 0.1675453885567613 0.0011504702233890805 -0.05851876598086139 -0.0018855669514468265 0.0005273906524582275
-0.013427574671747227 0.08434918621248656 -0.0505227443094457 0.006254607934289893 0.0014232333159422295 -0.00021921365493841457 0.0994898202330374 -0.6754682683571882 0.1824239008740886 -0.009897381840952965 -0.005251578461940641 0.15134335500106016 0.5822306298901642 -0.07677858512075597 0.0029265642619199874 -0.3020726003629223 0.16754438168324493 0.0011341977332474103 -0.05853846556410914 -0.001853622384788687 0.0005171366840578425
-0.013427558063376869 0.0843490818822141 -0.050523931570657966 0.006250691271533758 0.0014299326751901912 -0.00023248528420643193 0.09948969717553657 -0.6754671644326202 0.18242538821370693 -0.009902660506150726 -0.005298462447528681 0.1513437625864622 0.5822310221200537 -0.0767835509118806 0.0028873022702478593 -0.3020736763275118 0.16753941431338096 0.0011107395614009057 -0.05854199833137245 -0.001811626102681739 0.0005063684244809342
-0.013427554745477016 0.08434906103986847 -0.05052206384126578 0.006262207474053778 0.00147541146910189 -0.00020959253454696155 0.09948967259200098 -0.6754673840734088 0.18242528759076718 -0.009902670109489477 -0.005382191893712285 0.15134351243407518 0.5822310578651583 -0.07679546613098717 0.0028198129100387454 -0.302073198516072 0.16751337899544785 0.0011618514012380668 -0.05860445398181093 -0.0015282277647495565 0.00038489196025719716
-0.013427575063263347 0.08434918867190806 -0.050522224487379516 0.006257653665008284 0.0014467576952740182 -0.00021482251662456703 0.09948982313392377 -0.6754684259215047 0.18242319912424074 -0.009899486612321194 -0.005245854566225657 0.15134321078822105 0.5822310287917796 -0.0767767731023127 0.0028998448070939975 -0.3020717963387375 0.16754683061444453 0.000999047288412865 -0.058533467853075775 -0.0019792942425518253 0.0005888439621374357
-0.013427568704487906 0.08434914872742465 -0.050529940586941165 0.0062191344687903645 0.0012331385838566114 -0.00021583045865167854 0.09948977601942686 -0.675453459787766 0.18248319237545438 -0.009722112101034535 -0.00481489006051586 0.15135329402282452 0.5822118531457399 -0.07690783060398057 0.0024282921678595165 -0.3021135629023184 0.1675390796954086 0.0012232019951699052 -0.05841080862729829 -0.001814732407758541 0.0005089612659779775
-0.01342753437153038 0.08434893305504168 -0.05053472789697228 0.006187281989403064 0.0004915112261087267 -6.582375510336785e-05 0.09948952163396593 -0.675448863865447 0.18250752531997402 -0.009638565272842094 -0.0042011412839853 0.1513570823245516 0.5821997449755698 -0.07694864953765897 0.0024546303851646265 -0.3021346976024784 0.1676077140062023 0.0009122251232505056 -0.05822429263736561 -0.0015365106863195822 0.00042298694113926253
-0.012952691377260345 0.08399572267067061 -0.05059561917689242 0.001999571101296452 -0.0010163926747374299 0.00015542960146429529 0.0987001233133942 -0.6752672018672817 0.1841191613197418 -0.013932658112684739 -0.001979386292120697 0.15146928283859745 0.5826718217366583 -0.07488930336355441 -0.0007702719386938996 -0.3013105614260338 0.1670814544635917 0.0009307785409323374 -0.060168356335462296 -0.0016199563333061454 0.000422249493024857
-0.013427517792226 0.0843488289073555 -0.05052373511206989 0.006268591010398387 0.0014529176056396816 -0.0003150882719258809 0.0994893987918256 -0.6754687611968073 0.18242070613093664 -0.009941278844758745 -0.004609529936585533 0.1513425777722275 0.5822369833659713 -0.07678272499905107 0.0035665957337996917 -0.30206754457656587 0.16757859751705048 0.0005732026803939218 -0.058437809102592116 -0.0012864700479664215 0.0003284093372482099
-0.013427547868774852 0.08434901784187883 -0.05052251876799551 0.006261768099571754 0.0014219259242854577 -0.00023228188637110098 0.09948962163999522 -0.6754670056562292 0.1824257107628266 -0.009897371778168946 -0.0052436239900139755 0.1513442168659642 0.582228660692671 -0.0767854683626683 0.002919251489648082 -0.3020773663276861 0.16754801169807015 0.001139358975548494 -0.05852161671480303 -0.0018564773495843567 0.00051806506889646
-0.013427567964713935 0.08434914408032092 -0.05052116415000607 0.006264292911676662 0.0014785347058533797 -0.00023826362396016726 0.09948977053817046 -0.6754733366886572 0.1824018484748634 -0.009965968320828834 -0.0054134549024029205 0.15133984898391553 0.5822372801798243 -0.07673101101680362 0.003129365727509011 -0.302058262901301 0.16754819995487694 0.0011259016084667944 -0.0585790555685955 -0.0018631591595340488 0.0005168690193515992
-0.013427575498244426 0.08434919140436727 -0.05052321500623235 0.006253091589924093 0.0014026070641863949 -0.0001500140954014399 0.09948982635685795 -0.6754692533701251 0.18241998293735034 -0.00990957804601338 -0.005286086417913712 0.15134272345918995 0.582231840934112 -0.07676961978221912 0.002956846622037661 -0.3020699029232625 0.16754563597831218 0.0011096367158770495 -0.05854406055576208 -0.0018850699604712313 0.0005341218955095754
-0.013427526536214636 0.08434888383524411 -0.050518110650703746 0.006301378542496677 0.0015966918506876186 -6.922201510013549e-05 0.09948946357924093 -0.6754685295413987 0.18242475519282916 -0.009924166711830629 -0.004307547760857837 0.1513431134492312 0.5822351908427024 -0.07679458796879322 0.003263730299504935 -0.3020715977111212 0.1676143955480809 -0.000765955052168768 -0.058358011294396835 -0.0004203093887081492 0.00017441957738588353
-0.013427562720682426 0.0843491111384233 -0.050513310003067954 0.006261179378234422 0.0016797111072080796 -0.00019376875217868843 0.09948973168321977 -0.6754721793166517 0.18241070976809126 -0.009965506813717445 -0.005410791451628348 0.1513404401582059 0.5822365900888002 -0.07674467595586862 0.002892237729449223 -0.30206101233018606 0.16753260591155053 0.0009461171662532 -0.058604181744610316 -0.001747065709018822 0.00048240004497705937
-0.013427553086237052 0.08434905061687367 -0.05052639588381624 0.006239405635899496 0.0012455705561905037 -0.0003352033654540468 0.09948966029808419 -0.6754660361245187 0.18243297055233082 -0.009874324059083651 -0.005246413456862773 0.15134453595949196 0.5822284414259974 -0.0767986889354658 0.002773191061542777 -0.30207761657854354 0.167538373153689 0.0011069544365789052 -0.058530655028927285 -0.001959564040029889 0.0005495030293297423
-0.013427548232701944 0.08434902012799186 -0.05051766876455611 0.0062755518183108105 0.0016310842933188181 -0.0003584347250769222 0.09948962433646438 -0.6754653961352493 0.18242898080792871 -0.009888734811657331 -0.005441361970919677 0.15134394268407833 0.5822292964659515 -0.07678276975869093 0.002697460503764865 -0.30207463066839657 0.16752655373814057 0.0014408927532074034 -0.05857677310912874 -0.0021444806982691142 0.000606199075340915
-0.013427574034574058 0.08434918220989938 -0.05052339257053421 0.006251032308144161 0.001397363755808184 -0.00022436535917204513 0.09948981551198796 -0.6754693525252784 0.18241931215949295 -0.00991192921742355 -0.005268401386749254 0.15134264480560866 0.5822319921748276 -0.0767678096462505 0.002988412864483339 -0.302069637869188 0.16754775976905717 0.0011273245561866012 -0.05854015374040067 -0.0018988764211590075 0.0005352929132215954
-0.01342757124044543 0.08434916465777387 -0.0505218229880019 0.006260653151794968 0.0014553050260351858 -0.00019299524347495873 0.09948979480926529 -0.6754686384997503 0.18242256492271475 -0.009902531704388956 -0.0052149008782517185 0.15134305238657253 0.5822314590098581 -0.07677373040309896 0.0029665662900526424 -0.302071514292778 0.16755111849288096 0.001123664513627948 -0.05852627898155005 -0.0017783746130215462 0.0004895335965765024
-0.013427555274305778 0.08434906436185893 -0.05052334284053526 0.006254549263469073 0.0014338050994761008 -0.00023667322487632474 0.09948967651028703 -0.6754667699809078 0.1824270504714521 -0.009897853520551008 -0.005193862487927553 0.1513439880635025 0.5822308398381023 -0.07678407946327581 0.002953731871589497 -0.3020742440561799 0.16754604999405484 0.0011418993766018888 -0.05852352630475523 -0.0018927119008139031 0.0005301018949878577
-0.013427550591415701 0.08434903494493323 -0.0505242808093909 0.006249534801221072 0.0014170029802920716 -0.00023405139914844863 0.09948964181303876 -0.6754659841239623 0.18242918713897838 -0.009894267045184679 -0.0052244829797722875 0.15134442123886338 0.5822301958915928 -0.07678962153909966 0.002893168517448591 -0.3020760656146002 0.16754490462176969 0.0010614190857056616 -0.05851877295041552 -0.0019336740280285925 0.0005710094572862333
-0.013427542529234504 0.08434898430001482 -0.05052247955781583 0.006261759946604136 0.0014838638583779468 -0.00021927404197107577 0.09948958207738452 -0.6754660569045878 0.18242888106231503 -0.009894340963379922 -0.005229624376075354 0.1513441265434413 0.5822307930265603 -0.07678619980273771 0.0029041517662464224 -0.3020753053702595 0.16754577249181776 0.0010805553002097006 -0.058521697993362445 -0.0018084579844038315 0.0005060139897848958
-0.013427546564624429 0.0843490096494815 -0.050521860347257766 0.00626359669350213 0.0015293932319328137 -0.00023265389313469032 0.09948961197706693 -0.6754676214870975 0.18242199644731874 -0.009916968206190604 -0.005229656179274798 0.1513432435659984 0.5822329717236223 -0.07677091765508991 0.002950914015342884 -0.3020713792959646 0.16755455066674393 0.0010061365926895027 -0.05851250037058875 -0.0018842036068842417 0.0005264586780043659
-0.013427555231359125 0.08434906409207714 -0.05052346831661037 0.006254622001232431 0.0014195655127728984 -0.00014576993351628513 0.09948967619207955 -0.6754663050613209 0.18242914924500997 -0.009891277019740406 -0.005199989579057175 0.15134430656626344 0.5822301079794193 -0.07678843109868998 0.002929846576866802 -0.30207573818512196 0.167544571518078 0.0011622169987561034 -0.058522566499032425 -0.0018636599253708888 0.0005168802817300899
-0.013427555171185039 0.08434906371407623 -0.05052405832940037 0.00625163228167882 0.001394433914561655 -0.00014272354916837566 0.09948967574622769 -0.6754683803106665 0.18242052436079456 -0.009918254844046195 -0.005294486986002182 0.15134295093036437 0.5822326476925008 -0.07677066948735733 0.0029857416095748768 -0.3020701177926299 0.16754393032459072 0.001155864652343302 -0.05854308967022783 -0.0018488398649473925 0.0005110258653470762
-0.013427358890644867 0.0843478307212062 -0.05051115190955611 0.006358412354372574 0.0022513774311464607 -5.296496644422861e-05 0.09948822143179381 -0.6754422359525172 0.1824972919223772 -0.00975146542928017 -0.0046504032339046205 0.15135574021950737 0.5822164929487873 -0.07693396619517408 0.002507530046666897 -0.3021192662585528 0.16752872448635578 0.0011858644252205437 -0.05839400357287524 -0.0017401782714634858 0.00047598811155528486
-0.013427551834625738 0.08434904275451588 -0.05052530902102019 0.006244186864907578 0.0013650646687047721 -0.00020799371445808448 0.0994896510244374 -0.6754671776015162 0.18242449480478826 -0.009907630054223338 -0.005254561673729693 0.15134377555953366 0.5822310007378789 -0.07677909473125057 0.002972173682880015 -0.3020738302856491 0.16754744926047738 0.001144818798935492 -0.058523242656441266 -0.0019020812609999277 0.0005338006873096445
-0.013427554814695984 0.08434906147468736 -0.05052010535746715 0.006265012606192026 0.001505478475658802 -0.00029068524512234755 0.09948967310486964 -0.6754702348213237 0.1824134786072328 -0.009938317219845158 -0.005313154878235815 0.1513415954612318 0.5822348394509453 -0.07675446572693449 0.0030556710293421553 -0.3020651817565779 0.1675452949906624 0.001146123891091633 -0.05855820290879188 -0.0018512526521967255 0.0005180672800128915
-0.013427555769937575 0.08434906747531314 -0.050525554267988146 0.006242835441222247 0.0013689545391210676 -0.00020697186069464223 0.09948968018260462 -0.67546733228515 0.18242441770125892 -0.009906745876203913 -0.0052479501516732524 0.15134363428073716 0.582231372409088 -0.07677835929485065 0.002972813850784605 -0.3020728226511613 0.16754668046636806 0.0011464201976357177 -0.05852720371302602 -0.0019014500562964719 0.0005323772759918237
-0.013427572462879423 0.08434917233684583 -0.05052119313481866 0.006262667738767272 0.001472237425779766 -0.0002450240713302473 0.09948980386672658 -0.6754711088666394 0.18241206804221727 -0.00993354619601767 -0.00534872855011607 0.15134132775979642 0.5822345854419925 -0.07675328128587161 0.003025056284745035 -0.3020641231871019 0.1675431433281941 0.0011459621509441603 -0.05856931693810851 -0.0018174138980811786 0.0004934781765866222
-0.01342754610229448 0.08434900674522246 -0.05052165938848562 0.006267069351906863 0.0014445280646050865 -0.00019721916052333434 0.09948960855149498 -0.6754678350404506 0.18242219466613926 -0.009907727735619331 -0.005252177496285526 0.1513436387094471 0.5822297391640459 -0.07677702808897206 0.0029662698497711303 -0.3020750332808582 0.16755005896920752 0.0011419261482251664 -0.05852538666477026 -0.0018705455655303371 0.0005230678139444054
-0.01342754221007168 0.08434898229510143 -0.05052391795000348 0.00625609583695742 0.0014060287952774204 -0.00022812187666951492 0.09948957971259023 -0.6754663791813501 0.1824268431953578 -0.009895325371882225 -0.005208423008491883 0.151344595137374 0.582228062709541 -0.0767875888828478 0.0029364611632096242 -0.3020792160685785 0.16755114477366914 0.0011428758630131128 -0.0585107758977307 -0.001875963056274697 0.0005262148685169108
-0.01342755070223124 0.08434903564105299 -0.05051550917179928 0.006266738333191589 0.0016680221674247378 -0.00021566233244242248 0.09948964263411171 -0.6754638967181051 0.18244134362513664 -0.009872038780488337 -0.005499177413033156 0.15134539552275877 0.582227751302201 -0.07682076833931982 0.0023887802192823562 -0.30208049723725816 0.16750642995921042 0.0008549337029239975 -0.058593774252916835 -0.0013978182170098594 0.0003884951695858362
-0.01342755516557042 0.08434906367880644 -0.050516282820764216 0.006242911094092638 0.001421360208187033 -0.0002972562259354411 0.09948967570462694 -0.6754704330465339 0.1824205301749414 -0.009932938155977426 -0.0049704924054142455 0.15134218971556354 0.5822318062757887 -0.07675868660910916 0.0031955305575057965 -0.3020707247811812 0.16756749227241963 0.001106556641244805 -0.05849016943502775 -0.0020368111963159803 0.0005798366298511912
-0.013427572606128393 0.08434917323670559 -0.050522469484818255 0.006255478312799769 0.001419964722630312 -0.00024910224172116654 0.09948980492811069 -0.6754712505744129 0.18241158102028707 -0.009935172519503658 -0.005344711249011545 0.15134129969181548 0.5822344735136735 -0.07675172040220443 0.003035649246535267 -0.30206416104813627 0.16754655199791924 0.0011107460169707938 -0.05856112347811994 -0.0018864534599747265 0.0005318384590418198
-0.013427573352424853 0.08434917792478223 -0.05052272675511903 0.006255046245395227 0.0014230413999026892 -0.000199493463479619 0.09948981045769459 -0.6754685497849654 0.18242259465544797 -0.0099017551113602 -0.005272873057384542 0.15134314387288242 0.5822310475601312 -0.0767757304401407 0.002935800742764566 -0.3020717738154512 0.16754377982752056 0.0011483691962378814 -0.05854301745515917 -0.001827739082528348 0.0005043322953199426
-0.013427555223802314 0.08434906404460685 -0.050522048498277954 0.006261627436901071 0.0014907534437187415 -0.00019730836021082502 0.09948967613608839 -0.6754681766484836 0.18242096589912207 -0.009916096231905164 -0.005268202003909161 0.1513429191282697 0.5822329774264564 -0.07677111975820107 0.003000149971041726 -0.3020696801796027 0.16754253226309251 0.0011869644094313007 -0.058547425059746805 -0.001810590825207812 0.0004895609751902686
-0.013427534774870969 0.08434893558874199 -0.050519618749840935 0.006270038330487911 0.00160632658930018 -0.000280541515834939 0.09948952462246409 -0.6754653232931241 0.18242989615528318 -0.00989985850456701 -0.005200716908746189 0.15134427425043795 0.5822316320097327 -0.07678907565775747 0.002916853293455394 -0.30207467605898397 0.1675393574470865 0.0011413064368968541 -0.05853397889039238 -0.0018167497850240235 0.0005050647790871168
-0.013427571644773626 0.08434916719767811 -0.05052183277436713 0.006259834391427287 0.0014622092394854355 -0.00024191570254431134 0.09948979780508102 -0.6754679797768067 0.18242491456393276 -0.009894615125304757 -0.005236288103570721 0.15134341455852013 0.5822307385746297 -0.0767801712412317 0.0029154003067640693 -0.3020726956636842 0.16754396345068934 0.0011215052240317398 -0.058538160254715296 -0.0018432627534864688 0.0005257336913914856
-0.013427551769992272 0.08434904234850214 -0.05052406228010651 0.006251226975614185 0.0014145040615412454 -0.00020052539913791373 0.09948965054554439 -0.6754670162470333 0.1824251176055432 -0.009905488699860639 -0.005263417146912266 0.151343824711696 0.5822310255166969 -0.07678116046296489 0.0029467701124687006 -0.3020739259425854 0.16754422498050103 0.001148757546976294 -0.05853039092579672 -0.0018546235690499243 0.0005228414570764998
-0.013427558925083224 0.08434908729527132 -0.05052454229054412 0.0062478638484812455 0.00141311856934137 -0.00020641948705836147 0.09948970356023469 -0.6754664928389084 0.18242785760292624 -0.00989622896339175 -0.005248196505780784 0.15134426858622319 0.5822302393113049 -0.07678745155763507 0.0029048441574017563 -0.3020755692776356 0.16754310564391298 0.00112208498504982 -0.058525765261657495 -0.001872449976342364 0.0005282545647002632
-0.0134275557893401 0.08434906759719575 -0.05052542163104615 0.006243621292841745 0.0013686665665688404 -0.000186934051264443 0.09948968032636502 -0.6754670618088868 0.18242564159224423 -0.00990301832061 -0.005288352663308186 0.15134381589673784 0.5822309095509707 -0.07678283365542825 0.0029148938523303487 -0.3020737529508744 0.16754201287732526 0.0011354789123356479 -0.05853548122969972 -0.0018461272899153451 0.0005156698468290339
-0.013427547769717075 0.08434901721961878 -0.05052512806186757 0.006245410023218779 0.0013861052832590587 -0.00030084134374375307 0.09948962090603987 -0.6754642063626665 0.18243680454613762 -0.009870542111627651 -0.005165062931765468 0.15134552930375783 0.5822279834524506 -0.07680648466001465 0.002847993012014911 -0.3020806874674464 0.16754202578658528 0.0011524581349188518 -0.05850961112610594 -0.001864943436391289 0.000522356187266669
-0.013427569724371324 0.08434915513411674 -0.050523139137686725 0.006254239779878689 0.0014133656217263258 -0.0002432639398255159 0.09948978357611679 -0.675467465955535 0.18242733877517442 -0.009891232156092907 -0.005325986684092493 0.1513438922784378 0.5822299831322763 -0.07679293504907088 0.0028114865052764207 -0.30207490523993585 0.16753129164584563 0.0010983745328606014 -0.058558649195631966 -0.0015606521625007664 0.0004284201060840118
-0.013427554644560379 0.08434906040593144 -0.050524213364221 0.006248675039877414 0.001379237102050384 -0.00020522974017123493 0.09948967184427264 -0.6754697701677522 0.1824145885680806 -0.009935295965080722 -0.005331831922153397 0.15134204292202227 0.582233985333394 -0.07675740977804202 0.0030506091527534697 -0.30206688279449545 0.16754816822123492 0.0011314635506779716 -0.05854567311419554 -0.0019073089357002214 0.0005351472699297324
-0.01342755793030671 0.0843490810462955 -0.050523703957989455 0.006255696441990306 0.0013724956384348229 -0.00020489381548774812 0.09948969618957101 -0.6754702182987875 0.18241612498156454 -0.009932889973120505 -0.005599000114263398 0.15134198104950633 0.5822337073768443 -0.0767704583054573 0.0027466639932907243 -0.3020683571311947 0.1675317208461093 0.0009653175089524527 -0.058576811397466386 -0.0011045385926630852 0.0002503242611963433
-0.013427548229551828 0.08434902010820353 -0.05052524759953776 0.006246827369144337 0.0013621122968635062 -0.00010153099778768567 0.09948962431312403 -0.67546869302559 0.1824186054137373 -0.009926430034215818 -0.005346808726769404 0.1513425274574525 0.582233614232819 -0.07676610980939315 0.0029827093477085703 -0.30206818413373954 0.16754330322254504 0.0011121998639455363 -0.05854862823356986 -0.001887102412559285 0.0005323113328909088
-0.013427557342330285 0.08434907735275185 -0.050523672582566945 0.006252489786030898 0.0014378515926051025 -0.0002137628848198041 0.09948969183303828 -0.6754686555475229 0.182418619574059 -0.009924487817976656 -0.005309999669461779 0.15134281063417493 0.5822329816697756 -0.0767673139998162 0.002993289290212286 -0.3020696808488427 0.16754530262901568 0.0011132591286846063 -0.05854109897875723 -0.001887504854194814 0.0005324716436274922
-0.013427562831727512 0.08434911183598508 -0.05051869023171349 0.006279484848766501 0.0015345650083149142 -0.00021264301509415056 0.0994897325059935 -0.6754619186114134 0.18245085177285833 -0.009819262954856868 -0.005002703118759603 0.15134739109139372 0.5822238918417376 -0.07684130041443181 0.0026282575281216555 -0.3020890008521712 0.1675363090326081 0.0008695877309937331 -0.05849309150247247 -0.0018238474827549911 0.0005470834438861232
-0.013427547832750656 0.08434901761558244 -0.050525533661402944 0.006243831796284818 0.001345048740598182 -0.00021017049056614706 0.09948962137307876 -0.6754669649044333 0.18242529423532522 -0.00990461733253567 -0.005221498188421302 0.15134393485564632 0.582230411296779 -0.07678025116495533 0.0029955568351344134 -0.30207477374068153 0.16755040589963965 0.0011723552254444896 -0.05851560059348309 -0.0019119925570492571 0.0005339379742497752
-0.013427547646926939 0.0843490164482771 -0.05051836027414856 0.006280805297017258 0.0016150253736032225 -0.00026850904346970646 0.09948961999624276 -0.675468897951267 0.1824176210036813 -0.00992744434625479 -0.005370675540127117 0.15134216354311808 0.5822346561413819 -0.0767680412043436 0.0028700855396205016 -0.3020667818713769 0.16753431085588058 0.000898115136173033 -0.05857415382537286 -0.0018371161006274955 0.0005417121674875829
-0.013427544099660592 0.0843489941650996 -0.05052241189850514 0.0062626748920947915 0.001412713408065016 -0.00023162855288013753 0.09948959371324674 -0.6754658350682436 0.1824303772002595 -0.009883280365768604 -0.005198328612728857 0.15134500637431292 0.5822269695843358 -0.07679556327992865 0.0028879870098331498 -0.30208101745769783 0.16754913052650267 0.0011410573856969447 -0.05850783421830878 -0.001869345911541088 0.0005255463866723753
