-0.0009085068391751379 -0.009740809994000905 0.00971198815553903 0.029936009761759624 0.025738696910066056 0.0018246934802281952 -0.009750303258111166 -0.06015571578523625 0.15686972155508186 0.30089150904387296 0.007351076057475936 0.0017664429045296391 0.06646156665257949 0.7794224050967019 0.017152066522962826 0.0830550924969992 0.5070281752927444 0.02637132868352826 -0.04787694526868176 0.012534801138247948 -0.0014625446346366849
-0.0009079833344905557 -0.009735197092211288 -0.002536750157899186 0.027456192318792823 0.02904599381686959 -0.00016655445474128756 -0.009744684886061979 -0.05447804232334719 0.16011492583256354 0.3003394551306314 0.005008703583630755 -0.004210483158145755 0.06514018801700659 0.7795389953602988 0.016101397815059072 0.08237873443675285 0.5071858719160223 0.024908834889751288 -0.048883073350153274 0.011553353776487094 -0.0018502744442580915
-0.0009086835306281025 -0.00974270444079721 -0.0029552423285713085 0.034494893716536024 0.03454122089336153 -0.001559373832828391 -0.009752199551210169 -0.0572239326285768 0.15788228567840437 0.2969983241837712 0.002982740759501959 0.0014876968593401975 0.06567489451947657 0.7808609730066451 0.018220701015785098 0.08316160973061332 0.5065527355442829 0.026060980982763826 -0.04739514456932798 0.012977551078885867 0.0001316461876410134
-0.000908705432463592 -0.009742939267447733 -0.0018108040624411185 0.03728206985883074 0.03338687781098284 0.0004315540416430483 -0.009752434606719628 -0.05754970164385063 0.15703425975874705 0.29724240383587 0.0037985669808179184 0.0014847380900277058 0.06591670531113906 0.7806932088520939 0.01730036292604208 0.08316783565994455 0.5067331208858152 0.026694509575427152 -0.04752177442320436 0.01286887806091759 -0.0012494709374237826
-0.0009086791683863509 -0.00974265766980307 -0.002453246341341521 0.03369640911654755 0.034312086013700685 0.00047769043429543085 -0.009752152734633639 -0.05718785995336436 0.15780260065705565 0.2972660474683625 0.0046927010182106635 0.0018251925352386854 0.06578897696951917 0.7807732965727827 0.01684017956609479 0.08291536941034217 0.5066591568521513 0.02690355778639039 -0.0474212044927982 0.012315620982333644 -0.0020348683529448357
-0.0009087049787213557 -0.009742934402523532 -0.0016575438276917513 0.03710727983946601 0.03345013008644956 0.0005878862265868223 -0.009752429737054136 -0.05758896561497037 0.15704860876028745 0.2972421539774964 0.004352047139409091 0.0014945114559515307 0.06592135935828174 0.7806933869001029 0.017249207020808066 0.08316437079548385 0.5067343736877887 0.02664899857843924 -0.04752129699624878 0.012805356652335977 -0.0012552099068164578
-0.000908704778191008 -0.009742932252481365 -0.0016741369427880795 0.03725402167207416 0.03338643391351798 0.0004628143756504327 -0.009752427584916564 -0.05757875623433575 0.15703141467839293 0.29728957277902146 0.0036902122340736945 0.0014876708073831028 0.06591380745886408 0.7806685471597221 0.01685817326870599 0.08317246560452601 0.5067447426370497 0.027035597869813226 -0.04752087605318808 0.012688427979114894 -0.0015007281591885883
-0.0009087148754628054 -0.009743040513203014 -0.001843902890045471 0.036719261246573945 0.03395080491410448 0.0004800543297956183 -0.009752535951147678 -0.057591996805842524 0.15702791090178042 0.29691832657529516 0.004009789405592146 0.0015429752424026078 0.06602215250971474 0.7809359902911444 0.016880376588029482 0.08308001961315412 0.5065636211533453 0.026926187969837687 -0.04739590060474692 0.012809943759076889 -0.0012722884035571206
-0.0009086931913937232 -0.009742808021395887 -0.0029027849648800242 0.03520562243464357 0.034165508207835565 9.972617194115677e-05 -0.00975230323275712 -0.057326079618583325 0.1576589099400862 0.2972191450074971 0.004354174146122062 0.0017198355057388517 0.06573462514371418 0.7806759349047953 0.01723829791833831 0.08306085740810623 0.5067411543160099 0.02663124507831632 -0.047487091692569254 0.012866659296276697 -0.0012750714038666986
-0.0009087119675275661 -0.009743009334962608 -0.0010314294047650858 0.03809285691290049 0.03325341184379601 0.00026166526357393005 -0.009752504742521375 -0.05779028584556623 0.15652509085220512 0.2968616472717527 0.004263886134538655 0.001549250797275024 0.06618625833116097 0.7810399036945016 0.016420005664669973 0.08305288195827483 0.5065060972875206 0.026913504464007688 -0.047393987732139764 0.013130189753177871 -0.0010974796396568604
-0.0009085150867657378 -0.009740898422848636 -0.020649203556885293 0.04269417616547943 0.031756963144216485 0.0003038576574658043 -0.009750391773140476 -0.05268063782314775 0.15897707225667637 0.2962352827661288 0.004478780338551121 0.0007529515997670288 0.06452132484866559 0.7805919293992392 0.01705989148871045 0.08343838361663906 0.5067996313926039 0.02669748369969991 -0.047537141552312465 0.012914928658972721 -0.0012446601056699622
-0.0009086976024102201 -0.009742855315342091 -0.0026802911754307637 0.03786217821222586 0.03339817007769474 0.0002850621693638542 -0.00975235057279538 -0.05728616393286112 0.15705260718055117 0.297170846516922 0.003970760300692348 0.001466964895478552 0.06585812237994072 0.7807045089378571 0.016888801191910625 0.08316365079180583 0.5067426932194539 0.026804458267391588 -0.04754432085740506 0.013065988917179867 -0.0010828779757350727
-0.0009086951640541755 -0.009742829171826266 -0.0028730443692808016 0.03430964634303943 0.03257290141137412 0.00040760919269082897 -0.009752324403800434 -0.057280684156829936 0.15784541385667186 0.2977903711800632 0.003752264770377234 0.0014477131897592053 0.06574504764238973 0.7804796816583877 0.017877302660079017 0.08317036370226592 0.5068065947422817 0.026387730244239953 -0.04752789563234884 0.012298758980600018 -0.0019483920411423347
-0.0009086969383986439 -0.009742848195956397 -0.0016958761168295114 0.03693915231352763 0.0347063463424226 0.0011296153852075282 -0.00975234344647122 -0.05757426956418962 0.1570937579187206 0.2969833385285121 0.0037664676414642137 0.0014875210758944811 0.06591170834375445 0.7807455427268828 0.016765704328061452 0.08316578585498961 0.5067147048036796 0.027158603127383496 -0.04752829709281543 0.012788316424293018 -0.0013256819899203417
-0.0009087032854238996 -0.0097429162473616 -0.0018622543335685337 0.03713519328142315 0.03280002269064168 0.0003401317326038358 -0.009752411564198425 -0.057684530606329186 0.15667676010291326 0.29678866588607544 0.004264130341954444 0.002003953497563022 0.0662125979636787 0.7812195847530303 0.017235512254197144 0.08275787213437295 0.506388085816189 0.026672890841081546 -0.047242548440389845 0.012722547383936795 -0.0013173178289115114
-0.0009086951640541755 -0.009742829171826266 -0.0028730443692808016 0.03430964634303943 0.03257290141137412 0.00040760919269082897 -0.009752324403800434 -0.057280684156829936 0.15784541385667186 0.2977903711800632 0.003752264770377234 0.0014477131897592053 0.06574504764238973 0.7804796816583877 0.017877302660079017 0.08317036370226592 0.5068065947422817 0.026387730244239953 -0.04752789563234884 0.012298758980600018 -0.0019483920411423347
-0.000908697105656829 -0.00974284998926177 -0.0016539577049245369 0.03744799979211534 0.03388258814904915 0.0015099768743240954 -0.009752345241524334 -0.05752489246033633 0.15709280776571488 0.29734276247172425 0.0039628976646037765 0.0014532848734078562 0.06582147090354327 0.7805313961934625 0.016858214536757593 0.0832304292399424 0.5068560624228281 0.026816267181868445 -0.04762380050245541 0.013089953982551463 -0.0010782596155606936
-0.0009087106887838349 -0.009742995624554301 -0.0015956563647180001 0.03740265927283632 0.03349623344848437 0.00042740409510040443 -0.009752491018751086 -0.05759736574518241 0.15697571469845192 0.2972136289627678 0.004115592238163952 0.0014966231687867245 0.06592716346167554 0.7807097172331927 0.016882167717311505 0.0831681371886122 0.5067369587365651 0.026611017766426256 -0.04751626289722022 0.01287812793729331 -0.0011695868766721598
-0.0009087067506176337 -0.0097429534004047 -0.001714002861934097 0.04025738687770432 0.03359176218524498 0.0002592777441334782 -0.009752448753450386 -0.05762606250038581 0.15609697915365373 0.2961579311445482 0.004820527485349549 0.0015334472094525858 0.06626838503357194 0.7813582246923931 0.017369313671226166 0.08302448014172316 0.5063434489372268 0.02719739473351153 -0.0472964065391217 0.012858605958402082 -0.0015228732194548112
-0.0009087035728960281 -0.00974291932957437 -0.0016955728442668312 0.03751673712955379 0.033398214410375666 0.00020979884989212 -0.009752414649415076 -0.057577932085861136 0.15695091791512747 0.29719721512544617 0.004498821164646415 0.0014938313875756128 0.06594447092755007 0.7807181874130503 0.017083534808297766 0.08315748307632131 0.5067247726922792 0.026695531546575533 -0.0475246049002401 0.01290235497340134 -0.0012366728519909475
-0.0009087036200570299 -0.009742919835224234 -0.001442024881749542 0.03717451262903169 0.03353365506940602 0.00016845635450303355 -0.009752415155557742 -0.057640581697164045 0.15699502357306624 0.2972270703181997 0.0044166920217423725 0.0015065642461010126 0.06594261951573921 0.7807019312106335 0.017059534006806345 0.08315732237933766 0.5067309476710584 0.02672577797464406 -0.04752325075833678 0.012817173331969923 -0.0012795952825174833
-0.0009087000554457056 -0.009742881616247652 -0.0017379544555520838 0.0376738069365054 0.03371215536687272 0.0005835999250035117 -0.00975237689933345 -0.05755525170743684 0.1569518969715984 0.29712430746053503 0.005116051140549271 0.0014816729490218653 0.06592419850677378 0.780711768600067 0.01690852919618157 0.08317131316285939 0.5067469288170634 0.026781768469168177 -0.04753555338615811 0.012663037736898855 -0.0015170508153012066
-0.0009087024681675227 -0.00974290748491894 -0.001686319985066473 0.03732930355133299 0.03373150330324831 0.0003102418991316427 -0.009752402793216004 -0.057584490183006716 0.15698663682199276 0.2971187459149932 0.004264080052653497 0.0014948447031125653 0.06594343269898811 0.7807380844480811 0.01730873063784431 0.08315493986392931 0.5067195068688751 0.026747428097975767 -0.04751974342216168 0.012637065323977199 -0.001196559910019921
-0.0009087106555351187 -0.009742995268068898 -0.0016686167722564402 0.03729421403253539 0.033436828545282536 0.0003025913587814525 -0.009752490661918257 -0.05757858074437281 0.1570167645766534 0.2972485717232413 0.004157835276872001 0.0014922602459954393 0.06591337281997638 0.7806934428291307 0.016865180066426597 0.08317220262139069 0.5067435545202977 0.0266182480210588 -0.04751869589105405 0.012875142647372818 -0.0011685070324551174
-0.0009087025809424296 -0.00974290869406663 -0.0016746236824414253 0.03716505767908912 0.033602905600691846 0.0002918947018478208 -0.009752404003542114 -0.05756969542135028 0.15706806201932294 0.29724232185476457 0.0045227135963978255 0.0014860763424934195 0.06589480187309756 0.780656790091145 0.017430992775951358 0.08317922095961262 0.5067726264864149 0.026546484467761814 -0.04754158646048683 0.012653712619329328 -0.0014987474717118852
-0.0009087022881324658 -0.009742905554622766 -0.0016900497116263255 0.037112720272578184 0.03360378137793556 0.0004617723192073372 -0.009752400861038586 -0.05756536637368904 0.15708412312969874 0.2972484871558459 0.004703334899064857 0.0014851808983750469 0.06589000196697524 0.780652495151496 0.017387425135132 0.08318034367459012 0.5067754174280285 0.026558108079749416 -0.04754084022230771 0.012609769500180244 -0.001556423178044252
-0.000908701889889713 -0.009742901284751786 -0.0016716617909796685 0.03718431934514772 0.0334730752727291 0.0004981373892795386 -0.00975239658700625 -0.05757106186357569 0.1570609457275025 0.29725191663785144 0.005640315511458401 0.0014870853796389823 0.06589764625311975 0.7806507909921702 0.017651093644326182 0.08317746819859168 0.5067849033142633 0.02616107781127521 -0.047539555515453275 0.012666172239202179 -0.0019215896046148242
-0.0009086993699046788 -0.009742874266027938 -0.0014823566683304893 0.03634618468262631 0.035065547552622985 0.000510488286836638 -0.00975236954195031 -0.05760955791061898 0.1572408645789056 0.29700655140983323 0.005483393706214011 0.0015035833718370058 0.0658587468764982 0.7806752568873455 0.01779595970395347 0.08318054659902518 0.5067892858214386 0.026072235653071443 -0.04754434776737066 0.012676664715548923 -0.0020100507932760735
-0.0009087022767980645 -0.009742905433097814 -0.0017311819157796871 0.03749068507793319 0.033600639337600297 0.00035296922094127836 -0.009752400739395197 -0.057555232269178004 0.1569955706073931 0.2972319704274693 0.004052283879848261 0.0014842391562106512 0.06591014984894591 0.7806697811440368 0.016543604594388073 0.0831752120235726 0.5067579010379462 0.027204761408458115 -0.047532358307702575 0.012598859150661716 -0.0016718609090308305
-0.0009087138118496857 -0.00974302910937769 -0.0017755993548376342 0.03684829919301299 0.033673873544912365 0.000430421061574774 -0.009752524536208331 -0.05761525525177888 0.1569020150155529 0.29679835563482526 0.00434253277708477 0.001543872613936282 0.06610822106590314 0.7810678536591394 0.016998024060800136 0.08304063659337672 0.5064766514539795 0.026695390905047946 -0.04736041305633413 0.012970405792815979 -0.001163782703113674
-0.0009087021903274761 -0.009742904505979233 -0.001792512229139439 0.03728580366963499 0.03400744378688818 0.00038568360443546923 -0.009752399811373061 -0.05753843468065442 0.1570570998413875 0.29712255211087574 0.0045485603924655255 0.0014821797827904162 0.06589278213697652 0.7806926834934806 0.01723274403517669 0.08317840162533573 0.5067589662151868 0.026636890549007135 -0.047538246715014984 0.01272562231394695 -0.0014836842057099344
-0.0009087019767843458 -0.009742902216416882 -0.0015564593492243541 0.037227998429914436 0.03376464217678724 0.000423870706877854 -0.009752397519579334 -0.05759995812515511 0.157029337654286 0.29718876592949456 0.004611077649372289 0.0014933437414698962 0.06591061804598258 0.78067939448693 0.017372684173160242 0.08317377545761725 0.5067616864924656 0.026580712662195197 -0.047536665127605 0.012641237015667064 -0.0015002392336292637
-0.0009087100460220454 -0.009742988733004134 -0.0015317806734554 0.03720425576038019 0.033490819428104925 0.0002442533527567238 -0.009752484120484505 -0.057619938027801014 0.15701286206132195 0.29724355569389865 0.004441085979944622 0.0015026455992421827 0.06592206708582085 0.7806904829799075 0.01706446550844727 0.0831685864639337 0.5067497132470258 0.02645657559529546 -0.04752463667430548 0.01286346708805558 -0.0011358160785233896
-0.0009087100448007713 -0.009742988719909904 -0.0016830314607727383 0.03726136738624769 0.03382407441264204 0.0004938247695503392 -0.009752484107377508 -0.057572250505761605 0.15704279918532346 0.29718476412904715 0.004793718799495829 0.0014825476261709348 0.06589747921354255 0.7806902661975701 0.016474348255879 0.08318389100922133 0.5067548100999926 0.026746476974693442 -0.04752775397463138 0.012868058714124539 -0.0012639945153840977
-0.0009087017699521048 -0.009742899998807201 -0.0015651466975905772 0.03731471849103013 0.033550914376106376 0.00041102146399590015 -0.009752395299808396 -0.05759675841879373 0.15700959907223405 0.2972177055958172 0.004613575545452009 0.0014936720189935632 0.0659145407884215 0.7806724468079015 0.01769580896574865 0.08317219073673257 0.5067700903569547 0.026374159130392268 -0.04753463254901211 0.01257692399285294 -0.00173115505285275
-0.0009087032759944759 -0.009742916146261401 -0.0017382656273971552 0.03706854327913258 0.03362192735089279 0.0005889350801329802 -0.009752411462999693 -0.05756885091521255 0.15706629849663545 0.29721140239089106 0.004434889486703588 0.0014961051620651783 0.06591716251139966 0.7807009279046326 0.017072988482162915 0.08316091041366024 0.5067303749626354 0.02666940775899287 -0.0475265237715189 0.012938487200893762 -0.0011839605717776933
-0.0009087017699521048 -0.009742899998807201 -0.0015651466975905772 0.03731471849103013 0.033550914376106376 0.00041102146399590015 -0.009752395299808396 -0.05759675841879373 0.15700959907223405 0.2972177055958172 0.004613575545452009 0.0014936720189935632 0.0659145407884215 0.7806724468079015 0.01769580896574865 0.08317219073673257 0.5067700903569547 0.026374159130392268 -0.04753463254901211 0.01257692399285294 -0.00173115505285275
-0.0009086980294601627 -0.00974285989407742 -0.001957662140553294 0.03714147720782318 0.034014801736760435 0.00023198075246462954 -0.009752355155993079 -0.05748488411617332 0.1571671934084557 0.2972634223890521 0.003966255180513611 0.001459857491715771 0.06582941882439504 0.7805659098478479 0.01775683410355219 0.0832099852973746 0.5068505447165077 0.026516776292078312 -0.04758771283784933 0.012450717376276893 -0.0017981280688353677
-0.0009087032759944762 -0.009742916146261403 -0.0017382656273971556 0.03706854327913259 0.0336219273508928 0.0005889350801329803 -0.009752411462999695 -0.05756885091521256 0.15706629849663548 0.2972114023908911 0.004434889486703589 0.0014961051620651787 0.06591716251139967 0.7807009279046329 0.017072988482162918 0.08316091041366025 0.5067303749626355 0.026669407758992878 -0.04752652377151891 0.012938487200893765 -0.0011839605717776935
-0.0009087019898584539 -0.009742902356594587 -0.0014397552916120282 0.037515796680891424 0.0337477761183824 0.0004995625767601792 -0.009752397659893648 -0.057630001613235116 0.15693348199435517 0.29713414195025095 0.0050577856035528175 0.0015008370449291323 0.06594101672671873 0.7806979027383868 0.017939598456501102 0.08316424585342268 0.5067708561740926 0.02604841170904993 -0.04753107923218202 0.012647572971153204 -0.0021598849566457304
-0.0009086991947475284 -0.009742872388031594 -0.0018980034057378193 0.03761730058169582 0.034007491502070206 0.0007680540614860027 -0.0097523676621237 -0.05750743168876903 0.15699908470578705 0.29703852065600517 0.006471147866004466 0.0014545925758895938 0.06590068689338964 0.7807070011293779 0.01727666681833171 0.08318791015829899 0.5067737013665168 0.026366845169915058 -0.047546377020173204 0.012564371584314026 -0.00182679969955697
-0.0009086922921019888 -0.009742798379388228 -0.001367098866439928 0.039649984887210526 0.03399155811234229 -0.0011769117386351772 -0.009752293581352486 -0.057685467903767114 0.15627997154451076 0.2965356803524612 0.004987454933938026 0.001556983618311378 0.06617410942636828 0.7810285838084231 0.018331011841447805 0.0830521184898719 0.5066170811064067 0.02605097723470552 -0.04747166282039807 0.012344423211982942 -0.0016692749731246636
-0.0009087020866706577 -0.009742903394593687 -0.001659367969422624 0.037201662013130236 0.03366703752601129 0.0005530293606282927 -0.009752398698904373 -0.057573718386411614 0.15705519531370216 0.2972014692371616 0.005244500292564711 0.0014868295243476522 0.06589918961996027 0.7806617538881162 0.0179675314902958 0.08317756433746844 0.5067853016938777 0.026009443708014095 -0.047539415314479076 0.012672131795148677 -0.0019807904860740452
-0.0009087010549840205 -0.00974289233307706 -0.001722975393728937 0.037320872596148934 0.03363363262030365 0.0004498325719737272 -0.009752387626607335 -0.05755515488166388 0.1570411229701621 0.29719134825166094 0.004960459481846457 0.0014822530942170727 0.06589659970758326 0.780664381814736 0.01811444022890563 0.08317957235414379 0.5067873867929832 0.025927351221106582 -0.047537383866786465 0.012701408400180907 -0.0022058854061143794
-0.0009087134868888882 -0.009743025625219677 -0.0015497300275825168 0.03722028404051605 0.03359542212607776 9.275105048700376e-05 -0.009752521048654705 -0.0576769030892434 0.15680453002093248 0.29683309717311607 0.004164329455035394 0.0015584193919600156 0.06611779070685755 0.7810346774868272 0.016942832191606538 0.08304704621262791 0.5065055829957775 0.026797863087419962 -0.047379363346694306 0.012887092672223476 -0.0011254869004523604
-0.0009087018758212639 -0.00974290113391298 -0.0016495944802922401 0.03732126809317522 0.0336766270627917 0.0005270223506199329 -0.009752396436020435 -0.05757540817088282 0.1570231630001785 0.29719141002401345 0.005199074848847376 0.0014883246298127391 0.06590737009161342 0.7806694607788992 0.017976361415050497 0.08317487421403401 0.5067793504051868 0.025878853638480248 -0.047538483902796344 0.012914818847399305 -0.0021085405434299494
-0.0009087017111107675 -0.009742899367923358 -0.0017980147808168542 0.037133648247657344 0.03385409572779175 0.0004184646771293537 -0.009752394668309704 -0.057537325366055006 0.15709984864519436 0.2971693794933942 0.00500759886704354 0.001477067032326787 0.06587988475871533 0.7806610280348267 0.018007383948791027 0.08318478192930932 0.5067891334211195 0.026043874248501193 -0.04754058423741419 0.01262813585423289 -0.0020152918706550288
-0.0009087018493331268 -0.009742900849913015 -0.0016124776484791978 0.037380837121616835 0.03365872462447785 0.0005279490377639078 -0.009752396151743687 -0.057584849160284585 0.15700091205458594 0.2971847131730654 0.00520215607860964 0.0014909866731774397 0.06591484346131202 0.7806753872055382 0.017976848878777537 0.08317235759312744 0.5067764228165803 0.025877615246516793 -0.047537283526490344 0.012915686584526548 -0.0021090284723468506
-0.0009087083392194685 -0.009742970433043273 -0.0015501521310892462 0.037015359994568814 0.03382048788258455 0.00038072925880404217 -0.009752465802688742 -0.05770712727799845 0.15681357043678934 0.2968153329594065 0.004055281403385273 0.0016738605651669622 0.06612396808224709 0.7810480608370413 0.01688650569554603 0.08298428138105342 0.5065118249446231 0.02662039106381067 -0.0473707481986117 0.012852021170254012 -0.001181859167874439
-0.0009086997716551006 -0.00974287857350737 -0.0013223356415769838 0.03741525423827779 0.034622726104962476 -4.3503483968974414e-05 -0.009752373853627757 -0.05765864651320304 0.15693614428455677 0.29694568234979096 0.005134058136724219 0.0015053960894422034 0.0659464787178127 0.7807493114140026 0.01718526479204356 0.0831625642108362 0.5067438272000789 0.02664100194959471 -0.0475372932410844 0.012604903605390039 -0.0015565980429624942
-0.0009087008183371747 -0.009742889795801764 -0.0016700421429305442 0.037787640366180916 0.03353390671026176 5.982866337899696e-05 -0.009752385086859244 -0.05756850281012758 0.1569114479647729 0.297147241701455 0.004167757293419147 0.0014856552812344832 0.06593273164658303 0.7807002066112293 0.017961383523534685 0.08316955918904394 0.5067670954439193 0.02627985181831709 -0.047533218394834355 0.012498165087749603 -0.0019155219184750607
-0.000908708786368425 -0.009742975227275784 -0.0016684705830874924 0.037448941889284056 0.033446061265080776 0.0004944886160804139 -0.009752470601593649 -0.0575719727221076 0.15699661083189329 0.2972692695659301 0.004097559227855359 0.0014698386826990587 0.06590811460260058 0.7806796493504419 0.016577830697745932 0.08318825879642769 0.5067484043785041 0.026553030081762425 -0.047541060925369645 0.013235034641934828 -0.0007601359940246219
-0.0009087020391303328 -0.009742902884876807 -0.0016450144412140833 0.03723149467867387 0.03354042840480744 0.0005366651467233031 -0.009752398188690725 -0.05757773065664375 0.15704453522616746 0.2972286121750903 0.00518187931452314 0.0014880876746393849 0.06590293816045292 0.7806562803646107 0.018038770628295835 0.08317618018399944 0.506786715388405 0.02596216675539399 -0.04753949247130982 0.01268721689684303 -0.0020073843229150416
-0.0009086979357408121 -0.009742858889239207 -0.0017943641446932933 0.03753273309519249 0.034380426590750975 0.0006208756551900658 -0.009752354150175568 -0.057537034618206966 0.15699351360584973 0.29696852763691384 0.0054535984848068835 0.001464938510170777 0.06591214285537195 0.7807288980226393 0.017691960353324404 0.0831801018024366 0.506766095345154 0.026148159048896585 -0.04754751433303458 0.012690741968013512 -0.0019415051769569956
-0.0009087020240949492 -0.009742902723670739 -0.001690502812031442 0.03719504314026191 0.033659552719812476 0.0006218590649478616 -0.009752398027327549 -0.05756607921389648 0.15706217012065998 0.2972047890077209 0.0051373573307216735 0.0014854254208602404 0.06589634047177176 0.7806592123128459 0.018054773522709972 0.08317820661115281 0.5067871438659968 0.025957460444268245 -0.04753996677825679 0.012688376998544266 -0.00200765024173619
-0.0009087020147446771 -0.009742902623419182 -0.0016207454108756569 0.03717785617526277 0.03375127345048471 0.0005013838150076922 -0.009752397926978289 -0.05758390830777526 0.15705348887488732 0.2971849657837359 0.005149420927068592 0.0014896455022064617 0.06590189899834342 0.7806657333814849 0.01805585416441949 0.08317612190303715 0.5067845059056773 0.025955866966684765 -0.04753898646452471 0.012689291665699919 -0.002008072861804525
-0.0009087084542258148 -0.009742971666115959 -0.0015534536871133439 0.037517582859846375 0.033832910477529766 0.00032924765358071257 -0.009752467036963164 -0.057472675332548705 0.15712909184099966 0.2973487375306417 0.004237023092297483 0.0010640993378932982 0.0658144801914272 0.7805075811645146 0.016772513179755325 0.0834303891641634 0.5068645829757867 0.02661319044891218 -0.04766202009398847 0.012945078046742428 -0.0012560600216438768
-0.0009087003394611853 -0.009742884661399002 -0.0013670039805276726 0.03745659006663791 0.03391989229418701 0.0007169627184917173 -0.009752379947452565 -0.057643243170203765 0.1569398706531048 0.2971015373278179 0.00580205572645194 0.0015048935370994738 0.06593902469300134 0.7807021975292373 0.0177173226011844 0.08316420583317097 0.506771033655409 0.026027882728851003 -0.04754062541066162 0.012754135167944141 -0.001977357221629579
-0.0009086891693637315 -0.009742764898077226 -0.00203442605647084 0.03669512994857223 0.03314635807303753 0.00038698779978708886 -0.009752260067411046 -0.057895899652552985 0.15639398072811847 0.2961746620187925 0.00492984590950309 0.0022138310014041484 0.06655632141849668 0.7817135042796431 0.01766083831620473 0.08250407801166368 0.5060708026047005 0.026330063596596356 -0.0470583798744996 0.01250791557986266 -0.0018850361749730012
-0.0009087009227555846 -0.00974289091535293 -0.001840641246545795 0.03673324649929191 0.03332064073289776 0.00044863473516007957 -0.00975238620750151 -0.05752700567829077 0.15720707061693714 0.29738709176333034 0.00494281224255671 0.001471132002324499 0.06585350985519889 0.780585825232013 0.01791733851936995 0.08319260281881943 0.5068105256641469 0.02608240993614795 -0.0475528214570543 0.012714576714414044 -0.0019417388134050698
-0.0009086876086869604 -0.009742748164845034 -0.002189381562480785 0.03664788375089685 0.03380407579918666 0.00046828627236654213 -0.009752243317870867 -0.05785825373795907 0.15642168840539125 0.2960123040103407 0.0048694423698265425 0.002221438953454634 0.06654700534094987 0.7817528194769847 0.01760694048662254 0.082497072059099 0.5060631256410475 0.026368867940171903 -0.04705843185746117 0.01249278835754523 -0.0018928130661937715
-0.0009086958105898308 -0.009742836103839003 -0.0019834507314712637 0.03660529973348312 0.033626099272975454 0.000778287854982382 -0.009752331342569013 -0.05748236115401627 0.15728172250465808 0.29730965364120315 0.006010718277175703 0.0014609157737046426 0.06581644667920321 0.7805836625091829 0.017975526796822707 0.08320595111479494 0.5068185549140347 0.02607645069761805 -0.047567835994868364 0.012702445689873682 -0.0016724703005275732
-0.0009086984955288664 -0.009742864891163286 -0.0018372878197547462 0.037286715950827005 0.03399851007517468 0.000367932321897637 -0.009752360157949037 -0.05751503573656748 0.15710535456762903 0.29720677805225215 0.004510463176949683 0.0014654027005094473 0.06585287091740682 0.7806039295730367 0.017920798761187087 0.08320266182742514 0.5068320542208442 0.026202627062099745 -0.0475786239120476 0.01262592028716912 -0.0019024907958401247
-0.0009087131491284599 -0.009743022003826854 -0.0018885847262033971 0.03735105943328004 0.033432709237191896 0.00029171271016778397 -0.009752517423732513 -0.057588867191033774 0.15683897641815445 0.2968646837723317 0.004271061226416792 0.001529203824144118 0.06609080498480034 0.7810167692879252 0.016681074025439405 0.08306231051886433 0.5065146222375944 0.026932475310178162 -0.04738373065117793 0.012901892881475533 -0.0012577652347962088
-0.0009086988217845987 -0.009742868389205302 -0.0015568233093608392 0.037309035078441986 0.03352078585030142 0.00053588205579402 -0.009752363659400205 -0.05759394635126327 0.15701836717162268 0.2972582378262959 0.005092812234527068 0.0014858014636197068 0.06590713501751255 0.7806326916179845 0.018028509300112388 0.08317902853976544 0.50680479340005 0.025990575656610313 -0.04755964005765311 0.012684506415717386 -0.002009289314410762
-0.0009086972946814964 -0.009742852015942586 -0.0018726400441986726 0.036710668515918914 0.03411065972138174 0.0005083264639302613 -0.009752347270180315 -0.057522110075845984 0.1572166095261765 0.29720126450911133 0.005249678365051601 0.0014777049504737197 0.06585107908203644 0.780621078080474 0.017939027067973054 0.08318822973249314 0.5068120784967374 0.02596160225499258 -0.047561377580203755 0.012773195089882785 -0.0021279735485832444
-0.0009086870177942988 -0.009742741829424221 -0.0017491602142889289 0.03736605684125697 0.03381865957848739 0.0005143513104860747 -0.009752236976275643 -0.05766556326866304 0.1571637536118098 0.2974652451233549 0.00494766111405753 0.0014731402484805618 0.06578895634618803 0.7803904698846812 0.017456612644637697 0.08327166523908355 0.5069684748870301 0.02640677309003891 -0.047682942613060546 0.012650607286047846 -0.0018670843237348757
-0.0009086887960620936 -0.009742760895619382 -0.0019978578261953183 0.036468576492629655 0.03332092535828627 0.000515576273096851 -0.00975225606105246 -0.0579083872410403 0.15644153033479655 0.2961676118798657 0.0051079485153539056 0.0022171539163643927 0.0665479351390467 0.7817025555021142 0.017919133975214784 0.08250515874237678 0.506081791304692 0.026039833486483966 -0.04706103885223508 0.012615191880875797 -0.0021463102198526897
-0.0009087098741926171 -0.009742986890686901 -0.0017805421790691937 0.03709341376971858 0.03363521443200384 0.0004279126837331156 -0.009752482276371766 -0.05771897149799806 0.15691763870929287 0.29702796681274896 0.00452292382638603 0.0015001391811039206 0.06606433625646951 0.7808623128194755 0.016935225976544777 0.08311953658303832 0.5066236300394384 0.026344645844911297 -0.047464165090066825 0.013153940760819164 -0.0014375049740849766
-0.0009087023225890808 -0.009742905924058992 -0.0016294660188139536 0.03740355563636276 0.033633925722537455 0.00034381359277806876 -0.00975240123083486 -0.05760039215895509 0.1569524180541796 0.2971336562034327 0.004508038687732811 0.001508446596258821 0.06595641978747399 0.7807466811268197 0.017143321573753544 0.08314547437272146 0.5067109793628797 0.02661225116530216 -0.04752003607765353 0.012915640300684062 -0.0011564314098226666
-0.0009087115629426019 -0.009743004997091857 -0.001817275277376138 0.03681452675527459 0.03344452924824133 0.0003433509996561514 -0.009752500400422979 -0.0576029768462455 0.15696567611686005 0.296957186940804 0.00434619115016947 0.0015439180936004685 0.06605777804920447 0.7809651884216787 0.0170019215682551 0.08306456422119883 0.5065413696061039 0.02669888615620615 -0.04739712472293015 0.012912601629434183 -0.0012021185793026157
-0.000908705076338446 -0.009742935449152458 -0.001877985786086573 0.03680102537190399 0.03352514764863332 0.0004899991965900568 -0.009752430784703087 -0.057534720014529556 0.15720151620317163 0.2973685074512817 0.004465909679212804 0.0014838842361371842 0.06584394503329638 0.780586400980167 0.01707170940673411 0.08319626700191772 0.5068096741787238 0.026584154927641497 -0.04756255289700345 0.012819127886981328 -0.001216238181215403
-0.0009086862236939587 -0.00974273331525548 -0.0016819433601710757 0.037330816444326086 0.03383324302840117 0.0005537096190848456 -0.009752228453809107 -0.0576807802253148 0.1571646145864054 0.2974783238766346 0.005175259641893454 0.0014757778109371722 0.06578835401838398 0.7803733274086458 0.017641683070049853 0.0832727644236197 0.5069867448445821 0.026242609397126714 -0.047694195171453006 0.012598862910975516 -0.0019259639751949933
-0.0009087011576724087 -0.009742893434079311 -0.001923378794886535 0.03742797819086659 0.03399324922591199 0.00015417598964431297 -0.009752388728682613 -0.057523205698757636 0.15699866993054873 0.297039712338112 0.004353896510307101 0.0014942853168777384 0.06593072050748087 0.780764225814539 0.017110399491239447 0.08315202180476367 0.5067102977120947 0.02660970972909218 -0.04752198560755363 0.01295659325834649 -0.0012109237675660951
-0.0009087023052272111 -0.00974290573790885 -0.0016803501866077624 0.03729272379442567 0.033584489516141854 0.0003371715506956199 -0.0097524010445033 -0.05758241432154361 0.15699471259412015 0.2971855517762754 0.004143954337071228 0.0015052729537301933 0.06594018067134373 0.7807241289242166 0.016892966582041778 0.08314989771145097 0.5067172459313688 0.026869048054407808 -0.04751543434347054 0.012818275355617291 -0.0013730235002751914
-0.0009087023028450855 -0.009742905712368225 -0.0017053791450943824 0.037241584623415536 0.03361588485963404 0.0003547515703110082 -0.009752401018937783 -0.05757597409214006 0.15701253793001196 0.297187211195478 0.004133635311646199 0.0015036236751728293 0.06593439591028587 0.7807203253223919 0.016895248515666605 0.08315168896975934 0.5067193187756522 0.026869201577528038 -0.04751631169636119 0.012817837852034712 -0.0013727483545841776
-0.0009087005217279137 -0.009742886615622668 -0.002449560089086529 0.037927227176770044 0.03337847430577023 0.0004550520797341428 -0.009752381903580793 -0.057382586827936476 0.15697166891644734 0.2970984550512288 0.004585512439657773 0.001461327584399983 0.06591126194658319 0.7807528931436741 0.01715613513175631 0.08316117496776869 0.5067178719177672 0.026594808229835638 -0.047527311079642996 0.012917850455096424 -0.0011515784415441683
